Pedestrian -1 -1 0.4064 479.8485 781.6443 579.4276 984.2698 1.6871 0.6624 0.6532 -3.8523 3.1278 13.3807 0.1092 0.5535
Pedestrian -1 -1 -1.4225 1683.5260 789.2996 1755.9290 954.6677 1.6058 0.5652 0.6658 8.0282 3.3935 15.8253 -0.9067 0.5481
Pedestrian -1 -1 -2.8458 526.8929 760.2654 599.0302 944.7757 1.8291 0.6542 0.5681 -4.1604 3.2759 15.6493 -3.1163 0.5063
Pedestrian -1 -1 1.6143 1433.8713 864.8104 1469.9308 955.4421 1.6898 0.6580 0.6987 10.0737 6.6864 30.6979 1.9549 0.4115
Pedestrian -1 -1 0.3933 339.2321 750.0992 454.2554 970.9910 1.7555 0.6550 0.7186 -4.7396 2.8371 12.5887 0.0063 0.3812
Pedestrian -1 -1 -1.2884 139.9800 873.7834 206.5303 1006.8426 1.6961 0.6639 0.6939 -11.0568 5.2592 21.0005 -1.7820 0.3802
Pedestrian -1 -1 -1.4355 1143.7087 748.2715 1223.4745 956.1131 1.6931 0.6005 0.5693 1.9338 2.7935 12.9757 -1.2610 0.2627
Cyclist -1 -1 -1.4517 891.7067 706.7474 1023.8408 981.6841 1.6327 0.6881 1.7795 0.0128 2.2504 10.3593 -1.4418 0.5871
Cyclist -1 -1 -1.4950 1081.5378 722.1872 1264.4032 1115.5305 1.6613 0.7288 1.8378 1.1504 2.2315 7.7833 -1.3109 0.3068
Cyclist -1 -1 -1.7279 1256.7152 764.2880 1332.8079 919.6990 1.7835 0.7378 1.9906 4.4388 3.7451 20.0216 -1.4839 0.2661
Car -1 -1 1.5660 1462.1500 810.7024 1601.9148 956.6749 1.4095 1.7868 4.0837 8.5724 4.4623 22.3416 1.9635 0.5834
Car -1 -1 -1.6587 1353.6918 762.6837 1587.4229 1001.1300 1.5452 1.8617 4.1933 4.8202 3.0979 14.5832 -1.2998 0.3739
