Pedestrian -1 -1 -1.6387 1637.4030 798.4327 1701.0851 963.7198 1.6345 0.6047 0.6911 7.6349 3.5591 16.1472 -1.1532 0.5558
Pedestrian -1 -1 0.2645 131.6267 816.2447 213.5552 970.6129 1.6319 0.6541 0.6950 -9.0606 3.8840 17.2011 -0.2389 0.5241
Pedestrian -1 -1 1.4574 1409.9169 858.8415 1444.6758 946.4273 1.6858 0.6375 0.6141 9.6913 6.6105 31.1130 1.7823 0.4337
Pedestrian -1 -1 -1.5114 1075.5538 873.5010 1156.2465 1082.1486 1.6330 0.6453 0.5712 1.3352 3.8266 12.8554 -1.3856 0.3930
Pedestrian -1 -1 3.4987 315.3629 805.5822 412.4887 1015.8546 1.6832 0.6126 0.6080 -5.1193 3.2736 12.8422 3.0939 0.3906
Pedestrian -1 -1 0.4605 427.2052 807.4468 516.2582 1005.2410 1.6599 0.6069 0.5583 -4.4135 3.3497 13.5066 0.1261 0.3558
Pedestrian -1 -1 0.4182 496.7523 764.1019 570.6710 930.4025 1.6628 0.5883 0.5658 -4.5194 3.1668 15.8295 0.1281 0.3421
Pedestrian -1 -1 -1.4433 1006.5320 769.4493 1062.1466 916.7772 1.6509 0.5869 0.5399 0.8691 3.3937 17.7086 -1.3792 0.2234
Pedestrian -1 -1 -1.4143 1051.2399 785.5897 1176.0698 1115.4028 1.5687 0.5524 0.5703 0.8037 2.4455 7.8078 -1.2832 0.2166
Cyclist -1 -1 -1.3629 1188.6637 785.3412 1274.4475 930.8273 1.6866 0.7368 1.9612 3.7610 4.0186 20.6902 -1.1600 0.4401
Cyclist -1 -1 -0.7303 1004.7922 708.7344 1186.3110 887.4584 1.7275 0.7476 1.9298 1.4642 2.6804 16.1324 -0.6212 0.3734
Car -1 -1 1.4117 1424.2766 818.1247 1596.9486 966.5097 1.4829 1.9527 4.1051 8.2947 4.7317 22.9288 1.7884 0.6825
Car -1 -1 -1.5777 1285.6337 756.1849 1518.9924 995.2860 1.5970 1.9443 4.5165 4.5147 3.1401 15.1276 -1.2512 0.5992
Car -1 -1 1.9294 482.8577 788.1987 607.1697 866.3491 1.4595 1.7955 3.9360 -10.6422 5.8883 38.5135 1.6650 0.2261
