Pedestrian -1 -1 -1.7806 1617.4780 803.5836 1687.4740 967.0679 1.6376 0.5944 0.6028 7.4582 3.6120 16.1551 -1.3049 0.6377
Pedestrian -1 -1 -2.6968 417.3807 864.2226 519.2070 1052.7563 1.5573 0.6453 0.6733 -4.4797 3.7940 13.6185 -3.0312 0.5220
Pedestrian -1 -1 -2.7187 468.0166 803.3801 547.3966 984.6199 1.7928 0.6676 0.5885 -4.8085 3.7318 15.8801 -3.0239 0.4561
Pedestrian -1 -1 3.3997 100.7651 808.8271 194.4732 968.5734 1.6812 0.6664 0.8087 -9.3145 3.8421 17.1442 2.8827 0.4542
Pedestrian -1 -1 1.4099 1390.6326 862.1185 1426.9077 950.0263 1.7088 0.6479 0.6376 9.3915 6.7475 31.3999 1.7230 0.3367
Pedestrian -1 -1 0.5415 278.3097 819.7880 397.0336 1038.1685 1.7272 0.6441 0.7161 -5.3428 3.4477 12.8389 0.1214 0.3312
Pedestrian -1 -1 -1.4620 1075.9006 845.3051 1157.7253 1054.5894 1.6623 0.6393 0.5172 1.3456 3.6103 12.8908 -1.3358 0.2403
Cyclist -1 -1 -0.4507 804.6465 842.3207 933.1974 954.7712 1.9974 0.7917 2.5932 -1.9199 6.6863 31.2815 -0.5005 0.3229
Cyclist -1 -1 -1.4946 1181.5804 769.2427 1249.2225 916.5864 1.7299 0.7292 1.9553 3.5254 3.8218 20.6331 -1.3028 0.3163
Cyclist -1 -1 -1.0883 997.8363 706.7532 1154.0591 892.8342 1.7674 0.8081 2.0398 1.2772 2.7143 16.2242 -0.9923 0.2699
Cyclist -1 -1 0.6465 284.2621 845.0606 421.0330 1053.9839 1.6057 0.6669 0.8574 -5.2043 3.5545 12.8128 0.2360 0.1313
Cyclist -1 -1 3.3864 99.5109 810.3848 198.2702 971.1976 1.6859 0.6815 0.8642 -9.2998 3.8677 17.1464 2.8702 0.1250
Car -1 -1 1.5182 1423.7968 814.6813 1569.6475 962.9667 1.4571 1.9345 4.3521 8.2059 4.6929 23.1285 1.8885 0.6925
Car -1 -1 -1.5345 1206.9464 751.8907 1446.8563 995.8187 1.6382 1.9981 4.5207 3.8301 3.1263 15.0640 -1.2523 0.4843
Car -1 -1 0.9876 1790.9031 702.8617 1936.0000 1216.0000 1.7143 1.9603 4.3752 5.5432 2.1905 6.7853 1.7923 0.3051
