Pedestrian -1 -1 0.3298 245.9956 797.1251 365.3315 1005.1679 1.6810 0.6394 0.7987 -5.7037 3.2248 13.0434 -0.1098 0.2894
Pedestrian -1 -1 -1.8117 1571.8315 826.5753 1644.0714 987.9120 1.6279 0.6124 0.6385 7.0844 3.8908 16.4038 -1.3631 0.2748
Pedestrian -1 -1 1.6873 952.3796 905.8403 1012.3420 1056.0223 1.5949 0.6276 0.6357 0.2534 4.9665 17.5875 1.7157 0.2184
Cyclist -1 -1 -1.4248 655.3860 900.5555 745.0822 1094.7992 1.6951 0.7119 1.9562 -2.9091 4.9802 16.8356 -1.5945 0.2713
Cyclist -1 -1 -1.2815 1163.6614 733.9142 1353.0009 1038.3940 1.6697 0.6688 1.8016 1.9902 2.4549 9.8251 -1.0423 0.2306
Cyclist -1 -1 -1.1377 839.5753 883.1168 1094.5739 1216.0000 1.7122 0.8059 1.9353 0.0947 3.4829 9.2088 -1.1149 0.2220
Cyclist -1 -1 -2.8051 841.3671 728.4510 1235.1014 1108.0153 1.6858 0.7503 1.8959 0.3951 2.2724 7.7527 -2.7362 0.1754
Cyclist -1 -1 -2.1206 1106.6569 753.5538 1292.7168 988.7051 1.6695 0.6744 1.9694 1.9904 2.8599 12.7958 -1.9388 0.1543
Cyclist -1 -1 0.2203 252.8820 798.1453 383.4808 1009.0833 1.6838 0.6703 0.9359 -5.5987 3.2464 13.0627 -0.2113 0.1020
Car -1 -1 1.3727 1361.9136 822.9985 1533.8770 961.6741 1.4047 1.8815 4.0837 7.5074 4.7965 23.4517 1.7102 0.5004
Car -1 -1 -1.0095 1640.1331 669.9520 1936.0000 1095.5754 1.4923 1.8536 4.1199 5.5384 1.7390 6.8575 -0.2080 0.2058
Car -1 -1 1.6756 1084.9529 795.8852 1172.4104 876.0675 1.4076 1.7017 3.8535 4.2088 5.8932 37.1594 1.8047 0.1896
