Pedestrian -1 -1 -1.7536 1660.2585 805.0342 1730.9316 967.4791 1.5877 0.5907 0.6522 7.8032 3.5527 15.9109 -1.2526 0.5176
Pedestrian -1 -1 3.2934 154.6695 816.9764 240.2171 970.9371 1.6136 0.6397 0.7973 -8.7679 3.8774 17.1906 2.8036 0.5124
Pedestrian -1 -1 0.3611 461.2608 794.8308 556.4427 981.8375 1.5614 0.6484 0.6377 -4.0573 3.1277 13.4437 0.0502 0.4905
Pedestrian -1 -1 0.2895 504.4471 774.0168 574.0956 944.2451 1.6964 0.6154 0.5584 -4.4379 3.2979 15.7522 0.0034 0.3821
Pedestrian -1 -1 -1.4835 1110.8083 868.7625 1191.7068 1082.4713 1.6577 0.6231 0.6127 1.6346 3.8087 12.8190 -1.3320 0.3737
Pedestrian -1 -1 1.4000 1429.5143 856.0103 1466.5699 941.7424 1.6395 0.6454 0.5992 10.0308 6.4580 30.8301 1.7380 0.3243
Pedestrian -1 -1 0.4381 339.3111 768.8507 453.1504 974.5030 1.6484 0.6243 0.7200 -4.8174 2.9103 12.7794 0.0517 0.3071
Pedestrian -1 -1 -1.3670 1086.2213 772.9927 1229.5565 1099.9312 1.5018 0.5616 0.8202 1.0379 2.3214 7.7920 -1.2001 0.2731
Cyclist -1 -1 -1.4540 1204.6763 777.7625 1280.9171 923.9046 1.6852 0.7569 1.9763 3.8825 3.8902 20.5140 -1.2434 0.3431
Cyclist -1 -1 -1.1910 1058.3156 768.3143 1259.7841 1104.4602 1.4902 0.5812 1.3054 1.0777 2.3198 7.9424 -1.0216 0.2342
Cyclist -1 -1 3.2711 149.9743 818.7374 241.3214 973.4523 1.6097 0.6664 0.8654 -8.7856 3.8979 17.1883 2.7805 0.1540
Car -1 -1 1.4562 1458.1763 814.1461 1614.5872 958.6249 1.4102 1.8474 3.9787 8.5163 4.5241 22.4397 1.8497 0.6736
Car -1 -1 -1.5936 1272.6511 753.1100 1521.7725 1008.8481 1.7238 2.0573 4.5467 4.3905 3.2251 15.0365 -1.2735 0.4908
Car -1 -1 2.3507 0.0000 839.9554 46.9567 1022.5197 1.5060 1.8233 4.0409 -14.2202 4.6101 19.4617 1.7034 0.2980
Car -1 -1 2.2307 43.0748 738.0462 311.6430 864.4836 1.6949 1.9467 4.3897 -13.7374 3.8799 26.5482 1.7451 0.2552
