Pedestrian -1 -1 3.4725 98.2783 785.9692 184.0069 943.6503 1.6846 0.6609 0.6938 -9.4018 3.5753 17.1641 2.9510 0.4358
Pedestrian -1 -1 -1.8300 1600.8105 811.6765 1674.7762 976.5302 1.6545 0.6119 0.6141 7.3179 3.7228 16.1963 -1.3632 0.4179
Pedestrian -1 -1 3.3544 411.2529 883.5046 507.0596 1080.3822 1.6213 0.6403 0.7161 -4.5650 4.0411 13.6306 3.0152 0.3540
Pedestrian -1 -1 0.4293 274.4821 850.3975 400.5036 1060.7515 1.6757 0.6617 0.8133 -5.3949 3.6815 12.9668 0.0108 0.3181
Pedestrian -1 -1 -1.5319 1013.1123 762.7025 1121.3032 1087.9012 1.5750 0.5305 0.5322 0.5604 2.3208 7.7950 -1.4379 0.3091
Pedestrian -1 -1 -1.5877 980.7027 830.3245 1033.3984 974.8121 1.5980 0.6125 0.5762 0.5403 4.0674 17.6797 -1.5429 0.2883
Pedestrian -1 -1 1.4836 1385.9524 845.5917 1420.2623 931.8838 1.6894 0.6558 0.6638 9.3611 6.4260 31.6996 1.7932 0.2513
Pedestrian -1 -1 -0.0679 464.9817 803.7983 562.7231 967.2979 1.5749 0.7111 0.9488 -4.7948 3.5502 16.0089 -0.3704 0.2215
Cyclist -1 -1 -2.0224 1156.7579 730.2524 1315.5499 958.1769 1.6853 0.6450 1.8519 2.3343 2.6655 12.9367 -1.8139 0.5239
Cyclist -1 -1 -1.6210 899.7816 773.8898 974.8302 956.2800 1.7579 0.7730 1.8885 -0.2948 3.5432 16.9548 -1.6283 0.4123
Cyclist -1 -1 -0.3890 789.5265 837.7177 918.6801 946.8349 1.9595 0.7663 2.5976 -2.2343 6.5446 31.3103 -0.4492 0.2704
Cyclist -1 -1 0.4609 277.9673 852.9501 422.9583 1063.8761 1.6701 0.6900 0.9660 -5.2976 3.7102 13.0084 0.0507 0.1644
Cyclist -1 -1 -0.0679 464.9817 803.7983 562.7231 967.2979 1.5749 0.7111 0.9488 -4.7948 3.5502 16.0089 -0.3704 0.1097
Car -1 -1 1.4818 1411.0553 807.5502 1553.9261 948.3870 1.4391 1.8309 4.0010 7.9436 4.5246 23.0894 1.8422 0.4521
Car -1 -1 -1.6134 1251.2307 754.4607 1473.6271 984.7078 1.6484 1.9531 4.3588 4.1684 3.2132 15.7080 -1.3208 0.2821
