Pedestrian -1 -1 -2.8477 569.7900 777.6071 680.4139 992.7767 1.7271 0.6297 0.7810 -2.8714 3.0708 12.8212 -3.0808 0.5004
Pedestrian -1 -1 1.3964 1537.1643 864.0578 1581.7051 961.1371 1.7405 0.7170 0.6692 11.6857 6.4805 29.2306 1.8025 0.4993
Pedestrian -1 -1 -1.1893 581.7986 742.2924 660.5005 925.1076 1.7633 0.6354 0.5031 -3.4290 2.9719 15.1002 -1.4221 0.4837
Pedestrian -1 -1 0.1476 447.5849 746.5482 535.8912 987.7030 1.8365 0.6638 0.6065 -3.8045 2.8561 12.1531 -0.1790 0.4165
Pedestrian -1 -1 -0.2095 1.8600 833.1190 104.7221 1009.4478 1.7300 0.7087 0.8301 -10.0168 4.1031 16.5000 -0.7763 0.4107
Pedestrian -1 -1 -1.7548 1770.9227 789.3350 1845.9067 959.0411 1.6060 0.5809 0.7385 8.7557 3.3573 15.4764 -1.1906 0.3731
Pedestrian -1 -1 -1.3908 205.8158 867.4525 272.3861 1008.3730 1.7836 0.7276 0.6960 -10.0624 5.2369 20.8571 -1.8485 0.3412
Pedestrian -1 -1 -1.5622 1386.4833 903.9673 1528.0443 1216.0000 1.7757 0.6686 0.6853 2.6563 3.3483 7.9822 -1.1770 0.2499
Pedestrian -1 -1 -1.4179 705.4978 739.9179 777.8132 930.8224 1.8095 0.6323 0.5485 -2.1643 2.9676 14.7824 -1.5664 0.2492
Cyclist -1 -1 -1.2147 955.3657 864.3515 1063.7589 1042.6696 1.7538 0.6797 1.9398 0.6244 4.8782 18.4876 -1.1659 0.2786
Cyclist -1 -1 -1.7830 1363.4707 793.1654 1453.5457 963.1020 1.7339 0.7076 1.9949 5.4501 3.9120 18.3276 -1.4625 0.2651
Cyclist -1 -1 -0.1393 4.9533 833.6201 108.8580 1011.1135 1.7346 0.7382 0.8748 -9.9821 4.1172 16.5065 -0.7042 0.1568
Cyclist -1 -1 0.2094 594.4424 775.5081 710.8320 991.5148 1.7466 0.6331 0.8717 -2.6406 3.0733 12.8548 -0.0042 0.1559
Car -1 -1 1.6152 1555.8751 810.5773 1716.6041 969.2886 1.4917 1.7592 3.8637 9.6016 4.3771 21.1230 2.0766 0.6247
Car -1 -1 -1.5275 1333.7706 767.9637 1604.7473 1032.6012 1.5626 1.9685 4.4389 4.8627 3.1231 13.8833 -1.1480 0.4877
