Pedestrian -1 -1 0.4286 535.5859 783.3879 642.0577 1002.8774 1.7532 0.6638 0.6804 -3.1997 3.1597 12.8859 0.1707 0.5519
Pedestrian -1 -1 1.3815 1514.1066 866.7111 1557.9354 964.8805 1.7922 0.7158 0.6232 11.3462 6.6292 29.5367 1.7735 0.5097
Pedestrian -1 -1 -1.6958 1771.6571 794.4630 1846.3881 968.1619 1.6299 0.6168 0.6664 8.6683 3.4149 15.3103 -1.1311 0.4879
Pedestrian -1 -1 -2.8676 583.1024 753.3749 646.0281 931.8299 1.7250 0.5873 0.4860 -3.5164 3.0562 15.1933 -3.1045 0.4323
Pedestrian -1 -1 0.4535 406.8032 739.1040 515.9060 973.8802 1.8091 0.6397 0.6370 -4.0738 2.7690 12.2175 0.1065 0.4178
Pedestrian -1 -1 -1.5097 1373.2493 904.7363 1511.1270 1216.0000 1.7029 0.6415 0.7299 2.6695 3.3382 8.2729 -1.1368 0.3478
Pedestrian -1 -1 -1.2627 198.4931 867.5742 268.6210 1005.5054 1.7573 0.7022 0.7083 -10.1489 5.2104 20.8757 -1.7235 0.3435
Pedestrian -1 -1 -0.1631 0.0000 818.8045 73.8562 987.7037 1.6768 0.6594 0.7485 -10.2851 3.8781 16.4815 -0.7435 0.3368
Pedestrian -1 -1 3.1657 505.3447 780.1970 572.0275 927.1896 1.4561 0.6414 0.6755 -4.5293 3.1642 16.0509 2.8792 0.2416
Cyclist -1 -1 -1.4121 985.7786 721.9230 1134.1451 1010.8829 1.6447 0.6903 1.7658 0.7037 2.3599 10.0839 -1.3231 0.2641
Cyclist -1 -1 -0.1113 0.0000 818.5151 88.4085 990.3610 1.6860 0.6945 0.9252 -10.2238 3.8951 16.5005 -0.6883 0.1150
Cyclist -1 -1 0.3815 534.5038 781.5059 657.2188 996.9149 1.7213 0.6636 0.8454 -3.1384 3.1113 12.8903 0.1284 0.1053
Car -1 -1 -1.5815 1339.2339 765.5181 1606.8966 1027.5134 1.5269 1.9678 4.3268 4.7155 3.0320 13.6340 -1.2056 0.6491
Car -1 -1 1.4693 1540.6707 805.8260 1691.3278 955.6046 1.4291 1.7064 3.8374 9.2724 4.2738 21.4200 1.9118 0.5623
Car -1 -1 1.4245 1521.8744 827.3097 1608.9366 906.7698 1.6163 1.8680 4.0159 17.5915 7.8265 43.7029 1.8284 0.2852
Car -1 -1 -1.6912 984.0688 771.0652 1176.2883 956.8571 1.4845 1.7621 3.8744 1.2292 3.3384 17.0028 -1.6020 0.2501
