Pedestrian -1 -1 -2.8217 552.5267 749.7155 623.2321 939.1211 1.8473 0.6492 0.5326 -3.8320 3.1592 15.3766 -3.0761 0.6002
Pedestrian -1 -1 0.5099 508.0300 786.2634 610.7933 998.7330 1.7148 0.6525 0.6322 -3.4990 3.1653 13.0524 0.2322 0.5159
Pedestrian -1 -1 -1.5042 1732.7716 794.7148 1808.4817 965.4263 1.6115 0.6153 0.6776 8.3771 3.4202 15.4739 -0.9597 0.5003
Pedestrian -1 -1 1.4297 1491.9182 865.3691 1532.7589 960.8409 1.7544 0.6953 0.6378 10.9922 6.6164 29.8447 1.8073 0.4808
Pedestrian -1 -1 -1.3018 175.6072 878.3201 244.4518 1017.4753 1.7640 0.7004 0.7091 -10.4886 5.3763 20.8984 -1.7752 0.4443
Pedestrian -1 -1 3.4836 397.4397 756.9467 514.2776 982.1754 1.7633 0.6710 0.7484 -4.1920 2.8919 12.4426 3.1344 0.3272
Pedestrian -1 -1 -1.3316 616.6154 788.4181 708.5464 997.1127 1.7062 0.6531 0.6808 -2.6118 3.1800 13.1273 -1.5375 0.3199
Pedestrian -1 -1 -1.3916 705.1115 754.8023 768.4678 921.9058 1.7848 0.6137 0.5335 -2.4980 3.2575 16.6774 -1.5413 0.2567
Cyclist -1 -1 -1.4193 948.8152 721.2288 1088.8118 1005.9420 1.6564 0.6672 1.8026 0.4341 2.3808 10.2945 -1.3620 0.2833
Cyclist -1 -1 -2.0914 1274.6371 779.3992 1399.5341 938.8240 1.7400 0.7242 1.9645 4.8345 3.8499 19.3811 -1.8191 0.2773
Cyclist -1 -1 -1.3299 1303.1207 761.1703 1520.5359 1120.1287 1.7027 0.7047 1.8452 2.6879 2.5908 8.7851 -0.9754 0.2555
Cyclist -1 -1 0.4401 508.2798 784.6365 632.0557 995.5989 1.7069 0.6689 0.8493 -3.4177 3.1500 13.1090 0.1699 0.1159
Car -1 -1 -1.5665 1339.6448 757.4129 1603.0310 1018.0840 1.5766 1.9782 4.3729 4.8231 3.0190 13.8803 -1.1896 0.5423
Car -1 -1 1.6569 1489.8140 804.1250 1653.7601 955.4813 1.4424 1.7175 4.1746 8.9765 4.3236 21.7996 2.0803 0.4425
Car -1 -1 1.3555 1482.2183 837.3414 1580.4337 917.1537 1.6126 1.9397 4.1105 16.7215 8.1820 44.0555 1.7388 0.4159
