Pedestrian -1 -1 3.2386 381.3085 764.4367 465.5114 990.0595 1.7535 0.6469 0.6173 -4.4865 2.9571 12.5051 2.8688 0.4984
Pedestrian -1 -1 0.4491 499.2744 794.9509 609.6605 991.4276 1.5980 0.6328 0.7418 -3.5772 3.1397 13.1843 0.1682 0.4852
Pedestrian -1 -1 -1.2780 1717.0829 803.8798 1799.1826 969.4471 1.5744 0.5750 0.6362 8.2969 3.4891 15.5706 -0.7409 0.4790
Pedestrian -1 -1 1.4257 1470.7701 867.9541 1509.2048 958.1791 1.6752 0.6606 0.6221 10.6593 6.6386 30.1635 1.7896 0.4416
Pedestrian -1 -1 -1.3530 162.7066 873.8287 225.6681 1008.8226 1.7188 0.6585 0.6850 -10.7601 5.2829 20.9945 -1.8353 0.4040
Pedestrian -1 -1 -2.7818 551.4375 763.7706 626.3350 947.8856 1.8155 0.6419 0.5736 -3.8831 3.2988 15.6232 -3.0348 0.3444
Cyclist -1 -1 -1.4496 913.5595 708.0402 1048.2650 986.8731 1.6535 0.6948 1.8251 0.1748 2.2843 10.3914 -1.4216 0.5420
Cyclist -1 -1 0.4741 486.0296 793.7957 609.1121 989.6130 1.5840 0.6580 0.8423 -3.6396 3.1195 13.1931 0.1885 0.1357
Car -1 -1 -1.5829 1321.8606 759.9340 1566.8344 1010.0092 1.5914 1.9467 4.4958 4.7603 3.1305 14.6006 -1.2284 0.5329
Car -1 -1 1.7813 1467.0691 808.9473 1658.9583 952.7281 1.3878 1.6982 3.9353 8.8736 4.3378 21.8786 2.1991 0.4304
