Pedestrian -1 -1 -3.0271 785.2900 750.1344 846.7761 956.7318 1.8144 0.6230 0.4975 -1.3372 2.9993 13.8331 -3.1227 0.5672
Pedestrian -1 -1 0.2390 830.5961 775.2299 925.0800 1012.2501 1.6657 0.6115 0.5840 -0.6235 2.8387 11.3143 0.1868 0.5608
Pedestrian -1 -1 0.3624 715.5458 754.2302 844.8867 1012.1064 1.6897 0.6339 0.7341 -1.2722 2.6394 10.5877 0.2355 0.5572
Pedestrian -1 -1 0.3241 831.3120 759.6427 900.7359 949.8990 1.7310 0.6156 0.4988 -0.9170 3.0684 14.4816 0.2654 0.3397
Pedestrian -1 -1 0.2530 257.0732 774.4918 334.8095 940.7283 1.7276 0.6279 0.6591 -7.3643 3.4225 16.5743 -0.1836 0.3284
Pedestrian -1 -1 -1.4249 661.6746 737.7808 771.7297 1039.7494 1.7628 0.6008 0.5999 -1.5048 2.4860 9.2711 -1.6032 0.2117
Pedestrian -1 -1 -1.5118 1678.8082 804.0472 1775.8702 1045.4725 1.6584 0.5822 0.6382 5.8094 3.0674 11.3344 -0.9769 0.1943
Pedestrian -1 -1 -1.5460 1366.6135 930.6198 1419.5347 1069.5439 1.6420 0.6417 0.6102 5.7206 5.7705 19.8011 -1.2366 0.1896
Pedestrian -1 -1 -1.8755 1771.4562 800.6352 1883.6792 1056.5273 1.6877 0.5803 0.5521 6.1777 2.9844 10.6869 -1.2833 0.1849
Cyclist -1 -1 -0.9964 1637.6477 937.2681 1852.8724 1180.0396 1.6624 0.7245 1.7858 6.7259 4.4910 12.8198 -0.4614 0.1931
Cyclist -1 -1 0.4320 704.5985 751.0078 850.0073 1008.7941 1.6785 0.6504 0.8280 -1.2944 2.6087 10.5959 0.3028 0.1247
Car -1 -1 -1.7263 1464.9445 772.8298 1878.9713 1170.8976 1.4123 1.8247 4.0636 4.0679 2.5391 9.1727 -1.2385 0.7098
Car -1 -1 1.8513 493.9273 750.7240 645.5087 852.0443 1.5201 1.8268 4.1218 -7.6749 4.1952 29.7065 1.6000 0.1988
Car -1 -1 2.2668 71.4024 746.7680 391.9045 903.4879 1.6608 1.9165 4.2344 -10.3818 3.6137 21.6816 1.8082 0.1819
