Pedestrian -1 -1 -2.7581 564.1826 778.8818 693.6021 1026.7532 1.7603 0.6714 0.7818 -2.5432 2.9842 11.4957 -2.9917 0.5177
Pedestrian -1 -1 3.2817 676.1235 797.4772 770.1838 1028.8215 1.7553 0.6458 0.6759 -1.9276 3.1981 12.1712 3.1175 0.5155
Pedestrian -1 -1 -0.2725 127.8877 832.9944 222.0087 1003.1613 1.6872 0.6483 0.7681 -8.7019 4.0601 16.5519 -0.7756 0.3827
Pedestrian -1 -1 -1.5258 1145.6096 890.7625 1212.3079 1084.0613 1.5467 0.5441 0.5263 1.9184 3.9404 13.1489 -1.3548 0.2879
Pedestrian -1 -1 -3.2874 1900.3667 819.0640 1936.0000 911.1616 1.3077 0.6572 0.7665 15.3472 4.4406 23.6640 -2.6753 0.2351
Cyclist -1 -1 -0.7754 1271.1252 890.1700 1475.0900 1091.0579 1.7457 0.7492 2.1703 4.4206 4.7329 16.0120 -0.4739 0.2837
Cyclist -1 -1 -2.6669 562.7911 778.5568 710.3799 1027.6758 1.7564 0.6757 0.9053 -2.4910 2.9854 11.5224 -2.8951 0.1483
Cyclist -1 -1 -0.1763 126.0336 833.5558 230.6971 1006.5690 1.6956 0.6951 0.9087 -8.6650 4.0827 16.5524 -0.6775 0.1229
Cyclist -1 -1 0.1878 646.3414 783.1171 759.2661 1009.5586 1.7248 0.6799 0.8001 -2.0983 3.0534 12.2141 0.0087 0.1015
Car -1 -1 1.4905 1716.6223 800.4897 1899.1963 984.1539 1.6210 1.9232 4.2428 11.1696 4.2397 19.9753 2.0397 0.7458
Car -1 -1 -1.6905 1295.2098 753.4728 1730.4840 1177.1033 1.5593 1.9875 4.5212 3.2385 2.5803 9.4313 -1.3012 0.4877
Car -1 -1 1.4295 1903.5651 819.3597 1936.0000 912.8010 1.5662 1.8447 4.1441 24.4657 6.6404 36.7571 2.0434 0.2997
