Pedestrian -1 -1 0.3494 593.5363 768.4124 724.9548 1025.1714 1.7918 0.6611 0.7951 -2.2588 2.9074 11.2440 0.1364 0.5367
Pedestrian -1 -1 3.2814 708.0190 795.4464 805.5441 1031.7493 1.7609 0.6483 0.6900 -1.6216 3.1591 11.9362 3.1412 0.4859
Pedestrian -1 -1 -0.0285 552.7706 768.8503 625.4698 923.8219 1.5028 0.6719 0.7155 -3.9147 3.0556 15.7091 -0.2828 0.2351
Pedestrian -1 -1 -1.5921 833.1266 809.6472 900.2126 1002.3430 1.6600 0.6055 0.5953 -0.8786 3.4068 13.8188 -1.6507 0.1931
Cyclist -1 -1 -0.6302 1170.7107 839.4641 1369.1107 1022.8733 1.7624 0.8149 2.1209 3.5112 4.3148 17.0014 -0.3995 0.2710
Cyclist -1 -1 -0.6839 1414.5743 907.3807 1656.3085 1136.7488 1.7283 0.7384 1.9769 5.1478 4.3821 13.4263 -0.2743 0.1876
Cyclist -1 -1 0.3906 587.7433 766.3339 730.0007 1022.2054 1.7793 0.6636 0.8653 -2.2625 2.8813 11.2479 0.1773 0.1665
Car -1 -1 -1.6494 1768.0521 813.2509 1936.0000 990.1244 1.4838 1.8406 4.1062 11.6084 4.2309 19.5672 -1.0732 0.6819
Car -1 -1 -1.6990 1321.6569 750.2559 1781.5369 1198.9210 1.5742 1.9781 4.4981 3.3104 2.5367 9.0453 -1.2848 0.5704
Car -1 -1 1.3823 1721.0150 840.6414 1865.1519 960.4043 1.4209 1.7129 3.7074 14.9798 5.6252 27.1077 1.9179 0.2375
Car -1 -1 1.3139 1804.1074 825.8889 1923.4889 910.0413 1.4959 1.8016 3.9804 23.5224 7.0453 39.1196 1.8803 0.1851
