Pedestrian -1 -1 -2.8354 607.5317 803.0806 712.8829 1018.3558 1.6638 0.6290 0.7093 -2.5028 3.1923 12.4807 -3.0441 0.5599
Pedestrian -1 -1 -1.5356 631.5091 745.9167 701.3600 932.2708 1.7470 0.6615 0.5456 -2.9031 2.9679 14.7636 -1.7373 0.5301
Pedestrian -1 -1 0.2658 501.6962 751.7485 612.4006 996.5180 1.8215 0.6801 0.7009 -3.1859 2.8547 11.8338 -0.0175 0.4409
Pedestrian -1 -1 -1.6376 1871.7773 806.5284 1936.0000 987.5709 1.6264 0.6142 0.7119 9.3899 3.4839 14.8297 -1.0205 0.4374
Pedestrian -1 -1 -1.6788 1561.0341 729.0659 1651.4501 955.6449 1.8028 0.6690 0.7093 5.4889 2.7227 12.7582 -1.2206 0.3628
Pedestrian -1 -1 1.3864 1616.7007 891.8035 1659.3268 992.4915 1.7619 0.6547 0.6012 12.9097 6.9227 28.5398 1.8379 0.3207
Pedestrian -1 -1 -0.4016 44.4587 860.2518 163.3821 1037.7137 1.6964 0.7012 0.9271 -9.4056 4.3716 16.4177 -0.9412 0.3035
Pedestrian -1 -1 -1.3868 988.7153 789.0158 1063.3864 970.5237 1.7119 0.6502 0.5932 0.6607 3.4127 15.1324 -1.3280 0.2781
Cyclist -1 -1 -1.1877 1167.8953 885.9204 1303.7433 1085.3250 1.6666 0.7589 1.8451 2.9689 4.6359 16.0346 -0.9784 0.4500
Cyclist -1 -1 -2.1334 1168.1404 828.0089 1297.9478 996.9013 1.6347 0.6375 1.9102 3.2192 4.2026 17.9006 -1.9309 0.3399
Cyclist -1 -1 -0.4166 39.5250 856.8423 171.1890 1037.3638 1.7151 0.7359 1.0476 -9.4304 4.3726 16.4935 -0.9553 0.1335
Cyclist -1 -1 -2.8130 603.6959 801.1004 722.7969 1018.2249 1.6691 0.6410 0.8133 -2.4725 3.1806 12.4607 -3.0195 0.1153
Car -1 -1 1.4391 1637.3324 807.0259 1822.4357 977.2739 1.5354 1.8581 4.0260 10.3664 4.2939 20.4362 1.9458 0.7372
Car -1 -1 -1.7831 1199.5938 746.8287 1654.6714 1141.2666 1.6095 2.0332 4.5192 2.7293 2.6095 9.9109 -1.4661 0.5778
Car -1 -1 -1.8658 1573.3438 834.7537 1685.8689 915.5798 1.5846 1.8988 4.0353 18.9288 7.8530 42.5350 -1.4251 0.2577
