Pedestrian -1 -1 3.0409 721.9406 781.4792 822.2491 1018.9837 1.7328 0.6637 0.7225 -1.5073 3.0163 11.8521 2.9096 0.5563
Pedestrian -1 -1 3.3241 616.0898 778.4797 732.9562 1030.8890 1.7644 0.6659 0.7583 -2.1357 2.9503 11.2076 3.1224 0.5022
Pedestrian -1 -1 3.1842 697.4887 819.5914 755.6645 1010.6730 1.6792 0.6103 0.5200 -2.2148 3.5653 14.1541 3.0258 0.3551
Pedestrian -1 -1 0.0735 169.0533 793.0739 255.5170 948.0029 1.5721 0.6315 0.8262 -8.3085 3.4917 16.6154 -0.4105 0.3550
Pedestrian -1 -1 3.0682 811.9320 767.4118 856.9213 903.2086 1.7322 0.6765 0.5625 -1.7215 3.6973 20.2437 2.9895 0.2866
Pedestrian -1 -1 2.7931 554.9315 776.9982 631.8791 934.1780 1.4945 0.6179 0.5933 -3.8050 3.1098 15.4592 2.5417 0.1824
Cyclist -1 -1 0.1432 623.4019 781.9445 756.8848 1028.9131 1.7181 0.6802 0.9039 -2.0187 2.9346 11.2235 -0.0470 0.1710
Cyclist -1 -1 0.0196 175.0721 792.9313 264.6557 950.4789 1.5919 0.6426 0.8767 -8.2351 3.5139 16.6225 -0.4604 0.1294
Car -1 -1 -1.7637 1358.9279 744.7997 1858.4193 1208.4836 1.6278 2.0271 4.5991 3.4852 2.5483 9.0057 -1.3285 0.6078
Car -1 -1 1.1760 2.3225 756.5532 256.9935 899.5709 1.5717 1.7759 4.1311 -12.2834 3.6815 22.0047 0.6534 0.2789
Car -1 -1 -1.7591 1869.7657 790.3253 1936.0000 976.9857 1.5747 1.8231 3.7656 12.4573 3.8433 18.4159 -1.1194 0.2471
Car -1 -1 1.3275 1740.3463 815.2561 1895.3458 929.6537 1.3905 1.6693 3.7358 15.3452 5.0829 26.9747 1.8765 0.1870
