Pedestrian -1 -1 1.0180 756.0850 770.2415 891.0002 1043.6503 1.7023 0.6302 0.7406 -0.9545 2.7518 10.3128 0.9220 0.5738
Pedestrian -1 -1 0.2539 871.3919 781.1263 968.9922 1029.6478 1.6916 0.6191 0.5781 -0.2948 2.8802 11.0096 0.2335 0.4794
Pedestrian -1 -1 -2.9679 794.6438 757.5549 865.7352 961.7476 1.7514 0.6333 0.5420 -1.1858 2.9886 13.6072 -3.0533 0.3951
Pedestrian -1 -1 0.3000 278.9060 846.4366 360.8173 1022.7318 1.7872 0.6704 0.6671 -7.0534 4.2821 16.4690 -0.1194 0.3596
Pedestrian -1 -1 3.4123 398.3538 785.3849 475.4701 953.5228 1.6235 0.6421 0.6092 -5.4060 3.3178 15.4433 3.0594 0.3171
Pedestrian -1 -1 0.2701 862.8439 762.3832 931.0266 956.2839 1.7290 0.5986 0.5013 -0.6047 3.0647 14.1796 0.2339 0.2587
Pedestrian -1 -1 3.2944 688.4991 768.5469 773.0500 938.3541 1.5774 0.7002 0.7327 -2.2770 3.0364 14.8373 3.1386 0.2082
Cyclist -1 -1 0.7797 744.2914 765.8154 895.6772 1040.2363 1.7035 0.6795 0.7908 -0.9745 2.7245 10.3228 0.6816 0.1494
Car -1 -1 -1.5484 1453.4420 772.9402 1882.0886 1197.2307 1.4518 1.8758 4.3961 4.5086 2.5891 9.1273 -1.0150 0.4787
Car -1 -1 1.0562 0.0000 751.2307 277.2758 895.2103 1.4555 1.7594 4.3563 -11.4237 3.3204 20.2225 0.5251 0.4024
Car -1 -1 -1.4990 535.7740 749.4717 646.1835 850.4233 1.5056 1.8261 3.9781 -7.2588 4.1498 29.6303 -1.7374 0.2873
Car -1 -1 0.5214 176.9942 837.6430 455.6811 962.1013 1.5361 1.7478 3.5672 -9.9291 4.9837 23.1684 0.1110 0.2290
