Pedestrian -1 -1 0.3101 787.2563 780.8434 886.6721 1022.6566 1.7237 0.6463 0.5950 -0.9506 2.9664 11.5349 0.2279 0.5583
Pedestrian -1 -1 -1.7541 1869.9781 793.9263 1936.0000 995.1475 1.6302 0.6097 0.6977 8.4847 3.1850 13.3100 -1.1283 0.4564
Pedestrian -1 -1 2.7138 690.8713 787.4523 807.9446 1054.5558 1.7417 0.6260 0.6240 -1.5210 2.9530 10.7108 2.5640 0.4113
Pedestrian -1 -1 0.0668 755.2050 785.7056 813.1324 974.7088 1.6559 0.5818 0.4980 -1.6428 3.1855 13.9216 -0.0515 0.3402
Pedestrian -1 -1 0.4245 188.5758 782.6736 269.0833 943.7135 1.6583 0.6074 0.5995 -7.9954 3.4160 16.3421 -0.0512 0.3159
Pedestrian -1 -1 0.1882 373.5925 769.4708 440.8049 931.8930 1.6102 0.5854 0.5732 -5.8354 3.1677 15.7707 -0.1834 0.2990
Pedestrian -1 -1 0.3604 261.9911 778.7508 344.0727 940.2797 1.7194 0.6175 0.6799 -7.4222 3.4905 16.8834 -0.0712 0.2904
Cyclist -1 -1 -0.5930 1539.1844 802.3864 1778.1873 1020.0750 1.7433 0.7840 1.7687 6.1557 3.3734 13.2503 -0.1073 0.2086
Car -1 -1 -1.7152 1409.7224 762.6210 1823.6273 1173.5566 1.4684 1.8111 4.0752 3.7023 2.5058 9.0472 -1.2587 0.7209
Car -1 -1 1.1150 0.0000 732.6813 224.8824 885.0474 1.5952 1.7746 4.3113 -12.0689 3.1902 20.2343 0.5592 0.2647
Car -1 -1 0.6370 108.9519 831.5782 394.6926 952.4185 1.4499 1.7239 3.7061 -10.9693 4.8245 23.2229 0.1887 0.2558
Car -1 -1 -1.3381 714.6921 775.9307 913.6257 936.3232 1.4861 1.7453 3.6069 -1.7948 3.6350 19.3660 -1.4252 0.2114
Car -1 -1 1.9779 469.0576 751.2820 639.3292 850.5668 1.4676 1.7913 4.0397 -7.9656 4.1536 29.6535 1.7166 0.2099
