Pedestrian -1 -1 0.3941 528.2417 793.9438 663.5744 1029.3195 1.6786 0.6431 0.8403 -2.8178 3.0304 11.5818 0.1377 0.4704
Pedestrian -1 -1 3.2820 645.8879 797.8143 746.0919 1021.3381 1.7008 0.6432 0.7289 -2.1596 3.1548 12.2377 3.0984 0.4696
Pedestrian -1 -1 3.2503 633.3600 764.6627 698.8568 956.8076 1.7593 0.6279 0.5632 -2.8593 3.1485 14.5245 3.0486 0.3383
Pedestrian -1 -1 -0.3683 80.3116 855.2903 195.6153 1034.1262 1.7209 0.7012 0.9141 -9.0514 4.3441 16.4505 -0.8901 0.3212
Pedestrian -1 -1 -1.3437 1024.5033 782.6454 1096.4178 957.1067 1.6502 0.6041 0.5905 1.0123 3.2924 15.1945 -1.2600 0.3106
Pedestrian -1 -1 -1.3750 1413.4154 782.8117 1458.5282 884.6014 1.7027 0.6545 0.5933 8.4908 4.5714 26.7446 -1.0416 0.2303
Pedestrian -1 -1 -1.3270 989.5748 778.3417 1064.1157 971.7742 1.7121 0.5822 0.5520 0.6245 3.1992 14.1427 -1.2677 0.2274
Cyclist -1 -1 -0.9064 1205.2742 868.3468 1383.1721 1062.6262 1.6684 0.6984 2.0691 3.5895 4.4255 16.0277 -0.6570 0.2767
Cyclist -1 -1 -1.6952 1227.6295 799.2482 1301.0339 965.9973 1.6195 0.6564 1.9925 3.5598 3.8013 17.6901 -1.4703 0.2134
Cyclist -1 -1 0.4722 534.1403 793.1839 682.8615 1028.3318 1.6605 0.6409 0.9333 -2.7195 3.0096 11.5725 0.2244 0.1998
Cyclist -1 -1 -0.3872 74.6776 851.9341 206.1306 1034.7474 1.7447 0.7377 1.0696 -9.0655 4.3529 16.5312 -0.9074 0.1481
Car -1 -1 1.4194 1666.4669 813.0436 1861.0219 981.2672 1.4781 1.8592 3.9309 10.6777 4.2876 20.1617 1.9447 0.7613
Car -1 -1 -1.8195 1223.7786 747.9396 1714.7189 1150.5011 1.5623 1.9895 4.5858 2.8821 2.5505 9.6333 -1.4763 0.5945
Car -1 -1 1.2353 0.0000 775.6052 154.3507 917.6221 1.4803 1.7299 4.1997 -13.5947 3.8710 21.7493 0.6622 0.2559
Car -1 -1 -1.6021 1428.7861 774.6983 1560.0167 913.8620 1.6469 1.8913 4.1296 8.8296 4.3605 24.8284 -1.2319 0.2070
