Pedestrian -1 -1 0.2369 782.8887 769.6271 884.0036 1009.9897 1.7386 0.6359 0.6515 -0.9842 2.8983 11.6188 0.1520 0.5857
Pedestrian -1 -1 0.2950 655.5474 765.5378 767.8252 1022.3282 1.7455 0.6447 0.6539 -1.8114 2.8059 10.9169 0.1188 0.5307
Pedestrian -1 -1 0.1070 730.3308 763.3415 795.5768 955.9336 1.7112 0.6215 0.5460 -1.8579 3.0425 14.0625 -0.0268 0.4015
Pedestrian -1 -1 0.2943 193.1557 774.0195 282.6074 930.0024 1.6161 0.6503 0.7464 -8.0264 3.3116 16.6169 -0.1760 0.3418
Pedestrian -1 -1 0.1860 612.7036 751.9061 674.1638 934.6644 1.7916 0.6242 0.5172 -3.2717 3.1288 15.4246 -0.0305 0.3406
Pedestrian -1 -1 -1.7780 1836.4437 789.8477 1929.2081 990.7177 1.6736 0.6227 0.6850 8.3758 3.2234 13.6140 -1.1700 0.2948
Pedestrian -1 -1 3.0392 839.4969 767.7015 882.8529 906.6874 1.7533 0.6431 0.5185 -1.3401 3.6938 19.9621 2.9793 0.2234
Pedestrian -1 -1 3.5777 82.5486 779.3350 163.0560 917.3911 1.6017 0.6651 0.6562 -10.3747 3.5518 18.5213 3.0486 0.2222
Pedestrian -1 -1 -1.6047 701.1364 830.7109 753.4659 959.8705 1.4600 0.6195 0.6876 -2.9088 4.0689 18.5610 -1.7587 0.1974
Cyclist -1 -1 -3.1544 1786.2086 789.6109 1936.0000 930.3026 1.6905 0.6879 1.9373 12.5423 4.0588 20.6879 -2.5695 0.1890
Car -1 -1 -1.7679 1382.5896 768.0541 1844.2581 1186.8425 1.4456 1.8837 4.1889 3.5626 2.5208 8.9701 -1.3225 0.6876
Car -1 -1 1.2031 0.0000 748.6885 176.3246 889.5742 1.4472 1.6877 3.8778 -12.5253 3.2878 20.4057 0.6348 0.3146
