Pedestrian -1 -1 -1.6351 1522.2640 718.8795 1607.8745 945.2452 1.8416 0.6732 0.7558 5.2523 2.6904 13.0333 -1.2027 0.4577
Pedestrian -1 -1 3.4414 468.0123 734.4008 580.1614 979.4765 1.8514 0.6947 0.6968 -3.4830 2.7527 11.9590 3.1355 0.4555
Pedestrian -1 -1 -2.8506 579.3731 749.2493 681.0284 971.6655 1.7685 0.6079 0.6946 -2.7748 2.8413 12.5774 -3.0816 0.4491
Pedestrian -1 -1 -1.3224 605.0901 713.6992 682.9581 899.9316 1.7817 0.6462 0.5440 -3.1451 2.6808 14.8580 -1.5405 0.4356
Pedestrian -1 -1 -1.6644 1817.5729 807.0416 1902.2837 997.4042 1.7366 0.7010 0.7785 9.0751 3.6409 15.1261 -1.0736 0.4042
Pedestrian -1 -1 -0.3256 22.2728 851.2446 136.3176 1024.3816 1.6672 0.7128 0.8929 -9.7063 4.2458 16.4654 -0.8785 0.3918
Pedestrian -1 -1 1.5429 647.6649 718.5589 712.0469 896.3655 1.7592 0.6366 0.5468 -2.9185 2.7502 15.4867 1.3500 0.2431
Pedestrian -1 -1 -1.4051 1061.4097 852.9135 1139.8502 1053.7515 1.6915 0.6224 0.5884 1.2912 3.8519 13.8006 -1.2912 0.2416
Cyclist -1 -1 -1.2541 945.8728 764.9796 1088.2083 973.7891 1.8489 0.8843 2.0535 0.6293 3.4390 15.8577 -1.1997 0.3571
Cyclist -1 -1 -2.6546 579.3299 778.1396 708.3309 995.4056 1.6852 0.5960 0.8865 -2.6615 3.0150 12.5732 -2.8755 0.1580
Cyclist -1 -1 -0.2290 30.0436 852.5162 143.0865 1025.8831 1.6660 0.7347 0.9238 -9.6460 4.2659 16.4955 -0.7781 0.1500
Car -1 -1 1.5405 1596.4855 817.8663 1758.3967 981.5165 1.4979 1.8683 3.8413 9.9788 4.4654 20.8611 2.0224 0.6460
Car -1 -1 -1.4826 1106.3287 725.8869 1552.1819 1166.7451 1.6813 1.9788 4.4910 2.5331 2.4738 9.2811 -1.1652 0.5543
