Pedestrian -1 -1 -0.0008 1077.1301 763.0041 1183.3463 1076.9065 1.7447 0.6657 0.6130 1.0261 2.6114 9.0122 0.1406 0.6599
Pedestrian -1 -1 1.8346 821.6653 794.9277 873.4431 911.9008 1.7232 0.6808 0.5611 -1.7731 4.4185 23.3647 1.7671 0.5974
Pedestrian -1 -1 -3.1669 1013.1612 753.7095 1083.6777 976.3190 1.7731 0.6363 0.5795 0.7328 2.8895 12.6283 -3.0921 0.4793
Pedestrian -1 -1 0.0428 1171.4485 760.7542 1270.9475 1049.1223 1.7073 0.6448 0.5799 1.6767 2.6145 9.6008 0.2516 0.4766
Pedestrian -1 -1 -0.1875 562.3388 773.8884 654.7845 928.9578 1.5527 0.6510 0.8751 -3.8642 3.2311 16.3689 -0.4270 0.4209
Pedestrian -1 -1 0.0490 638.2981 759.7762 694.7198 944.0187 1.7213 0.6152 0.5230 -2.9143 3.0888 14.8185 -0.1523 0.3732
Pedestrian -1 -1 -0.4478 1528.8899 787.8503 1628.9342 999.2173 1.5850 0.6158 0.5468 4.9456 2.9261 11.9994 -0.0042 0.3288
Pedestrian -1 -1 1.1579 853.3659 778.0948 939.5970 956.7037 1.5269 0.6101 0.6052 -0.6056 2.9907 13.8846 1.1203 0.2669
Pedestrian -1 -1 2.8296 1230.5343 781.5257 1311.0371 972.3239 1.5472 0.6024 0.5384 2.6778 2.9397 12.9746 3.0656 0.2521
Pedestrian -1 -1 -3.0760 1122.2013 752.5267 1191.2053 976.1277 1.8116 0.6170 0.5358 1.6896 2.9421 12.8865 -2.9208 0.2155
Cyclist -1 -1 -0.1728 565.5459 772.8699 658.9563 929.5367 1.5707 0.6544 0.8930 -3.8253 3.2382 16.3741 -0.4099 0.1551
Car -1 -1 1.2230 1811.7515 827.9468 1936.0000 972.1830 1.4361 1.8563 3.8948 14.6745 4.8435 22.9762 1.8279 0.5072
Car -1 -1 2.1211 121.8086 748.6173 488.4670 951.0050 1.6517 1.8851 4.3835 -7.3435 3.2738 17.3097 1.7030 0.2516
Car -1 -1 1.3160 1868.5626 809.5583 1936.0000 923.0538 1.5253 1.8261 4.1134 19.4889 5.4644 29.6539 1.9284 0.2190
