Pedestrian -1 -1 0.1853 885.3228 766.7010 984.8609 1015.6030 1.6857 0.6595 0.6125 -0.1825 2.7587 10.9374 0.1760 0.5348
Pedestrian -1 -1 0.2840 778.4533 756.6666 900.2819 1032.1816 1.7504 0.6675 0.6747 -0.8268 2.6903 10.2729 0.2015 0.4698
Pedestrian -1 -1 -2.9596 830.2717 759.4937 900.3290 958.4268 1.6958 0.6229 0.5273 -0.8631 2.9461 13.5509 -3.0195 0.4486
Pedestrian -1 -1 0.2639 429.3236 770.9039 496.3736 948.9370 1.7386 0.6028 0.5248 -5.1416 3.2781 15.4484 -0.0727 0.4098
Pedestrian -1 -1 0.2039 300.1369 856.3298 377.2293 1024.2014 1.6607 0.6516 0.6622 -6.7534 4.2346 16.2456 -0.2049 0.3509
Pedestrian -1 -1 0.1911 895.9987 766.7552 962.3383 950.4925 1.6302 0.6028 0.5177 -0.2980 3.0040 14.1399 0.1785 0.2595
Pedestrian -1 -1 -0.4784 1386.9734 812.3134 1486.8336 1018.9565 1.5603 0.6027 0.5785 3.8829 3.1358 12.2360 -0.1271 0.2484
Pedestrian -1 -1 1.7751 639.9051 771.1086 687.0554 876.8217 1.6554 0.6459 0.6288 -4.8965 4.0929 24.6139 1.5807 0.2364
Pedestrian -1 -1 -3.1759 1090.4597 760.7097 1142.3156 933.0452 1.7337 0.5934 0.5371 1.6410 3.2037 15.8671 -3.0528 0.2022
Cyclist -1 -1 -1.4048 1189.9232 787.1953 1321.5707 1028.3153 1.6822 0.7457 1.8916 2.5561 3.1836 12.8179 -1.1761 0.2239
Car -1 -1 -1.5507 1503.0247 772.6348 1914.4215 1181.0248 1.4577 1.8351 4.3957 4.8724 2.6157 9.3776 -0.9971 0.5884
Car -1 -1 1.2092 20.6289 753.5010 278.8525 902.0870 1.4799 1.7025 3.9881 -10.9959 3.3799 20.1642 0.6936 0.3967
Car -1 -1 0.6559 207.6137 831.0221 467.8761 955.6133 1.4978 1.6493 3.4497 -9.6843 4.8799 23.3020 0.2567 0.3514
Car -1 -1 -1.3791 551.8528 744.4751 688.7647 848.4988 1.5822 1.8667 4.2277 -6.6962 4.1359 29.7989 -1.5975 0.2508
Car -1 -1 1.0342 173.0300 830.2449 492.1907 1016.2936 1.4354 1.7103 3.6679 -7.2650 4.0375 17.1883 0.6200 0.2019
