Pedestrian -1 -1 0.0298 1126.4248 744.6131 1240.5092 1067.4812 1.7353 0.6512 0.6155 1.3030 2.4628 8.7051 0.2131 0.5898
Pedestrian -1 -1 0.0835 1237.8866 760.2212 1350.1766 1055.8458 1.6609 0.6301 0.5957 2.0463 2.5261 9.1637 0.3477 0.5026
Pedestrian -1 -1 -1.5657 665.6020 759.8956 734.4238 935.1937 1.6207 0.6530 0.5730 -2.5646 2.9771 14.6866 -1.7443 0.4779
Pedestrian -1 -1 -0.3762 1068.6810 751.9406 1157.6672 976.2964 1.7622 0.5874 0.5718 1.2639 2.8548 12.5055 -0.2536 0.4653
Pedestrian -1 -1 -0.1479 593.8568 769.8040 685.8803 932.6125 1.6378 0.6383 0.8942 -3.5112 3.2633 16.3175 -0.3661 0.3496
Pedestrian -1 -1 -0.0848 974.4686 764.0231 1110.8134 1090.0144 1.4887 0.6338 0.6342 0.3897 2.2093 7.4248 -0.0139 0.2665
Pedestrian -1 -1 1.4026 919.7188 742.2182 1000.9994 944.3057 1.7371 0.6551 0.5801 -0.0147 2.8295 13.5859 1.4117 0.2625
Pedestrian -1 -1 -0.6759 427.8074 751.6758 497.5642 902.4377 1.7336 0.6058 0.5476 -6.0830 3.3141 18.2505 -1.0087 0.2359
Pedestrian -1 -1 3.1290 792.9990 774.7463 931.6406 1062.5619 1.3707 0.6374 0.6952 -0.5232 2.1903 7.8314 3.0556 0.2276
Pedestrian -1 -1 -1.4706 1194.1051 758.6276 1270.6388 969.1140 1.6727 0.5748 0.5070 2.2938 2.8317 12.6317 -1.2604 0.2021
Cyclist -1 -1 -0.0676 601.8167 768.6610 692.6554 932.7290 1.6600 0.6426 0.9261 -3.4353 3.2722 16.3333 -0.2807 0.1600
Car -1 -1 1.9275 210.5498 745.8596 503.0983 935.0800 1.5673 1.8238 3.9981 -6.6765 3.1072 17.0093 1.5369 0.2655
Car -1 -1 -1.7272 1655.3654 751.2986 1936.0000 1010.9703 1.6212 1.8577 3.8136 7.3733 2.9426 13.5161 -1.1728 0.2646
Car -1 -1 -1.3742 68.2910 741.1023 315.2868 934.6622 1.7197 1.9351 4.4227 -9.3506 3.3478 18.5571 -1.8586 0.2124
