Pedestrian -1 -1 1.7917 788.9702 747.6708 838.7145 861.2510 1.7015 0.6574 0.6089 -2.3116 3.6583 23.4913 1.6997 0.5876
Pedestrian -1 -1 0.2029 1026.7372 765.4263 1137.6663 1052.9661 1.6218 0.6222 0.5539 0.7508 2.5209 9.1869 0.3067 0.5620
Pedestrian -1 -1 0.0301 1135.9276 773.2395 1231.2618 1036.7209 1.5734 0.6157 0.5739 1.4494 2.5712 9.6980 0.2105 0.5479
Pedestrian -1 -1 -1.7913 994.5921 763.9492 1079.4275 957.3246 1.5565 0.6235 0.5769 0.6440 2.7822 12.8489 -1.7254 0.4881
Pedestrian -1 -1 -2.7159 344.5014 748.6582 416.3099 903.0859 1.7975 0.6491 0.6093 -7.0945 3.3386 18.2844 -3.0996 0.3051
Pedestrian -1 -1 0.0854 607.9436 775.3905 667.1415 954.3962 1.6832 0.6223 0.5330 -3.2371 3.2259 14.9853 -0.1354 0.3014
Pedestrian -1 -1 -0.2039 538.4872 776.7956 623.2571 937.2480 1.6193 0.6071 0.7898 -4.1712 3.3293 16.3875 -0.4619 0.2935
Pedestrian -1 -1 -1.2441 299.4353 750.6827 375.0030 903.5496 1.5850 0.6121 0.5924 -6.8176 2.9879 16.3570 -1.6583 0.2148
Pedestrian -1 -1 -2.7174 411.2094 757.5344 480.0832 897.9799 1.6780 0.6552 0.6102 -6.5037 3.3840 18.8829 -3.0597 0.2080
Pedestrian -1 -1 1.4471 819.4723 758.3124 894.7599 942.4787 1.6393 0.6482 0.5436 -0.9883 2.9278 14.1151 1.3807 0.1940
Cyclist -1 -1 -1.7239 1782.7427 720.2193 1936.0000 1216.0000 1.6921 0.7316 1.9336 4.0112 2.1726 6.5164 -1.0555 0.2667
Cyclist -1 -1 -0.1494 531.9042 776.8688 634.5546 940.2681 1.6359 0.6482 1.0010 -4.1463 3.3516 16.3884 -0.4057 0.1583
Car -1 -1 -1.5651 1838.0547 781.5900 1936.0000 874.4190 1.6319 1.8904 4.2957 22.5819 5.6886 36.4046 -0.9825 0.3584
Car -1 -1 1.2697 1796.9320 818.8918 1936.0000 962.5221 1.4555 1.8074 3.9533 14.4199 4.7346 23.1246 1.8636 0.2646
