Pedestrian -1 -1 -2.9065 907.9304 755.7958 1024.0605 1056.1455 1.8061 0.6609 0.6134 0.0402 2.6927 9.7334 -2.8925 0.5697
Pedestrian -1 -1 1.7749 714.5845 768.2454 761.6990 875.6625 1.6432 0.6359 0.6203 -3.5887 3.9832 24.0830 1.6310 0.5494
Pedestrian -1 -1 -2.9785 1009.7659 763.0103 1105.8695 1042.1201 1.7871 0.6486 0.5542 0.6752 2.7770 10.3360 -2.8943 0.5335
Pedestrian -1 -1 -1.6607 908.1440 773.7567 980.2401 964.7381 1.5761 0.5885 0.5907 -0.1568 2.9184 13.1638 -1.6636 0.3948
Pedestrian -1 -1 0.1422 507.4706 762.4046 573.7887 939.5845 1.6899 0.6005 0.5729 -4.2475 3.1120 15.1273 -0.1445 0.3238
Pedestrian -1 -1 -0.2085 463.5197 847.4448 539.8265 1013.5464 1.6806 0.6398 0.6973 -5.1621 4.2459 16.7878 -0.5155 0.2821
Pedestrian -1 -1 -0.1969 1630.9583 932.0482 1713.2936 1137.6357 1.6211 0.6750 0.5728 6.3639 4.4591 13.4116 0.2942 0.2423
Pedestrian -1 -1 -1.5973 400.2151 862.0810 464.4514 1032.9104 1.6778 0.6344 0.6472 -5.7570 4.3238 16.2655 -1.9490 0.2081
Pedestrian -1 -1 -1.5019 1178.2742 782.5714 1248.1833 977.9113 1.6545 0.5755 0.5209 2.2820 3.1145 13.5203 -1.3068 0.1883
Pedestrian -1 -1 -1.8415 966.8272 775.4581 1042.2603 961.9045 1.5821 0.5616 0.5518 0.3871 2.9806 13.5587 -1.7994 0.1839
Cyclist -1 -1 -1.4385 1462.4860 936.1860 1611.9297 1216.0000 1.7051 0.6853 1.8920 4.2584 4.1949 10.9764 -1.0171 0.4331
Car -1 -1 1.2952 1714.2323 823.8981 1863.2203 928.8093 1.5664 1.9074 4.2832 18.3729 6.3205 33.4138 1.8248 0.1987
Car -1 -1 2.0612 0.0000 781.1671 128.5376 875.4185 1.3873 1.7179 3.8791 -18.8831 4.7946 30.6137 1.5034 0.1836
Car -1 -1 -1.3680 661.0912 733.3059 910.5353 939.8195 1.5217 1.7402 3.6570 -1.6058 2.7413 14.9210 -1.4752 0.1783
