Pedestrian -1 -1 1.8923 767.8517 731.3167 819.4156 842.2661 1.6849 0.6534 0.6115 -2.6624 3.4038 23.7862 1.7859 0.5717
Pedestrian -1 -1 0.0059 1118.7760 767.1051 1219.6852 1040.4684 1.6499 0.6122 0.6295 1.3646 2.6112 9.7530 0.1754 0.5111
Pedestrian -1 -1 0.0865 987.8317 761.0103 1096.4185 1049.9001 1.6742 0.6191 0.6167 0.5151 2.5580 9.3555 0.1593 0.4920
Pedestrian -1 -1 -3.1860 982.0399 766.1945 1048.0070 974.6532 1.6973 0.6156 0.5503 0.4570 2.9458 12.9046 -3.1363 0.4530
Pedestrian -1 -1 0.3547 341.8540 763.8931 411.1928 909.9592 1.6965 0.6244 0.6168 -7.1494 3.4276 18.3032 -0.0311 0.3547
Pedestrian -1 -1 0.0744 580.8876 778.0065 639.0834 954.5710 1.6607 0.6080 0.5298 -3.5180 3.2321 15.0050 -0.1653 0.3490
Pedestrian -1 -1 -1.1991 272.4398 767.5029 352.5062 928.9197 1.6618 0.6198 0.6370 -7.0733 3.2505 16.3245 -1.6271 0.2516
Pedestrian -1 -1 -0.3572 536.4288 791.6503 624.0699 951.3823 1.6130 0.6269 0.7681 -4.2244 3.5147 16.5765 -0.6146 0.1815
Pedestrian -1 -1 0.1329 1242.3340 823.7380 1313.5538 1036.5615 1.5988 0.5730 0.4822 2.5988 3.2751 12.2527 0.3759 0.1758
Pedestrian -1 -1 0.2531 615.0945 805.9567 780.6392 1063.3119 1.2950 0.6889 0.7791 -1.4629 2.3572 8.4066 0.0573 0.1682
Pedestrian -1 -1 -0.1767 933.1936 772.9552 1003.4987 967.3870 1.6410 0.6042 0.5414 0.0578 3.0098 13.4837 -0.1614 0.1625
Cyclist -1 -1 -0.3338 466.1751 784.9946 635.5317 961.7114 1.6772 0.7294 1.6358 -4.4782 3.5100 16.3524 -0.6105 0.2589
Cyclist -1 -1 -1.1938 1751.1287 787.2081 1936.0000 1206.7412 1.7086 0.7582 1.8963 4.9030 2.6095 7.5036 -0.5145 0.1693
Car -1 -1 -1.5904 1805.5470 786.3639 1901.8771 882.6385 1.7244 1.9404 4.2554 22.0212 5.9592 36.8986 -1.0256 0.5228
