Pedestrian -1 -1 1.6393 694.5878 777.0348 767.5530 946.6254 1.5485 0.6649 0.5708 -2.2291 3.0586 14.5306 1.4832 0.5187
Pedestrian -1 -1 -0.0483 1166.0267 758.6782 1264.9276 1082.3245 1.7130 0.6282 0.5378 1.4502 2.5102 8.5590 0.1579 0.4826
Pedestrian -1 -1 -3.2591 1115.7251 753.2052 1196.3636 974.5042 1.7248 0.6550 0.6041 1.6041 2.8166 12.3864 -3.1051 0.4436
Pedestrian -1 -1 -0.1381 1232.6669 766.3852 1333.3066 1061.1871 1.7037 0.6168 0.5552 1.9904 2.6161 9.3053 0.1151 0.4398
Pedestrian -1 -1 -2.7157 597.2859 795.4704 676.8878 954.0436 1.5813 0.5998 0.6463 -3.4727 3.4528 16.0473 -2.9349 0.4348
Pedestrian -1 -1 1.7967 869.3541 732.2175 921.7749 852.8097 1.7665 0.6767 0.6233 -1.0035 3.4390 22.9353 1.7619 0.3711
Pedestrian -1 -1 -0.1881 1306.7174 761.6050 1384.2599 970.8788 1.6626 0.6083 0.5498 3.2396 2.8485 12.6426 0.1007 0.2984
Pedestrian -1 -1 -1.7102 931.1641 749.4598 1009.8935 960.3380 1.8097 0.6449 0.5681 0.0774 2.9639 13.5350 -1.6934 0.2784
Pedestrian -1 -1 2.8018 1070.0244 767.0787 1154.0774 969.2195 1.6613 0.6522 0.5621 1.3240 2.9527 13.2033 2.9230 0.2475
Pedestrian -1 -1 -0.0526 697.4394 788.8817 756.9098 944.3459 1.6217 0.5830 0.6252 -2.6168 3.4901 16.6885 -0.2092 0.2449
Pedestrian -1 -1 -3.2370 1195.7747 763.2293 1261.5048 972.5863 1.6999 0.6137 0.5194 2.3021 2.9257 12.9175 -3.0309 0.2332
Pedestrian -1 -1 -1.3617 755.4561 743.3244 878.4692 1040.5626 1.5593 0.5923 0.5289 -0.7984 2.2457 8.3731 -1.4671 0.1920
Cyclist -1 -1 0.0099 618.9342 793.3953 700.6093 950.6232 1.5812 0.6679 0.8567 -3.2879 3.4672 16.3284 -0.1935 0.1096
Car -1 -1 -1.6461 1733.6512 784.1520 1936.0000 1067.1377 1.5423 1.8091 4.0299 7.7532 3.1414 12.8190 -1.0430 0.3501
