Pedestrian -1 -1 0.2331 825.2434 753.0905 940.3073 1033.3468 1.7449 0.6510 0.6366 -0.5166 2.6375 10.0347 0.1832 0.6211
Pedestrian -1 -1 0.1176 930.1949 759.9653 1029.9152 1017.4188 1.7144 0.6321 0.6364 0.1432 2.7124 10.6921 0.1424 0.5285
Pedestrian -1 -1 3.3220 454.3606 788.5228 521.9547 969.1157 1.7276 0.6461 0.5604 -4.8370 3.4425 15.3149 3.0022 0.4679
Pedestrian -1 -1 -3.0751 861.6202 772.1133 924.6090 961.3420 1.5858 0.5988 0.5182 -0.6007 2.9267 13.3149 -3.1147 0.4232
Pedestrian -1 -1 1.7370 670.2894 769.5779 715.9871 875.5008 1.6455 0.6395 0.6122 -4.3672 4.0344 24.3836 1.5625 0.3836
Pedestrian -1 -1 0.3130 332.0618 848.6451 405.4720 1018.5547 1.7138 0.6261 0.5852 -6.4501 4.2028 16.3006 -0.0777 0.3514
Pedestrian -1 -1 0.3090 925.4120 774.4818 996.7119 959.0509 1.5961 0.5857 0.5025 0.0028 3.0191 13.8684 0.3198 0.1937
Pedestrian -1 -1 -1.6324 1878.6560 979.6169 1936.0000 1216.0000 1.7341 0.6482 0.6472 7.7150 4.6734 11.9447 -1.0007 0.1916
Cyclist -1 -1 -1.6109 1348.5011 846.8865 1440.7017 1090.9006 1.6984 0.7393 2.0454 3.8965 3.8586 13.4677 -1.2914 0.4038
Cyclist -1 -1 -1.7298 1842.6721 955.4276 1936.0000 1216.0000 1.7525 0.7555 1.8881 7.7454 4.6876 12.2664 -1.1100 0.1844
Cyclist -1 -1 0.2630 814.5271 749.5444 952.8121 1029.8198 1.7361 0.6620 0.7798 -0.5094 2.6060 10.0307 0.2138 0.1084
Car -1 -1 -1.6730 1600.5032 773.0483 1936.0000 1161.5950 1.4055 1.8041 4.1538 5.1565 2.5597 9.3918 -1.0943 0.6232
Car -1 -1 -1.4320 584.5043 739.3237 713.4312 846.4114 1.6637 1.9406 4.3893 -6.2285 4.1534 30.2893 -1.6313 0.1981
Car -1 -1 2.0724 0.0000 772.2841 51.4302 870.3020 1.4318 1.7776 3.9027 -20.1653 4.5858 29.9737 1.4736 0.1939
Car -1 -1 0.5178 230.2350 841.5399 499.0959 958.4229 1.4288 1.6453 3.5277 -9.2189 4.9478 23.2384 0.1355 0.1801
