Pedestrian -1 -1 -3.0440 1058.8209 777.4445 1151.5446 1049.8342 1.6940 0.6111 0.5505 0.9754 2.7566 10.0591 -2.9236 0.4671
Pedestrian -1 -1 -1.8277 932.6392 767.4091 1019.4835 969.6602 1.6331 0.6170 0.6428 0.1216 2.9088 13.0023 -1.8070 0.4408
Pedestrian -1 -1 -2.9208 955.7637 773.5517 1072.8574 1062.6307 1.6786 0.6277 0.6104 0.3442 2.6574 9.4632 -2.8696 0.4085
Pedestrian -1 -1 1.7847 745.4521 764.4514 793.6394 874.0835 1.6606 0.6452 0.6064 -3.0504 3.9151 23.8273 1.6623 0.3782
Pedestrian -1 -1 0.0424 544.5145 762.8524 600.0369 927.9075 1.5605 0.5928 0.5234 -3.9126 2.9824 15.0663 -0.2237 0.3613
Pedestrian -1 -1 0.3055 296.1893 768.0794 360.7711 909.8146 1.6382 0.6143 0.5758 -7.7370 3.4228 18.3020 -0.1093 0.2295
Pedestrian -1 -1 -2.0643 996.9628 770.4017 1082.1658 965.3049 1.6415 0.5756 0.5627 0.7044 2.9945 13.5304 -1.9962 0.1887
Cyclist -1 -1 -0.8725 1605.0298 746.1688 1936.0000 1135.9114 1.6956 0.7492 1.8738 4.2745 2.3506 7.4784 -0.2556 0.4643
Cyclist -1 -1 -0.2843 419.1859 843.8114 613.9692 1033.9314 1.7445 0.7751 1.9225 -4.9034 4.2895 16.5342 -0.5808 0.3935
Car -1 -1 -1.6021 1759.7450 785.4753 1851.2357 879.1459 1.7094 1.8939 4.1514 21.0634 5.9653 37.3615 -1.0626 0.5016
Car -1 -1 -1.1099 304.5538 737.6298 536.3239 871.3427 1.5052 1.7478 3.7279 -7.8458 3.3159 22.0707 -1.4595 0.3730
Car -1 -1 1.0907 0.0000 761.9175 244.6756 918.7574 1.4106 1.7289 3.8950 -10.7287 3.2404 18.2306 0.5379 0.2184
