Pedestrian -1 -1 -0.0337 1014.5261 801.8392 1082.9921 1003.6776 1.6619 0.6100 0.5888 0.7659 3.2596 13.1862 0.0414 0.5741
Pedestrian -1 -1 1.6605 995.8810 793.1534 1042.9437 911.2179 1.6528 0.6427 0.5586 0.8658 4.1842 22.1767 1.7139 0.5344
Pedestrian -1 -1 1.5118 1121.1001 786.6974 1170.4496 914.4028 1.6604 0.6520 0.6398 2.5439 3.9337 20.6658 1.6539 0.4847
Pedestrian -1 -1 2.4126 1651.8076 783.4749 1880.4004 1189.5120 1.5954 0.6087 0.6378 3.4708 2.3195 6.4861 3.0134 0.4214
Pedestrian -1 -1 -0.0015 1118.2324 803.1671 1168.6328 897.5276 1.3003 0.7042 0.7410 2.7481 4.0325 22.5198 0.1389 0.4206
Pedestrian -1 -1 -0.3561 980.3854 787.4059 1080.7090 959.9898 1.6368 0.6508 0.8672 0.7092 3.3627 15.4446 -0.2949 0.3573
Pedestrian -1 -1 -1.4218 681.8237 718.6420 804.2382 1049.6204 1.7097 0.5978 0.5074 -1.1758 2.2355 8.1296 -1.5858 0.3543
Pedestrian -1 -1 1.2034 1828.1144 789.9733 1936.0000 1181.2109 1.5527 0.6045 0.5646 4.2370 2.3218 6.6041 1.8893 0.3214
Pedestrian -1 -1 -0.0794 1127.2583 728.2834 1349.4572 1105.1636 1.4816 0.6953 0.9024 1.1920 1.9607 6.5179 0.1535 0.2119
Pedestrian -1 -1 -0.6796 1060.6293 787.7044 1145.0088 947.4185 1.5793 0.5691 0.7023 1.5214 3.3775 16.0894 -0.5661 0.1985
Pedestrian -1 -1 1.6304 1040.7935 797.2958 1087.9487 909.4798 1.5833 0.6648 0.5816 1.5531 4.2128 22.4736 1.7155 0.1970
Cyclist -1 -1 -0.5995 995.1511 784.1163 1108.6112 958.7372 1.6586 0.6794 0.9785 0.9509 3.3902 15.7252 -0.5226 0.1694
Car -1 -1 -1.2801 432.2851 726.8367 688.7542 914.0842 1.7455 1.9115 4.2323 -4.7573 3.1473 18.4200 -1.5399 0.2665
Car -1 -1 -1.7563 1534.1227 731.5240 1885.5927 1045.9125 1.6687 1.8876 4.1489 5.6106 2.6673 11.7403 -1.2517 0.1985
