Pedestrian -1 -1 1.7846 1061.3857 796.7858 1148.8822 993.5327 1.5637 0.6327 0.5928 1.2498 3.0949 12.9385 1.9020 0.6510
Pedestrian -1 -1 -3.6332 1762.9734 795.9689 1936.0000 1216.0000 1.6843 0.6277 0.5611 3.7152 2.4296 6.1575 -2.9698 0.6159
Pedestrian -1 -1 1.5583 1039.4163 772.5176 1083.0389 891.1813 1.6560 0.6296 0.5520 1.4649 3.8479 21.9073 1.6409 0.4952
Pedestrian -1 -1 -0.1476 1196.1058 750.6774 1430.7123 1145.1261 1.4369 0.7302 0.8785 1.4132 1.9893 6.1432 0.1451 0.4574
Pedestrian -1 -1 -1.4283 733.9984 740.0607 853.0033 1065.6945 1.6629 0.5800 0.4792 -0.8943 2.3021 8.0547 -1.5531 0.4545
Pedestrian -1 -1 1.5434 1173.4381 771.8026 1223.8986 903.9438 1.6927 0.6667 0.6251 3.2223 3.7237 20.3156 1.7226 0.4214
Pedestrian -1 -1 -1.4637 13.9152 755.1462 57.0006 847.3199 1.6455 0.6315 0.6749 -17.5685 4.1566 28.3888 -2.0257 0.3510
Pedestrian -1 -1 2.8852 1145.4481 802.2032 1204.2013 899.5829 1.3348 0.6809 0.7253 3.1686 4.0148 22.2310 3.0469 0.3204
Pedestrian -1 -1 -0.5635 1023.2966 776.7130 1159.5789 955.2676 1.6560 0.6928 1.2189 1.3417 3.2820 15.4366 -0.4580 0.2834
Pedestrian -1 -1 -1.7243 1229.3251 974.1526 1337.6232 1216.0000 1.5224 0.6184 0.5670 2.0554 3.8356 9.5924 -1.4729 0.2440
Cyclist -1 -1 -0.6240 1006.4298 772.5683 1182.5089 961.8602 1.7167 0.7363 1.6938 1.3819 3.3153 15.4513 -0.5157 0.5045
Cyclist -1 -1 -0.1946 1173.1552 759.4673 1425.8176 1132.1953 1.3646 0.7586 0.9264 1.3657 1.9596 6.1947 0.0862 0.1257
Car -1 -1 -1.6494 545.2952 727.5852 732.5146 920.9517 1.8271 1.9454 4.1823 -4.1690 3.2780 18.8436 -1.8713 0.4188
Car -1 -1 1.2907 1588.5916 730.6583 1936.0000 1044.0742 1.5337 1.8063 4.1608 5.8968 2.4764 11.0821 1.8453 0.4152
