Pedestrian -1 -1 -0.1917 1282.6631 791.4194 1440.8190 1133.6907 1.6221 0.6039 0.7184 2.0618 2.5254 7.7674 0.1260 0.5544
Pedestrian -1 -1 -0.5011 1239.9534 751.6743 1340.9600 985.9203 1.7424 0.6293 0.5624 2.6122 2.7832 11.9033 -0.2492 0.5378
Pedestrian -1 -1 -0.2477 1456.5282 797.8019 1609.6476 1122.3196 1.5992 0.6033 0.6797 3.0835 2.5787 8.1123 0.1871 0.5060
Pedestrian -1 -1 1.5917 848.4163 814.7783 893.5052 930.1792 1.6816 0.6780 0.6018 -1.3919 4.6574 23.1260 1.5409 0.4440
Pedestrian -1 -1 -0.0213 823.1045 767.0197 881.6772 963.2689 1.7417 0.6249 0.5385 -1.0314 3.1130 14.0940 -0.0909 0.4339
Pedestrian -1 -1 -1.9867 740.5871 797.9509 809.5880 956.3886 1.5430 0.5433 0.5574 -1.9656 3.4117 15.7698 -2.1100 0.4018
Pedestrian -1 -1 -2.3185 774.6528 798.4177 851.5402 950.6044 1.5281 0.5542 0.6359 -1.6239 3.4782 16.3885 -2.4140 0.3493
Pedestrian -1 -1 -3.2435 1147.8424 723.4360 1287.0763 1135.6437 1.6730 0.6146 0.5692 1.1095 2.1281 6.5686 -3.0280 0.2610
Pedestrian -1 -1 0.2666 502.4247 774.9113 571.0798 931.1791 1.5870 0.5908 0.5790 -4.5541 3.2290 16.0673 -0.0209 0.2597
Pedestrian -1 -1 -1.5472 1127.2993 748.2725 1205.3391 978.4795 1.7986 0.6123 0.5315 1.6977 2.8431 12.3427 -1.3844 0.2336
Pedestrian -1 -1 -1.8059 1551.2268 812.6324 1649.8577 1063.5876 1.6539 0.5609 0.5381 4.5494 3.0339 10.6677 -1.3440 0.2201
Pedestrian -1 -1 3.0586 968.5916 751.8243 1109.4890 1092.0997 1.5037 0.6361 0.6336 0.3582 2.1398 7.1721 3.1264 0.2053
Pedestrian -1 -1 2.0217 807.2975 815.1978 861.3110 931.2808 1.7061 0.6576 0.5923 -2.0071 4.7691 23.6737 1.9453 0.1927
Pedestrian -1 -1 -0.3523 1326.5040 752.0573 1413.9783 995.0557 1.7962 0.5885 0.5029 3.1854 2.8151 11.6784 -0.0441 0.1826
Pedestrian -1 -1 1.6071 1441.9506 767.5564 1526.5371 992.3919 1.6761 0.5969 0.5221 4.1877 2.8519 11.9656 1.9918 0.1823
Cyclist -1 -1 -0.1917 1282.6631 791.4194 1440.8190 1133.6907 1.6221 0.6039 0.7184 2.0618 2.5254 7.7674 0.1260 0.1438
Cyclist -1 -1 -0.2477 1456.5282 797.8019 1609.6476 1122.3196 1.5992 0.6033 0.6797 3.0835 2.5787 8.1123 0.1871 0.1046
