Pedestrian -1 -1 -1.4454 1344.3516 747.6995 1442.7985 994.3468 1.7443 0.6259 0.6141 3.3000 2.7143 11.4000 -1.1191 0.5969
Pedestrian -1 -1 -3.1140 896.7703 790.4931 963.4180 983.1858 1.6597 0.6246 0.5897 -0.2797 3.2165 13.7424 -3.1256 0.5520
Pedestrian -1 -1 -0.4362 1586.1130 769.2997 1787.1986 1137.2161 1.6916 0.6509 0.7309 3.6233 2.4526 7.5200 0.1017 0.5476
Pedestrian -1 -1 -0.4170 861.4304 806.0320 950.3188 962.6211 1.5294 0.5857 0.7847 -0.5971 3.5250 16.0422 -0.4459 0.5188
Pedestrian -1 -1 -0.1082 1444.2526 795.7892 1617.5730 1183.8716 1.6649 0.6206 0.7481 2.7245 2.5349 7.1975 0.3338 0.4816
Pedestrian -1 -1 1.7645 910.1407 802.7495 960.7119 916.3561 1.6163 0.6574 0.6244 -0.3899 4.3714 22.7975 1.7587 0.4346
Pedestrian -1 -1 -0.0792 1044.0309 757.7382 1195.7577 1097.3837 1.4216 0.6714 0.6619 0.7128 2.0650 6.8894 0.0550 0.3218
Pedestrian -1 -1 -3.1640 1244.1472 740.9608 1394.2654 1153.4972 1.5488 0.6110 0.5767 1.4943 2.0589 6.1987 -2.8591 0.2170
Pedestrian -1 -1 -3.4115 1781.7079 857.8854 1893.0892 1034.9911 1.3883 0.6009 0.7354 7.7029 3.5029 13.1735 -2.8264 0.2090
Pedestrian -1 -1 -1.4887 1430.3589 749.2816 1525.9824 1002.3821 1.7515 0.6062 0.5145 3.8309 2.7031 11.0747 -1.1045 0.1963
Cyclist -1 -1 -1.6601 602.7903 897.4634 676.8824 1081.7819 1.7463 0.7129 1.9553 -3.9500 5.2679 18.2821 -1.8724 0.2655
Cyclist -1 -1 -0.4170 861.4304 806.0320 950.3188 962.6211 1.5294 0.5857 0.7847 -0.5971 3.5250 16.0422 -0.4459 0.1706
Cyclist -1 -1 -0.1464 1446.7568 794.4974 1653.4214 1180.2585 1.6370 0.6398 0.8804 2.7925 2.4997 7.1692 0.3071 0.1570
Cyclist -1 -1 -0.3881 1587.1223 750.3118 1800.6157 1126.3627 1.7256 0.6707 0.8008 3.6545 2.3890 7.5172 0.1542 0.1033
