Pedestrian -1 -1 1.7908 784.6275 763.6970 864.2855 944.3105 1.6208 0.6535 0.5225 -1.2920 2.9655 14.1856 1.7014 0.6071
Pedestrian -1 -1 -3.1327 1254.9587 754.1551 1390.9186 1112.8683 1.7576 0.6704 0.6704 1.9566 2.4895 8.0488 -2.8413 0.5902
Pedestrian -1 -1 -0.5286 1208.7693 752.7974 1313.4307 984.1088 1.7219 0.6118 0.6002 2.3854 2.7751 11.9337 -0.2976 0.5192
Pedestrian -1 -1 -3.1480 1424.2274 755.9495 1546.7416 1101.8882 1.7581 0.6611 0.6058 2.9318 2.5261 8.3419 -2.7435 0.4640
Pedestrian -1 -1 1.6834 823.0356 800.9750 870.1533 916.4284 1.7134 0.6715 0.5692 -1.7906 4.5046 23.4062 1.6153 0.4316
Pedestrian -1 -1 -0.4609 742.9202 783.9972 823.9524 940.0216 1.5713 0.5807 0.6958 -1.9490 3.3598 16.3775 -0.5780 0.3522
Pedestrian -1 -1 -0.5085 1112.4938 749.8719 1204.8184 974.3710 1.7712 0.6071 0.5523 1.6575 2.8562 12.6025 -0.3526 0.3397
Pedestrian -1 -1 -3.6387 1796.3953 809.4134 1936.0000 1081.8475 1.6255 0.6294 0.6088 5.9013 2.8712 9.7461 -3.0186 0.3287
Pedestrian -1 -1 -0.2230 927.4780 730.9538 1067.5466 1086.3467 1.6480 0.6309 0.5838 0.1702 2.2070 7.5169 -0.1886 0.2618
Pedestrian -1 -1 -0.2793 1306.4775 778.0883 1441.4502 1076.6146 1.6132 0.6325 0.6349 2.3994 2.5431 8.7484 0.0420 0.2444
