Pedestrian -1 -1 -3.1863 1202.1503 765.1510 1321.3829 1101.9697 1.7235 0.6641 0.6282 1.6776 2.5441 8.3621 -2.9440 0.5982
Pedestrian -1 -1 -3.3020 1159.9241 756.0265 1252.9204 982.5657 1.7423 0.6456 0.6707 1.9928 2.8430 12.2199 -3.1112 0.4841
Pedestrian -1 -1 -1.2346 730.1899 762.6877 809.9211 950.9765 1.7184 0.6282 0.5165 -1.8401 3.0773 14.4305 -1.3629 0.4782
Pedestrian -1 -1 -0.1512 683.9454 781.3285 756.3276 947.4141 1.6530 0.6383 0.6777 -2.5945 3.3756 16.0604 -0.3135 0.4573
Pedestrian -1 -1 -3.2357 1352.2457 766.2416 1456.3671 1095.8792 1.7673 0.6257 0.5573 2.5669 2.6255 8.7084 -2.8926 0.4152
Pedestrian -1 -1 -0.6361 1074.4352 763.9397 1164.4280 971.3139 1.6638 0.5950 0.5255 1.3610 2.8999 12.9066 -0.5090 0.2445
Pedestrian -1 -1 -0.0787 749.9893 789.1158 811.0353 946.8950 1.6402 0.5999 0.6301 -2.0165 3.5070 16.6434 -0.1975 0.2350
Pedestrian -1 -1 0.3088 761.5111 826.2373 816.2806 934.5738 1.6052 0.6104 0.7155 -2.7513 4.8735 23.9051 0.2011 0.2081
Pedestrian -1 -1 1.5669 992.9409 742.4724 1066.2598 949.5651 1.7546 0.6373 0.5325 0.6093 2.8208 13.2771 1.6281 0.1992
Car -1 -1 2.0065 286.3702 758.5772 581.2429 936.6182 1.4548 1.7516 3.8490 -5.8915 3.1724 17.2164 1.6634 0.3260
