Pedestrian -1 -1 -0.0100 1000.7914 785.2345 1075.2605 986.8168 1.6809 0.5948 0.6460 0.6834 3.1393 13.2873 0.0576 0.6186
Pedestrian -1 -1 -0.3329 1633.5065 778.3491 1837.2605 1184.8721 1.5967 0.6233 0.6679 3.3632 2.3080 6.5478 0.2481 0.5453
Pedestrian -1 -1 2.1434 1766.2137 779.1718 1936.0000 1169.6006 1.6045 0.6135 0.6421 4.1929 2.3526 6.8554 2.8016 0.4828
Pedestrian -1 -1 1.6436 978.2866 789.9238 1024.3993 904.3685 1.6037 0.6368 0.5858 0.5995 4.0924 22.2254 1.6841 0.4518
Pedestrian -1 -1 2.9149 1114.8868 800.6559 1338.9381 1130.4468 1.2792 0.6788 0.8516 1.1304 2.0840 6.5062 3.1367 0.4099
Pedestrian -1 -1 -0.4493 946.1120 790.1313 1046.2368 971.0353 1.7146 0.6384 0.8456 0.3572 3.4761 15.4805 -0.4129 0.3798
Pedestrian -1 -1 0.0182 1094.4437 812.2314 1147.6100 910.3847 1.3575 0.6666 0.7728 2.4125 4.2290 22.5379 0.1430 0.2556
Pedestrian -1 -1 -0.6502 1033.8260 779.0366 1117.8899 946.5093 1.6631 0.5945 0.6816 1.2299 3.3649 16.0787 -0.5561 0.2404
Pedestrian -1 -1 0.1281 751.7159 755.0900 803.8229 872.5498 1.3830 0.6608 0.5649 -2.2863 3.0381 18.6787 0.0082 0.2115
Pedestrian -1 -1 -1.4121 638.3724 748.2554 759.9905 1072.5068 1.6615 0.5879 0.5112 -1.4144 2.3543 8.1325 -1.6092 0.2061
Pedestrian -1 -1 1.5104 1034.1882 791.6045 1078.9224 903.6608 1.5920 0.6444 0.6069 1.4275 4.1322 22.4770 1.5895 0.1994
Pedestrian -1 -1 -1.7979 1362.7025 764.6309 1557.9257 1200.2346 1.4746 0.6249 0.5767 1.8542 2.0320 5.6234 -1.3827 0.1975
Pedestrian -1 -1 2.5372 1599.0929 716.2315 1733.8491 987.9149 1.7876 0.6787 0.5864 4.9155 2.4485 10.4535 3.0417 0.1913
Cyclist -1 -1 -0.6815 971.5793 789.1371 1094.9131 970.8091 1.7078 0.6968 1.1028 0.7596 3.5041 15.7523 -0.6178 0.1894
Cyclist -1 -1 2.9044 1114.2092 799.5960 1362.6356 1132.1621 1.2773 0.7483 0.9399 1.1771 2.0827 6.5176 3.1344 0.1221
Cyclist -1 -1 -0.4135 1676.3928 775.9873 1912.0778 1162.7487 1.5869 0.6429 0.7814 3.7754 2.3169 6.8336 0.1967 0.1121
Cyclist -1 -1 -0.0100 1000.7914 785.2345 1075.2605 986.8168 1.6809 0.5948 0.6460 0.6834 3.1393 13.2873 0.0576 0.1081
Car -1 -1 -1.6799 654.3621 745.7916 814.1080 897.2556 1.5560 1.7791 3.9545 -3.2657 3.4202 20.9200 -1.8333 0.2354
