Pedestrian -1 -1 -0.9057 1280.1851 747.8102 1395.2281 988.5456 1.7387 0.6135 0.6225 2.9351 2.7333 11.6709 -0.6195 0.5902
Pedestrian -1 -1 1.5957 886.0018 804.1315 930.1555 918.3450 1.6723 0.6613 0.5781 -0.8172 4.4747 23.0931 1.5707 0.5493
Pedestrian -1 -1 -0.3485 1518.6748 811.1210 1692.9939 1126.5836 1.4906 0.6033 0.7015 3.3511 2.5078 7.8219 0.1362 0.5164
Pedestrian -1 -1 0.0629 854.1774 773.7663 920.3361 970.6575 1.7171 0.6440 0.5695 -0.6792 3.1300 13.8651 0.0197 0.5099
Pedestrian -1 -1 0.0724 1349.4662 805.5593 1529.5111 1145.8656 1.5020 0.5951 0.7842 2.4059 2.4618 7.5055 0.4517 0.4222
Pedestrian -1 -1 -3.1578 1512.9241 764.4192 1584.3956 1006.8206 1.7482 0.5955 0.4937 4.5544 2.8637 11.5847 -2.7304 0.3622
Pedestrian -1 -1 -0.0846 834.0075 792.3626 900.8733 942.5081 1.5111 0.5541 0.6764 -1.0147 3.3492 16.0916 -0.1417 0.3339
Pedestrian -1 -1 -3.4985 1714.5900 785.6733 1819.8813 1005.7283 1.6325 0.6335 0.5836 6.4540 2.9621 11.9994 -2.9450 0.3224
Pedestrian -1 -1 -3.0250 777.8178 793.3477 840.3763 945.1527 1.5065 0.5552 0.5937 -1.5971 3.3126 15.7511 -3.1237 0.2999
Pedestrian -1 -1 -1.4217 1160.7878 752.2184 1246.6259 966.7865 1.6527 0.6101 0.5446 1.9989 2.7307 12.3026 -1.2317 0.2770
Pedestrian -1 -1 -3.4063 1842.2167 782.8585 1936.0000 1021.1539 1.6588 0.6348 0.6154 7.1029 2.9010 11.3538 -2.7803 0.2708
Pedestrian -1 -1 -1.7173 1616.4576 765.8430 1714.9221 1045.7314 1.8212 0.5807 0.4795 4.8811 2.8307 10.3853 -1.2140 0.2442
Pedestrian -1 -1 0.0803 960.7245 762.9547 1119.9459 1090.7244 1.4174 0.6309 0.6989 0.3912 2.1103 7.1402 0.1541 0.2425
Pedestrian -1 -1 -0.0749 1398.9331 773.5797 1469.7852 980.0957 1.5793 0.6096 0.5381 3.8919 2.8416 12.3302 0.2750 0.2339
Cyclist -1 -1 0.0206 1358.4279 805.2847 1559.9755 1150.2783 1.4996 0.6484 0.9000 2.4976 2.4592 7.4779 0.4143 0.1690
Cyclist -1 -1 -0.0600 807.0046 796.3848 880.6617 942.1279 1.4592 0.5780 0.7596 -1.2704 3.3445 16.1036 -0.1342 0.1375
Cyclist -1 -1 -0.3485 1518.6748 811.1210 1692.9939 1126.5836 1.4906 0.6033 0.7015 3.3511 2.5078 7.8219 0.1362 0.1091
