Pedestrian -1 -1 2.9294 1120.0436 780.8361 1200.1807 990.2451 1.6565 0.6140 0.5664 1.6717 3.0073 12.6317 3.0862 0.6748
Pedestrian -1 -1 1.2964 1214.1854 761.7169 1276.6118 899.0082 1.7314 0.6719 0.6700 3.7787 3.5867 19.9233 1.5079 0.4696
Pedestrian -1 -1 1.5212 1090.1798 792.9900 1134.5865 912.1774 1.6272 0.6196 0.5576 2.1742 4.0843 21.5606 1.6398 0.4174
Pedestrian -1 -1 2.8393 1190.0806 797.0446 1254.5223 898.5352 1.3675 0.7153 0.7610 3.8143 3.9331 21.8915 3.0339 0.3405
Pedestrian -1 -1 -0.5243 1080.0521 776.4809 1201.8156 963.0386 1.7211 0.6868 1.0184 1.8127 3.3065 15.1320 -0.3832 0.3355
Pedestrian -1 -1 -0.3810 1313.1565 718.3351 1521.8208 1157.3878 1.5885 0.6409 0.6225 1.7679 1.9752 5.8683 -0.0018 0.2970
Pedestrian -1 -1 -1.8916 56.4915 761.8752 103.8762 852.3868 1.6279 0.5957 0.6819 -16.9101 4.2979 28.7016 -2.4310 0.2744
Pedestrian -1 -1 1.5169 1117.4346 786.1731 1163.2042 916.7522 1.7403 0.6188 0.5646 2.5092 4.0379 20.9974 1.6551 0.2249
Pedestrian -1 -1 -3.4014 1813.0798 789.8548 1916.9877 972.7435 1.5468 0.7038 0.6980 8.3870 3.1299 13.9038 -2.8032 0.2191
Cyclist -1 -1 -0.5333 1079.3503 771.5925 1260.2285 962.6288 1.7317 0.7746 1.6577 2.1205 3.2910 15.2340 -0.3714 0.4154
Car -1 -1 -1.4659 636.2560 765.8951 847.2344 960.1807 1.4883 1.8560 4.0442 -2.2751 3.2359 16.4841 -1.6034 0.2753
Car -1 -1 1.0566 0.0000 735.1307 351.0748 934.2054 1.4635 1.7101 4.1883 -8.1390 2.6830 14.7583 0.5227 0.1881
