Pedestrian -1 -1 1.3927 1361.3749 740.3978 1463.5282 985.5265 1.6785 0.6376 0.6420 3.2924 2.5530 10.9547 1.7321 0.6238
Pedestrian -1 -1 1.4703 1442.2750 757.3291 1506.1202 914.8237 1.7651 0.6788 0.6676 6.1178 3.3834 17.8626 1.8353 0.5561
Pedestrian -1 -1 -1.5698 1614.5582 767.5140 1677.9928 924.6577 1.7835 0.6768 0.6659 8.3579 3.5659 18.2399 -1.1004 0.4383
Pedestrian -1 -1 -0.6455 1420.2494 772.2424 1528.1434 956.5536 1.6272 0.6132 0.7573 4.8760 3.0691 14.2365 -0.2742 0.4240
Pedestrian -1 -1 3.1776 233.1302 778.2002 280.8478 893.5696 1.4823 0.6516 0.5834 -9.7587 3.6506 20.7356 2.7251 0.3730
Pedestrian -1 -1 -1.3669 1345.0122 762.5031 1431.6941 958.3709 1.6562 0.6273 0.6420 3.9132 2.9559 13.6901 -1.0502 0.3130
Pedestrian -1 -1 -1.5440 340.8527 775.5886 375.0789 863.6345 1.7113 0.6397 0.6613 -12.4738 4.8707 30.9319 -1.9285 0.2816
Pedestrian -1 -1 1.7294 1365.0409 757.5316 1425.2299 908.8922 1.7850 0.6304 0.5514 5.4291 3.4786 18.7064 2.0430 0.1649
Cyclist -1 -1 -0.6613 1417.4307 771.2673 1535.8051 957.8702 1.6390 0.6434 0.8499 4.8990 3.0746 14.2379 -0.2885 0.1193
Car -1 -1 -3.3643 1218.4806 797.5471 1406.0876 877.1826 1.6199 1.8850 4.0661 8.3245 5.8601 35.7321 -3.1154 0.1820
Car -1 -1 -2.5486 1553.3047 667.8942 1936.0000 1216.0000 1.6322 1.8667 3.8960 3.3669 1.8039 3.9750 -1.6289 0.1761
Car -1 -1 0.8858 0.0000 742.8862 202.2696 918.7648 1.6130 1.8436 4.5965 -11.3587 3.0959 17.2745 0.2795 0.1731
Car -1 -1 -1.5093 129.9076 763.5287 281.7523 915.5363 1.6120 1.7784 3.8918 -10.9543 3.8405 21.9001 -1.9848 0.1729
