Pedestrian -1 -1 1.6363 1156.4825 768.0797 1245.1696 982.1603 1.6467 0.6715 0.5885 1.9868 2.8660 12.3657 1.8243 0.6230
Pedestrian -1 -1 1.3870 1244.2610 750.2233 1304.5009 889.2404 1.7451 0.6841 0.6462 4.1226 3.4264 19.7231 1.6185 0.4971
Pedestrian -1 -1 -0.9951 1121.6278 768.7019 1209.4147 947.2946 1.6349 0.5975 0.6563 2.0292 3.1053 14.8482 -0.8357 0.4149
Pedestrian -1 -1 -1.2140 1197.3428 775.1000 1273.0549 942.9048 1.6017 0.5738 0.6337 2.8329 3.1958 15.4500 -1.0056 0.3721
Pedestrian -1 -1 -1.7534 93.5302 760.4785 136.1807 849.8535 1.6107 0.6010 0.6540 -16.2676 4.2566 28.7405 -2.2751 0.3077
Pedestrian -1 -1 0.0469 1059.0411 785.3706 1102.8264 914.1575 1.5643 0.5520 0.5274 1.5438 3.6633 19.2501 0.1442 0.2041
Car -1 -1 -1.2980 637.9050 759.7654 901.3979 957.1537 1.4967 1.8200 3.8924 -1.9219 3.1460 16.2236 -1.4150 0.3800
Car -1 -1 -1.8365 1187.7657 782.2429 1361.2079 916.9435 1.5027 1.7538 3.7413 4.7186 4.1270 23.0372 -1.6113 0.2643
Car -1 -1 2.0717 0.0000 756.9390 239.6872 885.7038 1.5452 1.8226 4.1809 -13.6491 3.8838 24.3777 1.5508 0.2474
Car -1 -1 -1.6733 1142.2069 799.0486 1258.7185 913.2173 1.4814 1.7956 3.9663 4.3477 4.9427 27.6801 -1.4982 0.1835
