Pedestrian -1 -1 1.3637 1313.3251 743.5947 1411.5874 975.9833 1.6655 0.6363 0.5612 3.0332 2.5906 11.3447 1.6675 0.6650
Pedestrian -1 -1 1.4360 1398.5339 736.8463 1461.4341 887.5018 1.7510 0.6725 0.6657 5.7460 3.1549 18.3596 1.7724 0.5343
Pedestrian -1 -1 -0.6492 1369.2819 779.0271 1467.7753 959.4383 1.6291 0.5875 0.7079 4.4455 3.1696 14.5575 -0.3149 0.4668
Pedestrian -1 -1 -1.5631 1553.1858 760.7258 1610.2827 901.7819 1.6515 0.6329 0.6426 7.7836 3.3934 18.7531 -1.1322 0.3812
Pedestrian -1 -1 3.2877 182.9769 775.1381 240.7545 895.1073 1.5439 0.6713 0.6323 -10.3745 3.6677 20.7189 2.8099 0.3598
Pedestrian -1 -1 -0.6285 1298.4019 781.1630 1387.8517 967.9161 1.6192 0.5821 0.5833 3.5596 3.1169 13.9611 -0.3438 0.3108
Pedestrian -1 -1 -1.3097 301.6628 791.6828 341.4769 877.4797 1.6588 0.6069 0.6394 -13.1162 5.1199 30.6736 -1.7151 0.2184
Cyclist -1 -1 -0.6331 1346.2781 776.3321 1457.7931 959.6674 1.6445 0.6184 0.8366 4.2772 3.1589 14.5332 -0.3098 0.1133
Car -1 -1 -0.8184 1293.7939 682.6484 1936.0000 1216.0000 1.6105 1.8761 3.9955 3.4975 1.8725 5.6111 -0.1212 0.3118
Car -1 -1 -1.8725 1328.3055 781.5941 1519.0681 925.4435 1.5526 1.7409 3.7091 6.7124 4.0640 22.0946 -1.5491 0.2051
Car -1 -1 -1.7674 1230.0500 771.2097 1340.3004 856.5482 1.4591 1.8050 4.1180 7.4649 5.0703 34.8210 -1.5364 0.1899
