Pedestrian -1 -1 1.3655 1495.4109 730.9259 1617.2404 1001.1844 1.6752 0.6594 0.7488 3.9832 2.4194 10.0556 1.8038 0.7750
Pedestrian -1 -1 -1.6508 1788.6570 767.5710 1860.2465 932.2507 1.7646 0.6931 0.6437 9.9436 3.4526 17.2459 -1.0821 0.4094
Pedestrian -1 -1 3.1872 326.3936 777.4367 375.2101 888.4120 1.4241 0.6693 0.6042 -8.4673 3.5842 20.7590 2.7892 0.3169
Pedestrian -1 -1 -1.6123 1406.6721 796.1859 1462.6458 958.5736 1.7663 0.6113 0.5804 5.5065 3.8023 17.4085 -1.2723 0.2141
Pedestrian -1 -1 -1.8176 1789.9635 748.5327 1936.0000 1105.3541 1.5949 0.5766 0.4871 4.3771 2.2225 7.2543 -1.1710 0.2091
Cyclist -1 -1 -0.8243 1518.3732 755.4000 1748.4458 969.4633 1.7254 0.7468 1.9336 6.0984 2.9694 13.5715 -0.3520 0.4924
Car -1 -1 -2.4186 1763.2444 655.1010 1936.0000 1216.0000 1.5852 1.8671 3.9628 3.0409 1.6865 2.8525 -1.2918 0.5984
Car -1 -1 -1.3972 203.2237 759.2391 380.1274 904.3483 1.5568 1.7584 3.7136 -9.6407 3.6962 21.7979 -1.8241 0.3873
Car -1 -1 1.0861 789.7310 787.3653 1096.0963 980.0144 1.4611 1.8151 4.2852 -0.3645 3.6211 17.5654 1.0753 0.3697
Car -1 -1 0.3378 137.6043 794.6817 325.4493 868.2253 1.6508 1.8648 4.1385 -19.4833 6.3323 40.0762 -0.1125 0.2345
