Pedestrian -1 -1 1.3714 1245.4904 760.2860 1345.4022 987.2527 1.6691 0.6716 0.6241 2.6084 2.7603 11.7224 1.6269 0.6566
Pedestrian -1 -1 1.4141 1311.6134 742.0539 1374.4032 890.2362 1.7949 0.6979 0.6493 4.8565 3.3163 19.0555 1.6924 0.4947
Pedestrian -1 -1 -2.0256 1198.7050 775.3685 1278.0692 955.2606 1.6316 0.5630 0.5912 2.6833 3.1275 14.5122 -1.8145 0.3958
Pedestrian -1 -1 -1.3791 1308.9736 784.5806 1378.7604 951.4307 1.5376 0.5492 0.6322 3.8326 3.1791 14.9665 -1.0949 0.3383
Pedestrian -1 -1 -1.4184 1480.6182 763.6654 1539.4703 900.9193 1.6333 0.6003 0.6140 6.9956 3.4405 19.0581 -1.0319 0.3232
Pedestrian -1 -1 -0.1721 1391.5055 773.5211 1481.9963 1009.3841 1.6627 0.6254 0.5810 3.5998 2.8271 11.3563 0.1821 0.2404
Car -1 -1 -1.3914 727.2205 757.4720 972.5369 963.9197 1.5348 1.8633 4.1253 -1.0368 3.1491 16.0507 -1.4506 0.3951
Car -1 -1 2.0116 28.5994 763.3439 268.6804 893.0552 1.5101 1.7984 4.2118 -12.9622 3.9477 24.1727 1.5093 0.3565
Car -1 -1 0.3705 1354.4596 714.6358 1936.0000 1216.0000 1.4835 1.7133 3.8244 3.1655 1.8893 4.6678 1.1415 0.3418
Car -1 -1 -1.1597 1328.4193 765.5584 1556.0629 907.0681 1.6075 1.8105 4.0491 7.5430 3.9915 23.2503 -0.8174 0.2474
Car -1 -1 -1.7364 1169.9911 785.1195 1272.4800 872.2867 1.5206 1.8252 4.0463 6.1259 5.5582 35.6429 -1.5479 0.2053
