Pedestrian -1 -1 1.3143 1544.4340 730.0154 1673.7258 1007.2480 1.6736 0.6527 0.6951 4.2050 2.3876 9.7482 1.7877 0.6763
Pedestrian -1 -1 -1.6185 1843.6407 779.8588 1916.6044 947.4425 1.7385 0.6893 0.7038 10.3680 3.5376 16.8820 -1.0206 0.4740
Pedestrian -1 -1 1.6791 1538.9890 781.7885 1609.3831 943.8486 1.6554 0.6353 0.6196 6.7792 3.4351 16.5349 2.1086 0.3864
Pedestrian -1 -1 -1.5680 1022.8367 887.0417 1073.1372 1027.8499 1.7422 0.6625 0.6210 1.1695 5.3220 20.0865 -1.4934 0.2152
Pedestrian -1 -1 1.7021 1465.4231 778.7682 1526.6340 938.3600 1.7105 0.5808 0.5184 6.1189 3.5086 17.1069 2.0823 0.1961
Pedestrian -1 -1 0.0664 535.1053 746.0524 607.0081 967.0086 1.6643 0.5769 0.5303 -3.1154 2.6614 11.9705 -0.2081 0.1858
Pedestrian -1 -1 -1.2175 1527.8818 758.8578 1629.9037 972.3200 1.6696 0.5985 0.6338 5.2366 2.8444 12.6789 -0.7751 0.1856
Cyclist -1 -1 -0.8565 1540.5116 752.7107 1771.0973 967.3312 1.6927 0.7241 1.9296 6.1768 2.8879 13.2981 -0.3699 0.7169
Car -1 -1 3.4542 183.2716 797.3632 360.8394 868.3027 1.6005 1.8199 3.9859 -18.5433 6.3882 40.3813 3.0265 0.2065
Car -1 -1 -1.5223 254.7681 766.4021 397.4846 909.6216 1.4764 1.7376 3.7803 -9.0713 3.7159 21.5918 -1.9299 0.1473
