Pedestrian -1 -1 2.6465 1157.7495 759.6042 1265.0660 997.3323 1.8040 0.6644 0.6343 2.0369 2.9423 12.2257 2.8411 0.6268
Pedestrian -1 -1 1.4053 1266.2245 743.5723 1327.4955 885.8245 1.7738 0.6961 0.6896 4.3996 3.3618 19.6396 1.6521 0.3641
Pedestrian -1 -1 -0.8425 1151.3143 781.1098 1236.6467 955.1889 1.5921 0.5539 0.6317 2.3070 3.1843 14.8303 -0.6629 0.3634
Pedestrian -1 -1 -1.6542 1241.3621 783.3928 1303.3424 954.8665 1.6287 0.5839 0.6150 3.1536 3.2760 15.1951 -1.4202 0.2654
Pedestrian -1 -1 -1.4363 837.6984 767.4532 965.5675 1102.8615 1.5520 0.5712 0.5313 -0.2873 2.2909 7.4591 -1.4761 0.1815
Car -1 -1 -1.5638 1112.9240 803.6574 1189.8007 890.0488 1.5551 1.8391 4.1171 4.8896 6.3677 38.0879 -1.4194 0.3295
Car -1 -1 -2.6068 1284.5759 693.2866 1936.0000 1216.0000 1.5577 1.7037 3.7087 2.8465 1.8794 4.9975 -1.9356 0.2230
Car -1 -1 -1.4739 695.4189 754.5257 906.8845 956.0799 1.5721 1.8658 4.0655 -1.6033 3.1627 16.3154 -1.5692 0.2143
Car -1 -1 1.0868 0.0000 733.9523 394.2433 933.2402 1.4388 1.7334 4.2817 -7.6976 2.6537 14.7652 0.5774 0.2119
Car -1 -1 2.0527 26.8551 760.1986 279.4787 891.0895 1.5548 1.8432 4.3532 -13.0479 3.9688 24.4889 1.5535 0.1876
