Pedestrian -1 -1 1.4013 1414.4337 734.6530 1519.5854 984.6951 1.6666 0.6417 0.6180 3.5921 2.4761 10.6601 1.7787 0.5657
Pedestrian -1 -1 1.5609 1471.9536 749.8599 1534.9022 910.4783 1.7847 0.6838 0.6564 6.4267 3.3011 17.7169 1.9453 0.5015
Pedestrian -1 -1 -1.4701 1685.7014 749.4468 1753.3646 897.3506 1.6483 0.6328 0.6678 9.0720 3.1760 17.8880 -0.9579 0.4377
Pedestrian -1 -1 3.2373 257.8901 777.7606 311.4946 887.1230 1.3988 0.6850 0.6225 -9.3792 3.5633 20.7482 2.8004 0.4093
Pedestrian -1 -1 -1.6812 369.7437 792.0518 405.4369 879.4648 1.6939 0.6281 0.5926 -11.8724 5.1983 30.9451 -2.0476 0.2717
Pedestrian -1 -1 -0.7156 1385.7374 752.6934 1486.6830 960.9117 1.7338 0.6218 0.6016 4.2302 2.9078 13.3394 -0.3669 0.2643
Pedestrian -1 -1 -3.5145 1654.1116 768.6118 1802.2300 1131.0327 1.7325 0.6131 0.5341 3.9713 2.5137 7.7780 -2.9541 0.2090
Pedestrian -1 -1 -1.4101 1400.3717 747.8160 1461.4818 901.3147 1.7864 0.6254 0.5403 5.7834 3.3313 18.4098 -1.0728 0.1836
Pedestrian -1 -1 -0.6449 1453.6517 754.3503 1625.2662 940.5609 1.6228 0.6740 1.3802 5.4789 2.8938 14.1962 -0.2319 0.1210
Cyclist -1 -1 -0.4728 1440.2838 749.8505 1663.9747 942.8323 1.6902 0.7060 1.8212 5.5150 2.8947 14.0162 -0.0524 0.4188
Car -1 -1 -2.7087 1623.8036 690.3457 1936.0000 1216.0000 1.5343 1.8241 4.0858 3.4035 1.7714 3.3091 -1.6476 0.4476
Car -1 -1 3.4545 51.3887 788.9664 256.2805 868.6180 1.7156 1.8777 4.3217 -20.9198 6.1283 38.9120 2.9623 0.1994
Car -1 -1 -1.5052 156.5060 767.7679 303.1952 902.4468 1.4010 1.7042 3.4295 -10.4328 3.6398 21.5225 -1.9688 0.1894
