Pedestrian -1 -1 1.6665 209.3244 743.6599 262.6101 865.7181 1.7480 0.6727 0.6834 -11.0073 3.5866 22.7116 1.2040 0.5908
Pedestrian -1 -1 1.3281 1869.0927 752.2243 1936.0000 946.0352 1.7016 0.6521 0.5697 8.9431 2.9284 14.0227 1.9526 0.4670
Pedestrian -1 -1 -0.2467 1874.4716 797.5474 1936.0000 923.5859 1.5212 0.7051 0.6403 12.4783 3.8472 19.7046 0.3599 0.3373
Pedestrian -1 -1 -1.5512 602.0716 750.0247 641.1855 849.3032 1.6348 0.6498 0.6741 -5.9040 3.8449 26.0183 -1.7735 0.3279
Pedestrian -1 -1 1.5788 1769.5508 752.6497 1844.4640 950.3749 1.8324 0.6103 0.6721 8.4213 3.1423 14.8858 2.1449 0.3200
Pedestrian -1 -1 3.1486 552.9183 785.5560 596.6937 902.7083 1.4679 0.6544 0.5631 -5.2143 3.6779 20.1848 2.8916 0.2453
Pedestrian -1 -1 1.8469 1724.7560 832.1323 1822.9548 1015.3751 1.5534 0.6120 0.7544 7.7413 3.5940 14.2452 2.3957 0.2119
Pedestrian -1 -1 1.9249 27.3693 745.2803 132.9067 950.2263 1.6224 0.6194 0.5681 -7.4039 2.6633 12.5866 1.3544 0.2053
Pedestrian -1 -1 -3.3688 1532.7678 779.8755 1606.0138 980.7689 1.7106 0.5770 0.5212 5.5169 3.1535 13.5873 -2.9362 0.1676
Car -1 -1 -1.3838 492.2074 751.0499 781.8160 996.2922 1.5926 1.8844 4.2691 -2.8448 2.9623 14.0820 -1.5921 0.3321
Car -1 -1 2.0171 0.0000 806.4723 174.1848 946.8464 1.5931 1.9039 4.2898 -15.0456 4.8969 24.9786 1.4668 0.1833
