Pedestrian -1 -1 1.4810 1729.9376 740.8882 1809.5374 932.2599 1.7819 0.6725 0.7109 8.0740 2.9783 14.9580 2.0265 0.6399
Pedestrian -1 -1 1.3591 1770.0331 712.9533 1923.3700 1046.9032 1.7509 0.6733 0.6586 5.0142 2.2775 8.5066 1.9796 0.4415
Pedestrian -1 -1 -1.9151 1353.8497 645.6909 1574.3112 1178.3341 1.7478 0.6240 0.5119 1.7311 1.8242 5.2103 -1.4872 0.4054
Pedestrian -1 -1 1.8482 76.4634 747.1846 141.1089 868.9418 1.7371 0.6803 0.7459 -12.9186 3.6282 22.6792 1.3173 0.3368
Pedestrian -1 -1 -1.4982 521.1116 771.6013 561.8758 871.2118 1.6315 0.6377 0.6299 -7.2830 4.2151 25.9639 -1.7724 0.3345
Pedestrian -1 -1 2.5324 1618.0618 770.6440 1698.2646 928.9869 1.5904 0.5776 0.5510 7.4189 3.1748 15.9347 3.0128 0.3307
Car -1 -1 -1.4116 367.5699 738.9698 652.4961 993.5058 1.6833 1.9359 4.3605 -4.0768 2.9439 14.2343 -1.7062 0.3339
Car -1 -1 -1.5512 1014.6426 766.2957 1198.0372 963.0660 1.4864 1.7359 3.6747 1.6283 3.1853 16.0270 -1.4302 0.3280
Car -1 -1 1.2787 1687.0519 816.2595 1832.9585 916.5212 1.5264 1.8543 4.1072 17.7329 6.0832 33.4029 1.7937 0.2674
Car -1 -1 1.8688 1704.6631 778.8809 1936.0000 948.8257 1.5014 1.6381 3.8934 10.9020 3.5987 18.4912 2.4450 0.2591
