Pedestrian -1 -1 1.2275 1656.2006 735.9724 1805.1198 1032.2826 1.6596 0.6407 0.7095 4.6606 2.3661 9.0988 1.7781 0.7120
Pedestrian -1 -1 1.5160 1627.0212 752.2703 1695.6167 927.3043 1.7293 0.6451 0.6401 7.3983 3.1129 15.8187 1.9987 0.5150
Pedestrian -1 -1 -3.2664 1255.0496 774.8350 1314.2051 953.2644 1.6599 0.6031 0.5174 3.1929 3.1766 14.7967 -3.0234 0.4499
Pedestrian -1 -1 -1.8525 1259.3164 657.4595 1453.1708 1149.4790 1.7302 0.6064 0.5186 1.4535 1.8575 5.5712 -1.5150 0.3237
Pedestrian -1 -1 -0.8329 1665.2794 768.0301 1807.1749 981.7999 1.6614 0.6222 0.8792 6.5320 2.9101 12.6204 -0.2984 0.2793
Pedestrian -1 -1 1.6870 1544.0527 772.1638 1610.7418 942.9160 1.7570 0.5963 0.5810 6.7945 3.4203 16.4868 2.1185 0.1679
Pedestrian -1 -1 -1.4554 504.0191 754.0473 539.6613 838.8611 1.6977 0.6518 0.5962 -9.2065 4.4349 31.3455 -1.7399 0.1658
Pedestrian -1 -1 3.1771 415.0773 776.1810 460.3835 893.4153 1.4934 0.6792 0.5684 -7.1769 3.6105 20.5180 2.8321 0.1656
Pedestrian -1 -1 -0.0781 1319.8297 780.4093 1382.0245 952.7515 1.5968 0.6199 0.5715 3.8677 3.1811 14.8730 0.2103 0.1601
Pedestrian -1 -1 -1.5900 1581.2902 778.9315 1641.1188 940.8736 1.7359 0.6164 0.5343 7.4377 3.5364 17.1086 -1.1394 0.1495
Cyclist -1 -1 1.0392 0.0000 722.7272 106.2471 848.3433 1.7401 0.8443 1.8311 -13.9876 3.2799 22.7442 0.4730 0.2936
Cyclist -1 -1 -0.7911 1655.5890 761.5946 1856.8325 982.8136 1.7067 0.6745 1.4168 6.7160 2.9090 12.6539 -0.2458 0.2421
Car -1 -1 -1.5371 328.0844 764.5040 463.8221 903.9747 1.4743 1.6987 3.5491 -8.1282 3.6803 21.6762 -1.9041 0.2768
