Pedestrian -1 -1 1.4556 1775.9647 736.6847 1860.8463 932.0750 1.7841 0.6791 0.6724 8.3688 2.9110 14.6236 2.0282 0.6244
Pedestrian -1 -1 1.1583 1795.6100 703.5878 1936.0000 1058.4677 1.7911 0.6947 0.7381 5.0623 2.2448 8.1823 1.8054 0.5826
Pedestrian -1 -1 1.6488 143.3532 731.9459 197.8636 859.5772 1.8314 0.6846 0.7714 -12.0325 3.4969 22.7753 1.1503 0.5073
Pedestrian -1 -1 -3.4349 1343.3425 755.6806 1415.0596 956.7619 1.7872 0.6097 0.5085 3.9057 3.0387 14.0021 -3.1259 0.3836
Pedestrian -1 -1 -3.3551 1834.5942 805.0172 1936.0000 1038.4174 1.6918 0.6038 0.7440 7.4308 3.1786 11.9198 -2.7344 0.3531
Pedestrian -1 -1 -2.0018 1411.5294 653.2064 1655.4180 1213.2872 1.7278 0.6197 0.5220 1.8596 1.8262 4.9195 -1.5150 0.3444
Pedestrian -1 -1 -1.4989 543.2411 779.9315 584.0585 880.9362 1.6455 0.6379 0.6596 -6.8877 4.3729 25.9244 -1.7584 0.3062
Pedestrian -1 -1 -1.5172 1658.1355 755.2447 1726.4049 936.6689 1.7993 0.5922 0.6077 7.7456 3.2162 15.8411 -1.0166 0.2599
Pedestrian -1 -1 1.7731 90.4627 735.6786 146.1597 857.4786 1.7830 0.6434 0.6045 -12.9503 3.5147 22.9875 1.2471 0.2539
Car -1 -1 -1.3983 431.7567 754.9916 705.4475 991.5735 1.5280 1.8214 4.0039 -3.4889 2.9270 14.0093 -1.6556 0.5396
Car -1 -1 -1.4112 378.9098 770.5188 545.0744 911.9857 1.4662 1.7066 3.6915 -7.0680 3.7504 21.4965 -1.7352 0.2420
Car -1 -1 -1.5281 1085.6760 750.9084 1279.5653 954.0401 1.5642 1.7867 3.7192 2.4761 3.0834 16.0195 -1.3505 0.2077
