Pedestrian -1 -1 1.6262 286.4954 750.1649 338.4482 877.2700 1.7857 0.6803 0.7701 -9.7265 3.7056 22.4387 1.2076 0.4753
Pedestrian -1 -1 -1.4477 675.0275 752.2040 717.3181 851.4070 1.6504 0.6418 0.7527 -4.6525 3.9207 26.2766 -1.6197 0.3742
Pedestrian -1 -1 1.5837 1869.3644 783.5270 1936.0000 981.0787 1.7314 0.6197 0.6307 9.0445 3.2890 14.2469 2.2042 0.2300
Pedestrian -1 -1 1.5959 1487.6868 735.3467 1566.5057 944.9724 1.7016 0.5951 0.6496 4.9236 2.6928 13.0013 2.0055 0.2137
Pedestrian -1 -1 3.1081 618.3480 792.3212 675.5912 895.4731 1.2698 0.6880 0.7328 -4.2504 3.5787 20.2011 2.8990 0.1946
Pedestrian -1 -1 3.2318 217.3696 770.6227 266.3256 875.2681 1.7395 0.6618 0.7292 -12.7509 4.3665 26.5203 2.7775 0.1908
Cyclist -1 -1 0.5420 216.0364 793.6252 403.9082 925.5339 1.6105 0.7996 2.2217 -8.7577 3.9435 20.1468 0.1207 0.1857
Car -1 -1 2.0398 0.0000 752.9464 148.0880 882.0007 1.5191 1.7889 4.1061 -14.8773 3.7536 23.9644 1.4719 0.2202
Car -1 -1 -1.5393 639.3851 776.2580 769.8993 915.3204 1.4521 1.7226 3.7390 -3.6773 3.8643 21.8654 -1.7039 0.1792
Car -1 -1 -1.5144 592.1735 750.6525 822.7023 991.6753 1.5532 1.8165 4.0360 -2.2356 2.9022 13.9374 -1.6790 0.1466
