Pedestrian -1 -1 1.3393 1589.4601 756.6665 1715.8638 1036.4257 1.6331 0.6341 0.6263 4.3666 2.5025 9.4802 1.8408 0.6844
Pedestrian -1 -1 1.4211 1580.6879 763.5898 1653.7762 932.8286 1.7129 0.6602 0.6424 7.0989 3.2536 16.2069 1.8766 0.6599
Pedestrian -1 -1 -1.7629 1874.5084 771.9758 1936.0000 942.2043 1.7531 0.6989 0.6478 10.5898 3.4289 16.5992 -1.1463 0.5098
Pedestrian -1 -1 -3.2875 1190.7745 779.0844 1252.1493 951.7899 1.6402 0.6100 0.5412 2.6190 3.2290 15.0908 -3.0890 0.3799
Pedestrian -1 -1 1.3309 1183.9521 660.8665 1368.7375 1133.4261 1.7592 0.6282 0.5212 1.2217 1.9070 5.8778 1.6001 0.2892
Pedestrian -1 -1 -0.0792 1284.5985 774.7485 1340.7948 947.5055 1.6498 0.5881 0.5285 3.5664 3.2070 15.2035 0.1827 0.2492
Pedestrian -1 -1 1.8924 1469.7563 806.3016 1545.7577 974.8912 1.7323 0.6030 0.6747 6.1377 3.8241 16.7919 2.2800 0.1963
Pedestrian -1 -1 3.1501 370.8200 780.0705 417.6593 895.1968 1.4666 0.6369 0.5928 -7.7869 3.6398 20.5404 2.7781 0.1614
Cyclist -1 -1 -0.8234 1580.6058 752.2465 1822.7117 971.8073 1.7048 0.7494 1.9014 6.4346 2.8675 13.0080 -0.3096 0.6856
Car -1 -1 -1.4412 270.8963 769.3482 431.8473 909.6499 1.4668 1.7232 3.6697 -8.7585 3.7594 21.7391 -1.8333 0.2080
