Pedestrian -1 -1 -1.4559 638.3423 749.2211 680.5081 848.2389 1.6358 0.6414 0.7065 -5.2494 3.8316 26.0339 -1.6529 0.4217
Pedestrian -1 -1 1.5542 251.3709 746.1721 302.0613 872.1729 1.7863 0.6772 0.7476 -10.3571 3.6599 22.6191 1.1145 0.3668
Pedestrian -1 -1 -2.0963 1572.1371 486.7298 1892.4045 1205.8953 1.9111 0.6620 0.5688 2.1807 1.5439 4.2968 -1.4480 0.2686
Pedestrian -1 -1 3.0664 593.2966 779.7751 646.7201 892.2081 1.4064 0.6433 0.6562 -4.6196 3.5432 20.2272 2.8390 0.2657
Pedestrian -1 -1 1.5767 1822.8557 837.2025 1905.6603 1032.9227 1.7117 0.6514 0.6407 8.7575 3.8339 14.5000 2.1717 0.1563
Pedestrian -1 -1 1.8613 146.5313 774.7687 197.7436 878.8805 1.7393 0.6499 0.6316 -13.9440 4.4264 26.4371 1.3689 0.1390
Car -1 -1 -1.4720 509.8238 755.5798 758.5306 1005.4708 1.5630 1.8269 4.1205 -2.8296 2.9529 13.7543 -1.6847 0.2579
Car -1 -1 -2.9524 974.2463 725.5390 1395.9358 923.7324 1.5842 1.8737 3.9063 2.2884 2.7076 15.1205 -2.7775 0.2394
Car -1 -1 -2.0026 1791.1398 825.4551 1936.0000 936.9388 1.4359 1.8666 3.9678 17.8417 5.5973 28.9270 -1.4192 0.1500
Car -1 -1 2.0352 0.0000 786.2252 154.3160 917.5179 1.5050 1.8385 4.2561 -15.2675 4.4159 24.7753 1.4732 0.1365
