Pedestrian -1 -1 1.6585 323.3990 744.9955 377.5131 874.2790 1.8140 0.6886 0.7933 -9.1249 3.6486 22.3620 1.2621 0.4706
Pedestrian -1 -1 -1.2220 710.3832 749.2419 758.8624 846.5379 1.6139 0.6261 0.7403 -3.9841 3.8377 26.3194 -1.3679 0.2051
Pedestrian -1 -1 3.1335 237.4562 768.8291 288.0749 872.3521 1.7104 0.6745 0.8038 -12.3880 4.3086 26.5174 2.6905 0.1766
Cyclist -1 -1 0.7799 259.9305 768.3664 428.6950 909.6491 1.7048 0.8379 2.1552 -8.4289 3.7403 20.4301 0.3779 0.3174
Car -1 -1 -1.4334 206.4498 742.1935 510.6477 1020.7769 1.5274 1.8214 3.9747 -4.6852 2.6509 12.1685 -1.8308 0.3705
Car -1 -1 1.1962 1842.5969 822.1354 1936.0000 937.4533 1.5409 1.8482 4.2070 19.4118 5.7914 29.9686 1.8013 0.2769
Car -1 -1 1.9629 0.0000 750.4907 142.5092 877.9265 1.4888 1.7571 3.9414 -14.6399 3.6542 23.6904 1.3965 0.2601
Car -1 -1 -1.6890 1163.9520 733.0338 1398.2467 962.7597 1.5861 1.8118 3.8686 2.8898 2.7631 14.2537 -1.4587 0.1919
Car -1 -1 1.1115 1893.4117 834.0126 1936.0000 973.5283 1.4384 1.9424 4.1802 17.1351 5.1568 24.3559 1.7602 0.1842
Car -1 -1 0.2279 573.5377 801.6700 743.1908 874.7409 1.7227 1.8840 4.2594 -8.2997 6.7156 41.2174 0.0373 0.1838
