Pedestrian -1 -1 -1.8108 1247.3259 761.8594 1304.7649 890.4025 1.5898 0.6199 0.5822 4.0807 3.3946 19.4136 -1.5779 0.4076
Pedestrian -1 -1 1.4362 1759.4243 801.7470 1845.4883 1000.8453 1.6804 0.6413 0.6783 7.7772 3.3704 13.8490 2.0013 0.3547
Pedestrian -1 -1 1.6147 1773.8997 741.6075 1870.9532 982.5867 1.6900 0.5671 0.6849 6.5459 2.6113 11.3613 2.2034 0.1880
Pedestrian -1 -1 3.0039 949.3179 782.5092 979.1821 866.4356 1.8046 0.6770 0.5978 0.0646 5.4198 33.9286 3.0185 0.1818
Pedestrian -1 -1 -1.5353 782.2148 763.8790 828.7687 890.9903 1.7819 0.6560 0.5460 -2.2765 3.8443 21.8979 -1.6333 0.1708
Pedestrian -1 -1 -3.3818 1686.2383 801.5009 1759.1240 979.7168 1.6830 0.5990 0.5558 7.7346 3.5221 15.2089 -2.8640 0.1542
Pedestrian -1 -1 3.1529 803.5887 779.1691 853.5930 896.2546 1.4176 0.6488 0.6341 -1.7124 3.4511 19.3656 3.0700 0.1539
Car -1 -1 -1.5524 678.3056 760.7296 821.1445 911.6072 1.5326 1.7866 3.8057 -2.8888 3.6008 20.7756 -1.6878 0.3731
Car -1 -1 -1.5646 709.2039 783.1456 781.0781 860.2590 1.5619 1.8390 3.8160 -5.8266 6.0654 40.5481 -1.6984 0.2253
Car -1 -1 -1.6259 728.7657 738.7394 986.2444 1023.5127 1.6485 1.7890 3.8479 -0.9658 2.7391 12.3016 -1.7036 0.1772
Car -1 -1 2.0555 337.5403 762.4283 516.4466 859.4684 1.5086 1.8225 4.1810 -11.2042 4.6249 31.6855 1.7155 0.1497
