Pedestrian -1 -1 3.0873 906.7067 780.2595 965.9963 901.6155 1.4348 0.6736 0.7222 -0.3221 3.4413 18.9561 3.0805 0.3296
Pedestrian -1 -1 -0.0227 960.4258 757.5201 992.0328 860.9329 1.7077 0.5890 0.5379 0.2544 4.0169 25.7448 -0.0004 0.3094
Pedestrian -1 -1 1.6714 604.8761 710.2006 663.9535 850.3237 1.8391 0.7118 0.9499 -4.5285 3.0529 20.7657 1.4537 0.2754
Pedestrian -1 -1 3.1385 865.5185 783.6414 928.4319 925.0144 1.4480 0.6616 0.6768 -0.7048 3.2289 16.4330 3.1030 0.1504
Pedestrian -1 -1 -0.2263 1181.0208 837.3669 1233.4250 966.9439 1.5255 0.5991 0.5448 3.1089 4.2597 18.9342 -0.0406 0.1376
Pedestrian -1 -1 2.3479 1848.8617 753.4072 1936.0000 1064.5857 1.6344 0.6468 0.5805 5.5463 2.3961 8.5068 3.0161 0.1200
Pedestrian -1 -1 1.7246 605.5811 802.8626 663.3443 955.7033 1.7115 0.5983 0.4903 -3.8465 3.8403 17.6247 1.5061 0.1054
Pedestrian -1 -1 -1.2217 39.5900 822.5090 190.6902 1094.0696 1.4571 0.6201 0.6925 -5.0839 2.7029 9.0216 -1.7934 0.1047
Cyclist -1 -1 2.0050 656.7828 793.9581 778.4122 957.0782 1.6660 0.7442 1.8958 -2.9631 3.8592 18.3872 1.8458 0.1625
Cyclist -1 -1 1.7535 581.8678 711.8297 664.0605 860.8304 1.8000 0.7433 1.9717 -4.5499 3.0344 20.2339 1.5285 0.1032
Car -1 -1 0.4064 82.7732 795.4474 268.5242 863.3282 1.5584 1.8368 4.0891 -21.3484 6.3291 40.7637 -0.0741 0.1171
Car -1 -1 -2.9346 771.0110 796.7947 950.5683 875.0910 1.7115 1.9426 4.4371 -2.6286 6.4213 39.6780 -2.9895 0.1142
Car -1 -1 -1.5321 804.9232 778.0325 947.3091 928.9503 1.4740 1.7388 3.7416 -1.0660 3.7436 20.2882 -1.5763 0.1052
Car -1 -1 3.5067 164.3781 785.3588 359.6012 856.6735 1.7541 1.9452 4.6986 -20.0297 6.4883 42.9927 3.0740 0.1033
