Pedestrian -1 -1 -1.9166 1250.9359 757.4543 1309.0336 884.7460 1.5696 0.5898 0.5638 4.1305 3.3172 19.4038 -1.6810 0.3862
Pedestrian -1 -1 3.0338 111.2475 770.9682 183.1041 870.6224 1.3429 0.7910 0.8560 -12.1932 3.5861 22.3953 2.5223 0.2588
Pedestrian -1 -1 -1.5731 803.6261 770.1237 847.9938 895.5390 1.7496 0.6371 0.5275 -1.9754 3.8973 21.8252 -1.6569 0.1752
Pedestrian -1 -1 1.5787 1791.7262 800.6393 1883.4502 1007.0222 1.6635 0.6619 0.9563 7.9909 3.3331 13.6258 2.1642 0.1601
Cyclist -1 -1 2.1696 520.8186 778.0805 657.9230 935.7521 1.6597 0.7473 1.8614 -4.6143 3.6770 18.6919 1.9228 0.2244
Cyclist -1 -1 1.3398 1794.8275 795.1541 1924.4946 1018.3109 1.6684 0.7244 1.6117 8.0167 3.2953 13.4083 1.9350 0.1979
Car -1 -1 -1.5645 754.8134 755.2304 1011.1985 1021.9182 1.5230 1.8079 3.9892 -0.6281 2.7937 12.5518 -1.6102 0.4938
Car -1 -1 -1.5548 714.4933 770.0613 856.9758 922.9371 1.5324 1.7774 3.7517 -2.3768 3.7259 20.6465 -1.6651 0.3276
Car -1 -1 -2.8479 677.8598 795.2913 846.9390 872.1520 1.6939 1.9203 4.0960 -5.2857 6.3992 40.0000 -2.9698 0.1755
Car -1 -1 -1.3024 1461.2444 744.1819 1817.2487 971.6951 1.4422 1.8136 3.8931 6.2899 2.6949 13.6629 -0.8200 0.1542
