Pedestrian -1 -1 -1.5372 731.3743 750.1655 769.2824 850.6516 1.6651 0.6286 0.6643 -3.6693 3.8771 26.0456 -1.6723 0.3635
Pedestrian -1 -1 1.6461 357.2270 751.0299 410.5989 882.8938 1.8353 0.6904 0.6715 -8.5038 3.7304 22.0461 1.2697 0.2331
Pedestrian -1 -1 -1.3197 143.6679 757.1343 244.8677 955.7202 1.5451 0.6355 0.6226 -6.4118 2.6866 12.5267 -1.8286 0.2313
Pedestrian -1 -1 -0.4218 1603.6166 740.8156 1718.0387 955.1362 1.6751 0.6467 0.6727 5.7916 2.6638 12.4092 0.0703 0.1849
Pedestrian -1 -1 -1.4155 388.3913 673.3327 521.8738 1000.3831 1.8909 0.7065 0.6205 -3.0752 2.1991 9.1360 -1.7832 0.1782
Pedestrian -1 -1 -0.4842 1691.0214 740.9544 1799.1038 960.7072 1.7184 0.6304 0.5838 6.4741 2.7045 12.3753 0.0564 0.1623
Car -1 -1 -0.5280 1211.4825 740.8204 1763.4702 946.4177 1.4668 1.8484 4.2636 4.5717 2.5938 13.3020 -0.1526 0.5344
Car -1 -1 -1.4098 236.2547 734.5448 548.5859 1017.3387 1.6101 1.8318 3.9906 -4.4630 2.6708 12.3217 -1.7849 0.1670
Car -1 -1 1.0714 1903.5581 805.5329 1936.0000 917.4061 1.4329 1.7773 3.9121 19.4666 5.0496 27.8790 1.7140 0.1660
Car -1 -1 -1.4181 565.8367 775.6715 659.5653 853.2487 1.5665 1.8406 4.0389 -9.3403 5.8443 40.3518 -1.6391 0.1544
