Pedestrian -1 -1 -1.3736 1754.1854 728.4925 1858.6179 968.3158 1.8189 0.6180 0.5412 6.8403 2.6859 12.1054 -0.7974 0.1954
Pedestrian -1 -1 2.1978 1622.5483 749.1593 1750.7969 968.6756 1.6425 0.6194 0.7191 5.8693 2.6848 12.1115 2.7066 0.1772
Pedestrian -1 -1 1.6029 396.3176 744.0625 446.5627 875.1604 1.8035 0.6721 0.6946 -7.8623 3.5754 21.8007 1.2489 0.1761
Pedestrian -1 -1 3.1452 716.9152 767.4616 762.5032 893.9663 1.5822 0.6389 0.5896 -2.9413 3.5105 19.8687 2.9998 0.1669
Cyclist -1 -1 0.7607 308.3001 749.0118 481.1078 892.7966 1.7531 0.8485 2.2313 -7.7517 3.5185 20.4562 0.3884 0.2278
Car -1 -1 -1.4585 606.6713 778.1071 690.7902 852.8298 1.5224 1.7856 3.7678 -8.3948 5.8646 40.4310 -1.6562 0.2583
Car -1 -1 -1.5494 604.1626 762.4875 747.3837 917.3060 1.6090 1.8203 3.8658 -4.0023 3.7534 21.2519 -1.7352 0.2335
Car -1 -1 -1.5839 655.1262 780.1520 741.4037 870.7305 1.4528 1.7522 3.6487 -5.7477 5.0432 32.6317 -1.7521 0.2058
Car -1 -1 -1.8196 1372.3889 787.9171 1649.3262 1010.5997 1.4458 1.7614 3.7785 5.1857 3.2555 14.6120 -1.4375 0.1867
Car -1 -1 -1.3528 222.2092 728.6666 566.9017 1013.6800 1.6476 1.8658 4.0286 -4.4276 2.6514 12.3324 -1.7249 0.1792
