Pedestrian -1 -1 -0.1203 933.0483 748.4955 971.2173 848.5093 1.6619 0.5892 0.6028 -0.1621 3.8368 25.9865 -0.1150 0.3180
Pedestrian -1 -1 3.0862 877.8304 787.4283 938.7034 907.9426 1.4184 0.7074 0.7413 -0.6806 3.5269 19.0173 3.0593 0.3005
Pedestrian -1 -1 3.2150 205.6425 785.3664 261.6257 878.5708 1.2905 0.6835 0.7232 -11.0472 3.7774 22.7220 2.7518 0.2729
Pedestrian -1 -1 -1.8499 1333.2830 761.6996 1393.6198 899.0702 1.6473 0.6087 0.5794 5.0532 3.3951 18.8119 -1.5577 0.2579
Pedestrian -1 -1 1.6404 583.1782 720.9048 633.7985 848.0670 1.6989 0.6472 0.6661 -4.9329 3.0676 20.9380 1.4052 0.2304
Pedestrian -1 -1 -1.2552 27.4544 790.7288 166.9463 1070.7930 1.5838 0.6126 0.6128 -5.3433 2.6544 9.2781 -1.8352 0.1552
Cyclist -1 -1 2.2934 587.6682 788.5703 739.5581 953.3638 1.6831 0.7770 1.8714 -3.6059 3.7929 18.2731 2.0967 0.2691
Cyclist -1 -1 1.7246 555.9289 718.5328 624.5200 851.5986 1.7009 0.7320 1.3625 -5.1519 3.0497 20.8302 1.4775 0.1626
Car -1 -1 -1.4791 803.5257 787.1683 956.8196 935.3938 1.4346 1.7159 3.6024 -1.0136 3.8426 20.3496 -1.5203 0.2496
Car -1 -1 -1.3376 115.5907 782.5071 226.8014 857.0495 1.5767 1.9264 4.2215 -22.9330 6.4091 43.5687 -1.8196 0.1548
