Pedestrian -1 -1 -2.3619 891.3532 754.3690 941.8585 857.5989 1.6903 0.6114 0.6312 -0.7773 3.9817 26.0274 -2.3813 0.4032
Pedestrian -1 -1 -1.8735 1302.3805 756.5413 1360.5933 886.3297 1.5795 0.5899 0.5652 4.7190 3.2851 19.0838 -1.6028 0.3166
Pedestrian -1 -1 3.1081 859.3789 777.1130 905.1141 911.9020 1.6330 0.6500 0.5712 -1.0217 3.6272 19.2464 3.0630 0.2337
Pedestrian -1 -1 3.2160 169.3388 764.0150 217.9225 862.2267 1.3809 0.6792 0.6145 -11.6408 3.5323 22.6916 2.7300 0.2293
Pedestrian -1 -1 1.3327 589.3469 738.5709 644.7037 868.5498 1.7385 0.6253 0.6600 -4.8827 3.3829 21.1987 1.1037 0.1571
Pedestrian -1 -1 1.5908 540.0322 725.6779 594.2221 871.7656 1.8989 0.7134 1.0694 -5.4920 3.3465 20.8769 1.3289 0.1505
Cyclist -1 -1 3.1338 536.4280 775.5920 704.8155 926.9495 1.6955 0.7941 2.0003 -4.2294 3.6327 18.6045 2.9064 0.2960
Cyclist -1 -1 1.7056 515.8005 726.8083 594.5511 882.8754 1.8529 0.7599 2.1476 -5.4902 3.3140 20.3260 1.4362 0.1818
Car -1 -1 -1.6142 807.2203 740.9532 1069.1748 1016.5325 1.5821 1.7999 3.7727 -0.2628 2.6752 12.1506 -1.6286 0.2819
Car -1 -1 1.1791 14.2344 779.9988 314.5146 953.6804 1.4115 1.6558 3.8330 -9.2551 3.3928 17.2676 0.6665 0.2218
Car -1 -1 -1.3562 65.5053 756.2083 247.0057 883.2351 1.4694 1.7780 3.8894 -12.6786 3.7443 23.7914 -1.8567 0.2015
Car -1 -1 3.5182 19.3510 792.8835 199.1469 862.4792 1.6498 1.8190 4.0334 -24.0381 6.5355 42.3158 3.0037 0.1733
Car -1 -1 -1.4939 747.9230 773.3865 904.4242 927.4665 1.5302 1.7976 3.7332 -1.7381 3.7336 20.3219 -1.5731 0.1575
Car -1 -1 -2.9428 693.6143 795.8580 870.9787 874.5707 1.7585 1.9620 4.3605 -4.7034 6.4297 39.6862 -3.0509 0.1565
