Pedestrian -1 -1 -3.1852 1015.2526 776.4291 1065.3031 918.1129 1.6203 0.6375 0.5878 0.9521 3.4900 18.1253 -3.1174 0.3594
Pedestrian -1 -1 2.7247 722.2292 740.9219 799.7190 903.6688 1.7376 0.6178 0.6835 -2.2843 3.0938 17.0387 2.5915 0.2605
Pedestrian -1 -1 1.4877 1091.0040 779.8186 1122.2230 861.0095 1.7476 0.6607 0.6231 3.2753 5.2757 33.7356 1.6006 0.2096
Pedestrian -1 -1 -1.7044 1278.7240 853.6146 1402.2773 1196.1361 1.7323 0.6224 0.5754 2.1024 3.0598 8.3453 -1.4061 0.1318
Pedestrian -1 -1 1.5766 667.1424 739.6572 719.7575 886.5677 1.6859 0.6146 0.5847 -3.2280 3.0961 18.0353 1.3971 0.1277
Pedestrian -1 -1 -3.1770 1294.1178 798.2858 1360.1899 949.8209 1.4722 0.6705 0.6665 3.8762 3.3574 15.8563 -2.9060 0.1275
Cyclist -1 -1 -0.3926 866.1067 761.8113 981.1652 868.7899 1.7653 0.7711 1.9542 -0.6862 4.3338 27.3137 -0.4067 0.4000
Cyclist -1 -1 0.4013 1089.6646 772.8386 1197.5198 865.6779 1.8111 0.8594 2.2108 4.0276 5.1778 33.0953 0.5394 0.2075
Car -1 -1 -2.6720 183.3367 791.8854 479.4731 912.3097 1.5655 1.7820 3.8594 -9.7303 4.2787 23.2808 -3.0748 0.1544
Car -1 -1 -0.1029 1080.1997 786.8173 1291.4036 868.1083 1.5371 1.8032 4.5335 4.9503 5.2727 33.4608 0.0619 0.1405
Car -1 -1 -1.5550 924.4851 797.6691 1073.2573 964.3240 1.5241 1.7725 3.8442 0.5564 4.0314 19.7319 -1.5129 0.1344
Car -1 -1 1.9094 200.5946 777.6996 332.7608 856.7864 1.4827 1.8106 4.0687 -17.6947 5.6114 38.2976 1.4778 0.1122
