Pedestrian -1 -1 -0.1405 1035.1617 757.9662 1084.9081 910.0121 1.7412 0.6258 0.5248 1.1856 3.3744 18.0267 -0.0585 0.2906
Pedestrian -1 -1 -0.8855 1302.9008 934.1153 1463.1063 1216.0000 1.3608 0.5938 0.5918 2.2858 3.1250 8.1239 -0.5544 0.2367
Pedestrian -1 -1 3.0102 722.7205 736.2244 801.5463 897.6071 1.7315 0.6368 0.8132 -2.2729 3.0299 17.0288 2.8776 0.2179
Pedestrian -1 -1 1.5487 1095.2157 768.5970 1123.1285 845.0845 1.6440 0.6211 0.6189 3.3353 4.9191 33.7463 1.6633 0.1554
Pedestrian -1 -1 2.8840 1115.3585 753.8801 1173.5013 888.9673 1.7709 0.6579 0.6609 2.5256 3.5849 20.6669 3.0251 0.1509
Pedestrian -1 -1 -1.2935 163.5932 785.2047 299.6712 1073.4456 1.5735 0.6105 0.6141 -4.3464 2.5717 8.9427 -1.8014 0.1277
Pedestrian -1 -1 -2.9696 1287.5854 788.6166 1372.3312 935.4551 1.4066 0.6920 0.7477 3.9128 3.1940 15.8540 -2.6960 0.1217
Cyclist -1 -1 -0.4733 915.0788 761.1370 1029.7891 865.1807 1.7275 0.7585 1.9905 0.2099 4.3165 27.6417 -0.4532 0.3334
Cyclist -1 -1 0.3998 1100.9321 765.8319 1205.8378 853.9988 1.7263 0.8594 2.1421 4.2523 4.9375 33.1521 0.5446 0.1766
Cyclist -1 -1 3.0447 617.0100 729.3740 798.4422 900.8168 1.7656 0.7952 1.9424 -2.8599 2.9857 16.8233 2.8732 0.1674
Car -1 -1 -1.5346 922.1614 770.8187 1078.2214 941.3234 1.6043 1.8225 3.8473 0.6029 3.6983 19.4698 -1.4898 0.2251
Car -1 -1 1.3610 1126.4468 765.0222 1235.9653 849.3145 1.4338 1.7427 4.0049 4.9682 4.8362 34.2692 1.5226 0.1470
Car -1 -1 0.3224 207.7332 794.9124 382.4697 860.5657 1.5216 1.8332 4.0501 -18.4005 6.3590 41.4509 -0.0923 0.1308
Car -1 -1 3.3954 284.7811 783.7941 471.5503 855.9172 1.8099 1.9779 4.8065 -17.1912 6.6487 44.2898 3.0299 0.1195
Car -1 -1 1.9339 194.0333 777.8227 328.6266 855.9129 1.4589 1.7944 3.9712 -17.6897 5.5530 37.9917 1.4991 0.1189
