Pedestrian -1 -1 1.4536 1119.1099 775.5449 1150.4913 851.9255 1.6393 0.6417 0.6357 3.9060 5.0657 33.6912 1.5857 0.3440
Pedestrian -1 -1 -0.1817 1042.2402 769.6730 1091.9535 920.5494 1.7180 0.6008 0.5040 1.2671 3.4891 17.9714 -0.0945 0.3359
Pedestrian -1 -1 2.8435 742.0814 754.7924 837.6276 913.5422 1.6706 0.6424 0.9324 -1.9526 3.1893 17.0042 2.7310 0.2666
Pedestrian -1 -1 -0.4754 1288.6356 921.3571 1456.7549 1216.0000 1.4468 0.6141 0.7056 2.2582 3.1550 8.2592 -0.1536 0.2259
Pedestrian -1 -1 1.2751 1119.5872 754.1924 1177.4395 889.4559 1.7742 0.6515 0.6053 2.5782 3.5880 20.6300 1.4191 0.1721
Pedestrian -1 -1 0.1076 1309.4503 805.2333 1391.8198 951.8358 1.3935 0.6865 0.7542 4.1219 3.3561 15.8134 0.3951 0.1465
Pedestrian -1 -1 0.4712 249.9525 616.4354 415.1270 1016.4613 1.9146 0.6441 0.5535 -3.1275 1.8741 7.4811 0.0049 0.1263
Cyclist -1 -1 -0.4198 927.4499 758.2665 1044.7532 866.6402 1.8108 0.8028 2.0107 0.4586 4.3390 27.5957 -0.3902 0.4242
Cyclist -1 -1 2.8392 734.7899 755.0331 847.1198 914.3289 1.6579 0.7107 1.1086 -1.9409 3.1857 17.0085 2.7274 0.1811
Cyclist -1 -1 0.8707 1120.6682 768.7398 1215.3077 866.2205 1.8581 0.8716 2.2212 4.5594 5.1598 33.1502 1.0250 0.1563
Car -1 -1 -2.1488 217.5333 739.0195 657.7597 981.9965 1.6357 1.8658 4.0746 -4.9175 2.8422 13.8567 -2.5116 0.1952
Car -1 -1 -1.5379 947.5473 795.0148 1097.6418 961.9000 1.5090 1.7574 3.7675 0.8884 3.9466 19.4709 -1.4773 0.1493
Car -1 -1 -2.6877 200.7712 790.0679 499.1145 908.9328 1.5453 1.7853 3.9091 -9.4342 4.2268 23.2664 -3.0796 0.1297
Car -1 -1 0.3170 219.9196 795.7336 391.7071 860.8873 1.5092 1.8247 3.9889 -18.1058 6.3692 41.4523 -0.0915 0.1279
