Pedestrian -1 -1 1.4353 1133.2274 788.7695 1167.4279 871.0870 1.7506 0.6861 0.6576 4.2254 5.4528 33.4537 1.5781 0.2309
Pedestrian -1 -1 3.1855 487.0845 795.4360 533.9832 912.0287 1.7428 0.6489 0.6916 -7.2045 4.5166 23.9239 2.8911 0.1997
Pedestrian -1 -1 -1.8024 1010.5273 751.3512 1052.8485 853.0927 1.6298 0.6056 0.5439 1.1773 3.7767 25.0693 -1.7412 0.1834
Pedestrian -1 -1 3.0489 1041.1614 765.8276 1094.9912 922.2739 1.7784 0.6776 0.5947 1.2761 3.5023 17.9526 3.1366 0.1701
Pedestrian -1 -1 -1.8844 1335.0631 920.0807 1469.1002 1216.0000 1.4895 0.5578 0.6005 2.3582 3.1388 8.0471 -1.5404 0.1651
Pedestrian -1 -1 -1.0364 949.5422 777.7957 992.9908 875.0370 1.6681 0.5656 0.5974 0.1841 4.5027 27.3224 -1.0170 0.1532
Pedestrian -1 -1 -3.2400 1334.7217 770.1683 1403.0573 931.2520 1.5572 0.6627 0.6438 4.2288 3.1053 15.5472 -2.9404 0.1439
Cyclist -1 -1 -0.5565 952.2152 774.3199 1055.9366 874.9277 1.6617 0.6603 1.8393 0.7967 4.4971 27.6371 -0.5141 0.2796
Car -1 -1 3.5266 247.4191 780.4589 432.7514 852.1113 1.8401 1.9880 4.5973 -18.1138 6.4961 43.7573 3.1382 0.1584
Car -1 -1 -1.6032 357.7281 734.4927 601.8064 985.5751 1.6379 1.8557 3.7832 -4.4966 2.7949 13.6874 -1.9412 0.1538
Car -1 -1 2.0710 186.7209 772.7953 336.8274 849.7266 1.4518 1.7806 3.9333 -17.6847 5.4111 38.0126 1.6363 0.1389
Car -1 -1 0.3947 144.0970 792.8713 446.2333 910.4101 1.4731 1.7809 3.7359 -9.8777 4.0943 22.3906 -0.0296 0.1360
