Pedestrian -1 -1 1.5176 1122.6165 783.5964 1154.6288 865.1346 1.7303 0.6880 0.6544 3.9652 5.3196 33.4680 1.6523 0.3723
Pedestrian -1 -1 2.8596 809.6851 847.0004 876.5373 993.4050 1.5329 0.5715 0.6340 -1.3612 4.1410 17.1830 2.7869 0.2011
Pedestrian -1 -1 -1.4590 1074.9885 819.9463 1117.7288 908.0578 1.1041 0.5155 0.5740 1.8608 3.8301 20.5643 -1.3511 0.1720
Pedestrian -1 -1 -0.3830 1041.2219 766.7458 1101.5269 925.5787 1.7994 0.6137 0.5389 1.3192 3.5398 17.9773 -0.2928 0.1712
Pedestrian -1 -1 3.1179 479.3820 805.2943 528.1526 905.2328 1.4572 0.6179 0.7226 -7.2488 4.3635 23.6852 2.8183 0.1543
Pedestrian -1 -1 1.3526 1322.2161 919.1652 1452.9338 1216.0000 1.4753 0.5972 0.5773 2.3015 3.1368 8.1230 1.6859 0.1311
Pedestrian -1 -1 -0.7528 942.6149 781.7023 995.3878 882.8073 1.7142 0.6165 0.7423 0.1415 4.6281 27.3133 -0.7350 0.1302
Pedestrian -1 -1 2.5650 744.6295 850.1543 822.6535 1001.6044 1.5107 0.5864 0.6473 -1.9765 4.0816 16.6357 2.4497 0.1240
Cyclist -1 -1 -0.5689 949.1666 778.2827 1057.7688 883.0173 1.7173 0.7187 1.9146 0.7858 4.6327 27.6321 -0.5268 0.2452
Cyclist -1 -1 2.8013 773.1410 850.5132 866.0579 996.5588 1.4677 0.6271 0.8920 -1.6093 4.0968 16.9553 2.7117 0.1332
Car -1 -1 -1.5547 297.9863 731.8497 554.2822 993.6131 1.6839 1.8835 3.8182 -4.8031 2.7983 13.4657 -1.9204 0.2209
Car -1 -1 1.9738 205.8897 773.6635 342.8145 849.6898 1.4420 1.7734 3.8843 -17.3710 5.4189 38.0134 1.5460 0.1452
Car -1 -1 1.9153 254.5865 771.8643 376.5475 842.4235 1.4637 1.8299 4.1910 -18.0926 5.8125 42.1056 1.5122 0.1448
Car -1 -1 1.3611 1171.4395 780.0964 1290.6781 874.3840 1.5220 1.8364 4.1000 5.8714 5.1605 32.9960 1.5562 0.1426
