Pedestrian -1 -1 -1.4047 1002.6482 766.3132 1049.5425 874.7055 1.7348 0.6827 0.6974 1.1067 4.1794 25.4356 -1.3469 0.3445
Pedestrian -1 -1 -1.4874 955.5621 766.8685 997.7066 872.8182 1.7091 0.6589 0.6208 0.2647 4.1519 25.3881 -1.4643 0.1803
Pedestrian -1 -1 1.3330 1337.5182 773.0472 1408.5542 936.5485 1.6057 0.6105 0.5585 4.2678 3.1734 15.5259 1.6353 0.1494
Pedestrian -1 -1 -0.8095 0.0000 1037.7169 106.9112 1216.0000 1.7037 0.6402 0.5781 -6.7744 4.8312 10.9890 -1.3955 0.1374
Pedestrian -1 -1 -1.1659 534.5430 924.3849 593.8633 1057.1016 1.7206 0.6351 0.5835 -5.6336 6.0404 21.2356 -1.4237 0.1308
Cyclist -1 -1 0.3232 1134.8525 755.4814 1235.3666 844.6318 1.7592 0.8330 2.0193 4.9088 4.6987 32.8204 0.4897 0.4084
Cyclist -1 -1 0.0140 1196.2310 747.4842 1413.8038 951.9662 1.7130 0.7854 1.9237 3.2021 2.9072 13.9302 0.2730 0.2280
Cyclist -1 -1 -1.6822 1150.9475 759.7917 1289.1614 1049.2346 1.5788 0.7624 1.9389 1.6996 2.5790 10.0885 -1.4815 0.1846
Car -1 -1 1.5793 491.3271 757.6285 714.5334 985.8731 1.5015 1.8385 4.1785 -3.5091 3.0054 14.6974 1.3340 0.2118
Car -1 -1 0.0386 1103.0249 767.7625 1310.9968 850.0179 1.5027 1.6904 4.4482 5.4686 4.7983 33.1858 0.2204 0.1666
Car -1 -1 -0.4376 0.0000 177.1068 491.6463 1216.0000 1.6627 1.8166 3.9321 -2.3732 1.4910 2.5623 -1.5450 0.1549
