Pedestrian -1 -1 -1.6916 993.3698 751.8251 1034.3999 850.1798 1.5686 0.6209 0.6683 0.8796 3.7312 25.1240 -1.6430 0.2448
Pedestrian -1 -1 -1.7387 1334.8727 778.4161 1459.5042 1106.0798 1.6403 0.5918 0.5612 2.3535 2.5076 8.1208 -1.3969 0.1450
Pedestrian -1 -1 -0.7551 0.0000 1031.2747 107.3629 1216.0000 1.7084 0.6438 0.5835 -6.7777 4.7930 10.9938 -1.3414 0.1432
Pedestrian -1 -1 -0.1761 1352.8535 810.9937 1426.6522 956.9741 1.3889 0.6551 0.6510 4.4428 3.3684 15.5380 0.1371 0.1383
Pedestrian -1 -1 -2.8133 1132.9208 775.0672 1175.0389 859.1462 1.7402 0.6798 0.7380 4.2677 5.1116 33.1038 -2.6678 0.1316
Cyclist -1 -1 -3.2087 1036.8661 751.7344 1344.7056 1039.4045 1.6388 0.7664 1.8436 1.4229 2.4804 9.4356 -3.0262 0.5663
Car -1 -1 1.0082 172.8125 769.5877 509.7819 943.1376 1.3994 1.6575 3.8193 -6.9852 3.1895 16.7449 0.5952 0.2909
Car -1 -1 2.0428 440.0192 762.0449 598.9068 850.0704 1.5634 1.8867 4.3524 -10.5587 5.0857 36.0918 1.7616 0.2821
Car -1 -1 -2.5635 318.0924 789.6686 540.4227 878.7589 1.5320 1.8533 4.1897 -11.4503 5.2414 32.2711 -2.9034 0.1546
Car -1 -1 -2.1496 286.9291 753.1171 699.3149 982.9783 1.5119 1.7111 3.9303 -4.4020 2.8589 13.8248 -2.4771 0.1340
