Pedestrian -1 -1 -1.2981 1316.9152 919.6682 1474.5341 1207.6046 1.3013 0.6590 0.5987 2.3511 2.9802 8.0829 -0.9562 0.3237
Pedestrian -1 -1 -1.1104 246.8079 705.1533 415.8986 1071.7607 1.7162 0.5996 0.5706 -3.1064 2.1295 7.4134 -1.5760 0.2321
Pedestrian -1 -1 -0.1336 476.9168 767.6144 612.7211 947.6145 1.3771 0.7093 1.0254 -3.5759 2.6518 12.8229 -0.4250 0.2030
Pedestrian -1 -1 -2.3955 985.5711 744.7998 1036.6663 845.0988 1.5855 0.5749 0.6357 0.8359 3.6315 25.0912 -2.3487 0.1713
Pedestrian -1 -1 -0.0928 1356.9653 807.1973 1425.4082 961.2668 1.4647 0.6526 0.6459 4.4548 3.4049 15.5272 0.2214 0.1618
Cyclist -1 -1 -0.1336 476.9168 767.6144 612.7211 947.6145 1.3771 0.7093 1.0254 -3.5759 2.6518 12.8229 -0.4250 0.1270
Car -1 -1 1.0397 187.6485 767.0714 502.1675 936.4606 1.3984 1.5981 3.7164 -7.0559 3.1805 17.0055 0.6291 0.3071
Car -1 -1 2.0317 441.0565 767.9918 592.6461 853.2231 1.4994 1.8170 4.1464 -10.5734 5.1451 35.9000 1.7486 0.2334
Car -1 -1 -2.0555 272.3102 744.9902 662.7876 973.4551 1.5031 1.7433 3.9232 -4.6691 2.7752 13.8736 -2.4009 0.1927
Car -1 -1 1.2321 1126.2668 756.5078 1267.9762 850.9593 1.5926 1.8862 4.3855 5.2667 4.7887 33.9973 1.4038 0.1669
Car -1 -1 -2.2892 328.0622 803.8984 580.4972 932.5281 1.5038 1.7239 3.8274 -8.1262 4.5703 23.9183 -2.6199 0.1355
