Pedestrian -1 -1 -1.4013 988.4715 766.2440 1033.1998 869.3480 1.6448 0.6438 0.6878 0.8449 4.0812 25.3721 -1.3542 0.2728
Pedestrian -1 -1 -0.8602 1305.9351 889.1948 1473.9362 1179.3679 1.3527 0.6083 0.6396 2.3348 2.8707 8.1658 -0.5238 0.1767
Pedestrian -1 -1 -0.4404 497.1722 776.0469 608.2167 947.3298 1.3218 0.6482 0.7071 -3.5136 2.6697 12.8594 -0.7259 0.1450
Pedestrian -1 -1 -0.8419 0.0000 1041.1681 106.5051 1216.0000 1.7046 0.6424 0.5792 -6.7766 4.8554 10.9868 -1.4280 0.1333
Cyclist -1 -1 0.3875 1133.0189 761.4238 1238.2208 851.9099 1.7595 0.8800 2.1061 4.9156 4.8395 32.8089 0.5543 0.5183
Cyclist -1 -1 -0.2332 1103.0406 763.3956 1427.6581 1033.5487 1.5618 0.7511 1.8916 1.8727 2.4685 9.4123 0.0033 0.2891
Cyclist -1 -1 2.6715 1186.5115 746.5168 1406.4169 941.9938 1.6935 0.7390 1.9086 3.1780 2.8969 14.2293 2.9233 0.1265
Car -1 -1 -1.6988 481.2038 757.3232 724.0358 983.1995 1.4996 1.7428 3.7495 -3.5715 2.9588 14.4137 -1.9540 0.3180
Car -1 -1 1.1584 1342.7429 744.1160 1711.4459 984.8234 1.6266 1.8615 4.1995 5.1652 2.9380 14.3285 1.5470 0.1942
Car -1 -1 -1.6129 651.5909 745.1988 969.0684 1092.7506 1.6367 1.8366 4.0776 -1.1814 2.6706 10.6942 -1.7287 0.1305
