Pedestrian -1 -1 -0.8381 1311.2983 924.2551 1485.4556 1216.0000 1.3149 0.6666 0.6091 2.3495 3.0176 8.0681 -0.4958 0.3897
Pedestrian -1 -1 -2.2986 986.3470 743.7009 1039.8057 845.8610 1.6102 0.5916 0.6852 0.8672 3.6383 25.0762 -2.2504 0.2982
Pedestrian -1 -1 -1.7863 1335.5721 849.6302 1408.0802 1012.2183 1.5438 0.6202 0.6259 4.2398 3.9200 15.4735 -1.4854 0.1855
Pedestrian -1 -1 -2.6681 1127.7291 756.5853 1176.9147 837.7007 1.6948 0.6640 0.8837 4.2776 4.6895 33.4819 -2.5239 0.1733
Pedestrian -1 -1 -0.2105 480.5089 763.1348 619.9351 943.7570 1.3785 0.7279 1.0147 -3.5318 2.6170 12.8361 -0.4982 0.1614
Cyclist -1 -1 -2.9080 988.3648 742.4716 1044.6317 847.4669 1.6635 0.6668 0.8048 0.9306 3.6706 25.0957 -2.8572 0.1010
Car -1 -1 -2.5154 310.1374 779.5645 540.5256 883.2336 1.9339 2.0385 4.6905 -12.3113 5.6633 34.4215 -2.8566 0.2328
Car -1 -1 1.1707 1148.2020 760.8014 1293.6810 851.5698 1.4612 1.7413 4.0718 5.5998 4.6355 32.7562 1.3588 0.2274
Car -1 -1 -1.3788 265.2325 775.2378 370.3992 851.2051 1.5510 1.9025 4.3836 -18.0507 6.0232 42.1434 -1.7805 0.2073
Car -1 -1 -1.5400 360.4223 802.4581 495.8099 945.6982 1.4443 1.7304 3.6264 -7.7809 4.2940 22.0090 -1.8855 0.1752
Car -1 -1 1.0373 260.3344 747.4290 669.5508 973.1224 1.4767 1.7362 3.9961 -4.6744 2.7695 13.8354 0.6905 0.1558
