Pedestrian -1 -1 -2.0842 932.7500 760.3565 981.6694 863.2734 1.6613 0.6117 0.6317 -0.0719 4.0259 25.6812 -2.0752 0.3071
Pedestrian -1 -1 -3.4173 1309.4250 916.5611 1469.2949 1201.0179 1.3358 0.6758 0.7033 2.3037 2.9882 8.1145 -3.0830 0.2882
Pedestrian -1 -1 -1.9779 967.8922 761.8892 1015.0643 863.2719 1.6597 0.6188 0.6488 0.5225 4.0811 26.0178 -1.9448 0.2050
Pedestrian -1 -1 0.0016 1339.7018 791.5700 1397.8446 954.2933 1.5551 0.6480 0.5582 4.2247 3.3250 15.4878 0.3017 0.1865
Pedestrian -1 -1 -0.0939 497.5892 763.8328 573.6501 953.0266 1.5750 0.6748 0.5887 -3.8464 2.8682 13.4957 -0.3889 0.1517
Pedestrian -1 -1 -1.3053 175.7073 751.8091 311.7649 1049.3514 1.5937 0.6016 0.5963 -4.1478 2.3609 8.6790 -1.8100 0.1400
Pedestrian -1 -1 -0.7155 254.0471 634.2175 427.6562 1027.7705 1.8637 0.6258 0.5043 -3.0848 1.9124 7.4515 -1.1779 0.1364
Cyclist -1 -1 -0.4642 1206.7925 644.5826 1870.3593 1216.0000 1.7799 0.8218 1.9318 1.8635 1.8521 5.0673 0.0069 0.6433
Cyclist -1 -1 2.5960 987.6288 722.1917 1219.8773 945.5174 1.8092 0.8017 1.9584 1.2954 2.7417 13.5605 2.7116 0.4884
Car -1 -1 1.0665 178.0465 760.5417 506.3792 936.4491 1.4113 1.6430 3.9089 -6.9612 3.0906 16.6745 0.6527 0.2082
Car -1 -1 -1.2904 256.1779 774.3165 373.3640 849.6672 1.5514 1.8811 4.3314 -18.0843 5.9779 42.0373 -1.6937 0.1486
Car -1 -1 -2.6787 358.0654 803.9542 581.0131 903.0422 1.7621 1.8491 4.1822 -10.5583 5.7699 32.2469 -2.9925 0.1260
