Pedestrian -1 -1 1.1978 1330.6239 760.0034 1405.5728 927.0550 1.6501 0.6035 0.5490 4.2229 3.0813 15.5464 1.4970 0.1852
Pedestrian -1 -1 -1.0995 253.8103 611.7613 429.0488 1012.2523 1.9241 0.6501 0.5328 -3.0743 1.8610 7.4544 -1.5608 0.1838
Pedestrian -1 -1 -1.9511 1329.0792 909.8481 1469.2933 1216.0000 1.4871 0.5630 0.6057 2.3496 3.0847 8.0707 -1.6091 0.1817
Pedestrian -1 -1 -1.7961 934.6432 753.7134 976.1849 851.3197 1.5930 0.5992 0.6075 -0.1040 3.8398 25.7219 -1.7886 0.1641
Pedestrian -1 -1 0.0142 508.2901 772.1277 587.5346 948.7228 1.3912 0.6380 0.6397 -3.5459 2.6932 12.8312 -0.2744 0.1273
Pedestrian -1 -1 2.9437 822.4635 725.1782 1018.0759 941.6759 1.7676 0.7926 1.6167 -0.3783 2.6968 13.2937 2.9222 0.1076
Cyclist -1 -1 -3.4250 979.5597 644.1702 1625.3372 1216.0000 1.7866 0.8130 2.0016 1.0675 1.8571 5.0643 -3.1410 0.6138
Cyclist -1 -1 2.9703 846.0918 718.9070 1067.8496 936.2264 1.7885 0.8125 1.8715 -0.0566 2.6622 13.3432 2.9756 0.3172
Car -1 -1 1.0213 188.3502 764.2332 512.1385 936.7637 1.4131 1.6323 3.6835 -6.8933 3.1363 16.7669 0.6135 0.3236
Car -1 -1 -1.6307 359.3978 756.0820 598.4365 991.7150 1.4786 1.7758 3.7857 -4.5627 2.8724 13.7994 -1.9701 0.2486
Car -1 -1 -1.3087 258.8007 776.9848 372.1073 851.7939 1.5348 1.8648 4.2763 -18.0828 6.0420 42.0700 -1.7116 0.1729
