Pedestrian -1 -1 -3.4198 1314.4910 913.2542 1465.9531 1197.9260 1.3512 0.6461 0.6654 2.3150 2.9848 8.1311 -3.0848 0.2936
Pedestrian -1 -1 -2.0273 946.2521 759.5057 992.5314 857.3521 1.5715 0.5887 0.5996 0.1362 3.9030 25.5056 -2.0098 0.2759
Pedestrian -1 -1 -0.1911 273.9695 635.5405 412.9459 1032.2709 1.8662 0.6283 0.4949 -3.0848 1.9221 7.4558 -0.6531 0.1641
Pedestrian -1 -1 -2.1354 967.1442 758.4208 1014.6254 856.6821 1.6078 0.5906 0.6158 0.5133 3.9675 26.0129 -2.1028 0.1605
Pedestrian -1 -1 -3.2249 1341.8721 793.9153 1399.0573 955.9071 1.5551 0.6354 0.5405 4.2324 3.3479 15.4937 -2.9243 0.1580
Pedestrian -1 -1 1.8759 174.2613 746.5791 314.0256 1044.5956 1.6034 0.6034 0.6009 -4.1504 2.3393 8.6895 1.3714 0.1458
Cyclist -1 -1 2.5611 1257.2910 641.1833 1921.6294 1216.0000 1.7920 0.8390 1.9064 2.0550 1.8526 5.0784 3.0718 0.6810
Cyclist -1 -1 2.4716 1023.2169 731.8067 1262.6553 960.5624 1.8188 0.8721 2.0527 1.6650 2.8560 13.6159 2.6165 0.4976
Car -1 -1 -1.2609 253.4298 775.5895 375.1323 851.0475 1.5535 1.8887 4.3344 -18.0817 6.0126 42.0057 -1.6645 0.1777
Car -1 -1 -2.6906 363.4040 803.3603 584.5050 901.2643 1.7630 1.8562 4.1869 -10.5629 5.7929 32.5572 -3.0015 0.1377
Car -1 -1 2.0910 205.4500 778.9417 357.1456 856.7251 1.4373 1.7680 3.8980 -17.0392 5.5274 37.6813 1.6674 0.1300
