Pedestrian -1 -1 1.6205 601.6842 755.5122 643.5696 866.0417 1.7430 0.6471 0.5857 -5.5974 3.9338 24.7397 1.3985 0.2172
Pedestrian -1 -1 2.9911 862.0300 717.0163 987.7943 931.6550 1.7890 0.7225 1.0237 -0.3344 2.6346 13.2859 2.9731 0.1810
Pedestrian -1 -1 1.6361 615.9800 756.3768 656.2194 861.5657 1.7186 0.6346 0.6329 -5.5815 4.0090 25.6914 1.4236 0.1678
Pedestrian -1 -1 -0.4166 948.0980 776.4328 995.7166 882.7399 1.7180 0.6112 0.6294 0.1804 4.3654 25.7224 -0.3970 0.1612
Pedestrian -1 -1 -1.9605 1327.6888 854.8528 1477.3075 1182.6754 1.6058 0.6113 0.6082 2.3719 2.8983 8.0883 -1.6159 0.1593
Pedestrian -1 -1 -0.3411 1331.4507 827.4129 1404.5061 970.0425 1.3611 0.6258 0.5686 4.2128 3.5065 15.5177 -0.0424 0.1487
Pedestrian -1 -1 -0.4057 1400.0806 768.1411 1488.9480 950.0626 1.6197 0.6643 0.6058 4.5825 3.0142 14.2103 -0.0537 0.1330
Cyclist -1 -1 -0.2608 937.1663 657.6313 1563.3286 1216.0000 1.7560 0.8147 1.9485 0.8945 1.8759 5.0495 -0.0199 0.5960
Cyclist -1 -1 2.9980 850.7968 709.7550 1072.6926 925.2132 1.7841 0.8381 1.8853 -0.0172 2.5725 13.3526 3.0064 0.2989
Car -1 -1 -1.6199 352.2959 759.0258 583.7379 988.2098 1.4255 1.7435 3.7530 -4.6561 2.8477 13.7891 -1.9663 0.5267
Car -1 -1 0.9937 168.9754 767.9980 504.3263 938.7542 1.4119 1.6454 3.8470 -7.1510 3.2075 17.0235 0.5786 0.4360
Car -1 -1 -1.6004 653.0570 744.3404 961.1275 1083.1941 1.6410 1.8139 3.9566 -1.1823 2.6705 10.8021 -1.7148 0.1309
Car -1 -1 0.3684 219.2338 798.6023 393.1617 863.5367 1.5272 1.8211 4.0303 -18.1037 6.4581 41.4603 -0.0399 0.1302
