Pedestrian -1 -1 -3.4662 1309.1371 902.4213 1469.0813 1179.9962 1.3186 0.6731 0.6810 2.3058 2.8892 8.1234 -3.1318 0.2921
Pedestrian -1 -1 -2.9560 950.0923 759.3312 994.7924 861.1263 1.6468 0.5673 0.6620 0.1932 3.9656 25.4497 -2.9361 0.2253
Pedestrian -1 -1 -0.3973 1341.8199 772.5134 1409.2917 941.1160 1.6463 0.5897 0.4956 4.2805 3.2050 15.4736 -0.0931 0.1935
Pedestrian -1 -1 -0.1166 989.6473 760.8423 1031.6342 860.8301 1.6401 0.5840 0.6646 0.8447 4.0050 25.7003 -0.0701 0.1780
Pedestrian -1 -1 1.9279 137.5689 767.1569 285.1867 1066.5375 1.6018 0.6104 0.6256 -4.3454 2.4636 8.7010 1.4053 0.1556
Pedestrian -1 -1 -1.5807 1138.5741 779.7994 1170.7119 870.4141 1.6440 0.6038 0.6008 3.7039 4.6446 28.6291 -1.4340 0.1550
Pedestrian -1 -1 3.2776 499.9026 760.1260 577.1116 942.7171 1.5471 0.6402 0.6023 -3.8273 2.8071 13.5716 2.9855 0.1235
Cyclist -1 -1 -0.5406 1342.3389 655.9139 1936.0000 1216.0000 1.7960 0.8188 1.8982 2.3410 1.9102 5.0728 0.0278 0.6310
Cyclist -1 -1 2.4634 1026.9926 736.0140 1253.9069 957.7994 1.7632 0.8079 1.9597 1.6392 2.8355 13.5847 2.6065 0.4875
Car -1 -1 -0.2970 1275.8606 824.6392 1549.0690 941.6864 1.6753 1.8662 4.1421 7.6618 5.2361 25.6886 0.0182 0.1894
Car -1 -1 -1.2575 253.2666 775.5903 375.2540 850.8987 1.5513 1.8862 4.3272 -18.0840 6.0102 42.0096 -1.6610 0.1808
Car -1 -1 2.0132 204.7145 782.7878 343.5454 857.8995 1.4074 1.7336 3.8071 -17.3697 5.6211 37.9937 1.5856 0.1278
