Pedestrian -1 -1 -0.0639 965.7129 774.2896 1011.7445 878.2551 1.6765 0.6361 0.7500 0.4615 4.2464 25.3947 -0.0327 0.2869
Pedestrian -1 -1 -1.6780 1134.6593 767.3005 1171.4767 857.3897 1.6382 0.6424 0.6593 3.6658 4.3957 28.6158 -1.5327 0.1933
Pedestrian -1 -1 -0.6942 1306.9575 893.0245 1472.6205 1183.5587 1.3672 0.6100 0.6302 2.3298 2.9020 8.1645 -0.3585 0.1868
Pedestrian -1 -1 -1.0870 1330.0060 811.8770 1409.7321 975.4994 1.5470 0.6092 0.5382 4.2267 3.5322 15.4720 -0.7866 0.1621
Pedestrian -1 -1 1.8606 180.1461 754.3093 320.1856 1049.2048 1.5747 0.6005 0.6584 -4.1226 2.3615 8.7077 1.3602 0.1568
Pedestrian -1 -1 -1.7353 1104.3256 766.7244 1141.5991 855.6339 1.6032 0.6171 0.6214 3.0581 4.3195 28.3185 -1.6107 0.1374
Cyclist -1 -1 2.5013 1357.1904 675.7628 1936.0000 1216.0000 1.7606 0.8456 1.8992 2.4321 1.9520 5.1440 3.0783 0.6345
Cyclist -1 -1 2.4873 1033.7739 737.0435 1256.3287 959.4880 1.7828 0.7949 1.9096 1.6819 2.8647 13.6156 2.6336 0.4364
Car -1 -1 -0.3556 1279.1779 830.5113 1550.8716 948.5854 1.6718 1.8506 4.0822 7.7120 5.3392 25.6705 -0.0384 0.2075
Car -1 -1 1.8876 482.1970 766.4449 634.0549 867.8968 1.5795 1.8524 4.1575 -8.3505 4.7491 31.3565 1.6299 0.1536
Car -1 -1 2.0617 207.1141 777.5503 355.6582 855.0082 1.4390 1.7711 3.8983 -17.0397 5.4905 37.6863 1.6381 0.1523
Car -1 -1 -1.2609 252.9998 774.7751 375.3087 850.4819 1.5586 1.8947 4.3641 -18.0823 5.9947 42.0013 -1.6645 0.1415
