Pedestrian -1 -1 -2.1096 930.6800 758.6487 978.9539 855.7745 1.5637 0.5798 0.6518 -0.1130 3.8990 25.6831 -2.1023 0.1633
Pedestrian -1 -1 -0.1301 1338.7070 808.6763 1400.0469 963.1614 1.4772 0.6287 0.5554 4.2240 3.4265 15.5053 0.1696 0.1632
Pedestrian -1 -1 -2.0105 1329.9125 798.6514 1477.1460 1116.6285 1.5855 0.5977 0.5656 2.3843 2.5631 8.1045 -1.6641 0.1525
Pedestrian -1 -1 -1.8374 1204.4020 756.1964 1242.8553 843.8740 1.6112 0.6021 0.5900 5.0394 4.1628 28.7450 -1.6440 0.1395
Pedestrian -1 -1 -0.1723 505.2256 777.7389 601.3789 952.7489 1.3591 0.6494 0.6848 -3.5043 2.7155 12.8291 -0.4576 0.1319
Cyclist -1 -1 -0.3825 1072.0853 638.6495 1726.0811 1216.0000 1.7890 0.8058 1.9731 1.3968 1.8394 5.0596 -0.0172 0.6479
Cyclist -1 -1 2.8018 911.1756 728.9338 1149.4614 946.7800 1.7701 0.8578 1.9768 0.6117 2.7563 13.4904 2.8622 0.5562
Car -1 -1 1.0569 197.8800 762.6140 516.3423 932.9186 1.4012 1.6509 3.8304 -6.9488 3.1404 17.0663 0.6533 0.3699
Car -1 -1 -1.5790 341.6540 756.4072 572.8992 993.6525 1.5014 1.7727 3.8036 -4.7145 2.9054 13.8741 -1.9271 0.2533
Car -1 -1 -1.2910 256.7221 775.2180 373.1648 850.2487 1.5436 1.8710 4.3081 -18.0842 5.9965 42.0460 -1.6942 0.1316
Car -1 -1 1.1596 1538.4137 747.6554 1936.0000 1052.4850 1.5350 1.8055 4.0927 5.8648 2.6468 11.4009 1.6972 0.1232
