Pedestrian -1 -1 -1.4169 1005.6380 771.6470 1049.9109 877.7366 1.6991 0.6497 0.6672 1.1350 4.2340 25.4375 -1.3580 0.2480
Pedestrian -1 -1 -3.0727 1164.8228 774.3018 1197.7617 857.1665 1.7139 0.6956 0.6577 4.8344 5.0362 32.8397 -2.9086 0.1881
Pedestrian -1 -1 -0.4490 1333.5178 790.7474 1406.6842 957.0298 1.6080 0.6237 0.5244 4.2312 3.3657 15.5016 -0.1487 0.1727
Pedestrian -1 -1 -1.4898 956.3811 770.3367 997.6373 876.0568 1.7028 0.6443 0.6262 0.2709 4.2047 25.3809 -1.4664 0.1717
Pedestrian -1 -1 0.0470 483.3106 775.2510 522.6920 854.7387 1.4876 0.7227 0.7239 -9.2149 4.5570 30.0898 -0.2496 0.1605
Cyclist -1 -1 -0.6938 1517.9700 676.8022 1936.0000 1216.0000 1.7444 0.7657 1.8716 3.0234 1.9398 5.2238 -0.0228 0.5302
Cyclist -1 -1 2.7322 1071.1237 751.1905 1293.4519 957.0944 1.7286 0.7921 1.8858 2.0432 2.9543 13.9066 2.9035 0.2683
Car -1 -1 -1.6475 1210.7101 789.4933 1308.2505 888.9219 1.5806 1.8704 4.0166 6.4919 5.4350 32.9020 -1.4331 0.2960
Car -1 -1 -1.3688 420.7660 766.6933 552.7438 867.2419 1.5603 1.8342 4.1765 -9.8986 4.7526 31.4978 -1.6721 0.2347
Car -1 -1 0.9291 316.6870 756.9536 733.9775 972.1267 1.4538 1.7458 3.9789 -4.2243 2.8795 14.2733 0.6248 0.2078
