Pedestrian -1 -1 -1.4285 987.8861 769.0887 1031.7155 874.5543 1.6863 0.6433 0.7027 0.8293 4.1770 25.4260 -1.3821 0.2762
Pedestrian -1 -1 -1.8211 1315.9337 836.7841 1446.6027 1109.4215 1.3657 0.5925 0.6187 2.3272 2.5940 8.3380 -1.4925 0.2179
Pedestrian -1 -1 -0.7688 1329.8215 812.4349 1411.2178 975.3174 1.5429 0.6147 0.5394 4.2304 3.5331 15.4738 -0.4681 0.1722
Pedestrian -1 -1 -1.1678 170.0507 742.8237 317.9313 1049.8044 1.6642 0.6056 0.6062 -4.1538 2.3760 8.6946 -1.6721 0.1555
Pedestrian -1 -1 -1.1450 534.4147 913.5583 593.9739 1046.7150 1.7274 0.6287 0.5922 -5.6342 5.8932 21.2376 -1.4032 0.1459
Cyclist -1 -1 -0.6453 1437.5188 657.8881 1936.0000 1216.0000 1.7743 0.8000 1.9126 2.7437 1.8984 5.2077 -0.0188 0.6168
Cyclist -1 -1 -3.2956 1083.1173 760.4370 1392.1898 1038.8193 1.5912 0.7527 1.8329 1.6927 2.4823 9.4004 -3.0801 0.4903
Cyclist -1 -1 2.5160 1037.3729 738.1360 1255.4158 955.6216 1.7768 0.8112 1.8710 1.7174 2.8841 13.8321 2.6628 0.4139
Car -1 -1 -0.3618 0.0000 264.7610 528.4467 1216.0000 1.6353 1.8092 3.9067 -2.3621 1.5128 2.5405 -1.4738 0.1790
Car -1 -1 -1.7949 1197.4623 789.8482 1323.2164 890.3143 1.6116 1.9033 4.1006 6.4758 5.4579 32.8111 -1.5804 0.1553
Car -1 -1 -0.2715 1291.9098 838.6028 1562.3307 957.8058 1.6710 1.8515 4.1069 7.9120 5.4910 25.6989 0.0527 0.1509
Car -1 -1 1.9964 205.7106 779.8652 342.9812 854.7780 1.4126 1.7426 3.8142 -17.3695 5.5487 38.0050 1.5688 0.1494
