Pedestrian -1 -1 -1.2288 258.8485 668.1199 421.6182 1055.7858 1.8340 0.6251 0.5411 -3.0766 2.0581 7.4485 -1.6889 0.3242
Pedestrian -1 -1 1.7976 597.6536 745.9145 646.2742 855.3702 1.7330 0.6560 0.6406 -5.6013 3.7586 24.7101 1.5749 0.2028
Pedestrian -1 -1 -1.9906 1327.1210 849.6501 1479.1448 1179.1422 1.6113 0.6121 0.6096 2.3748 2.8756 8.0857 -1.6455 0.1594
Pedestrian -1 -1 1.2037 1351.2028 767.5599 1430.8292 934.2629 1.6380 0.6333 0.6056 4.4637 3.1529 15.5599 1.5180 0.1577
Pedestrian -1 -1 -2.2154 1565.9147 813.0534 1693.4067 1035.3833 1.4897 0.5995 0.6463 4.9101 2.9215 11.0117 -1.7370 0.1282
Cyclist -1 -1 -0.1832 805.0486 650.3297 1424.1317 1216.0000 1.7503 0.7814 1.9355 0.4655 1.8435 5.0323 -0.0549 0.5464
Cyclist -1 -1 3.0000 780.4341 718.9337 1000.9334 932.9417 1.7476 0.8393 1.8623 -0.6460 2.6213 13.3096 2.9561 0.5326
Car -1 -1 -1.5506 361.5156 766.4313 581.4908 988.4238 1.3886 1.7012 3.6575 -4.5316 2.8944 13.9092 -1.8850 0.5205
Car -1 -1 1.0224 1326.0424 745.4572 1736.2015 987.5216 1.5889 1.7946 4.1982 5.1594 2.9150 14.2353 1.4130 0.1980
Car -1 -1 1.1208 1411.9595 794.5986 1613.5299 917.0458 1.4977 1.7920 4.0521 9.5153 4.7031 26.1607 1.4974 0.1509
Car -1 -1 1.9898 206.0570 775.6608 343.0560 850.5792 1.4214 1.7530 3.8241 -17.3701 5.4477 38.0184 1.5622 0.1340
Car -1 -1 -1.5990 646.0444 744.1077 962.1270 1091.1099 1.6619 1.8369 3.9597 -1.1893 2.6808 10.6908 -1.7155 0.1312
Car -1 -1 -2.6214 309.9282 796.0031 556.1147 903.3138 1.7544 1.9046 4.2763 -10.5513 5.3382 29.9981 -2.9589 0.1293
