Pedestrian -1 -1 -0.0528 495.8857 796.4537 597.8783 947.1268 1.1445 0.6797 0.7973 -3.5664 2.6704 12.8475 -0.3427 0.2588
Pedestrian -1 -1 2.8949 598.3626 740.5904 647.4534 853.7108 1.7688 0.6480 0.6528 -5.5939 3.7144 24.7129 2.6724 0.2170
Pedestrian -1 -1 -1.2307 256.1174 655.9008 417.8939 1048.2607 1.8564 0.6199 0.5366 -3.0843 2.0167 7.4280 -1.6935 0.1972
Pedestrian -1 -1 1.1612 1328.5122 853.8000 1408.7028 1004.4635 1.4205 0.6127 0.6316 4.2155 3.8468 15.5040 1.4600 0.1872
Pedestrian -1 -1 1.8262 537.3914 924.1157 593.8093 1051.2883 1.6579 0.6393 0.6183 -5.6199 5.9742 21.2627 1.5692 0.1820
Pedestrian -1 -1 -2.0596 1328.3455 824.3561 1482.3177 1150.4009 1.6001 0.6060 0.5934 2.3885 2.7236 8.0873 -1.7124 0.1532
Cyclist -1 -1 3.0585 636.9227 652.5828 1248.3215 1216.0000 1.7265 0.8140 1.8530 -0.0789 1.8268 4.9186 3.0376 0.6636
Cyclist -1 -1 2.9398 770.9800 730.1370 1002.3752 949.4636 1.7621 0.8362 1.9240 -0.6751 2.7412 13.2717 2.8935 0.6026
Car -1 -1 -1.6978 336.4122 765.4696 592.4060 988.6597 1.3993 1.7247 3.7133 -4.7585 2.9074 13.9983 -2.0456 0.2270
Car -1 -1 -2.6796 233.9928 788.0303 531.5403 908.1505 1.5464 1.8456 3.9148 -8.9469 4.2096 23.3194 -3.0518 0.2257
Car -1 -1 -1.2373 255.6976 773.8124 377.1754 846.0574 1.4961 1.8412 4.2323 -18.0682 5.9056 42.1076 -1.6398 0.1451
Car -1 -1 -2.8543 530.5654 786.9115 761.9307 887.9606 1.7461 1.9532 4.2660 -6.4080 5.1985 30.7094 -3.0551 0.1446
Car -1 -1 -1.6717 660.2301 747.7518 983.5116 1098.7734 1.6385 1.8056 3.9922 -1.1801 2.6875 10.6251 -1.7881 0.1415
