Pedestrian -1 -1 -1.2464 255.2090 655.3353 419.9290 1043.9958 1.8414 0.6412 0.5370 -3.0874 1.9992 7.4437 -1.7088 0.3274
Pedestrian -1 -1 -0.0271 498.5852 786.7585 596.0535 940.2266 1.1762 0.6810 0.7756 -3.5617 2.6144 12.8433 -0.3170 0.2610
Pedestrian -1 -1 1.6254 612.8977 763.9017 657.0306 875.4476 1.7219 0.6680 0.6565 -5.3188 4.0251 24.4017 1.4117 0.2479
Pedestrian -1 -1 1.2963 1344.9458 754.8788 1424.0366 929.1268 1.7173 0.6610 0.6271 4.3917 3.0971 15.5489 1.6062 0.1473
Pedestrian -1 -1 -2.1388 1324.6027 863.3629 1484.3231 1188.2968 1.5611 0.6064 0.6123 2.3841 2.9089 8.0866 -1.7925 0.1399
Pedestrian -1 -1 2.9825 752.0104 720.4946 940.2944 934.2410 1.7440 0.7471 1.5630 -1.0302 2.6249 13.2352 2.9061 0.1118
Cyclist -1 -1 3.1024 596.6592 647.2409 1223.1195 1216.0000 1.7769 0.7938 1.8947 -0.1724 1.8574 4.9150 3.0553 0.6422
Cyclist -1 -1 2.9648 725.2370 720.2062 920.4226 932.9363 1.7246 0.7441 1.6106 -1.2324 2.6031 13.2110 2.8713 0.2404
Car -1 -1 -1.6049 356.1014 754.5603 578.9862 982.1935 1.4716 1.7428 3.6558 -4.7106 2.8599 13.9905 -1.9498 0.3824
Car -1 -1 1.0128 1321.5576 747.2177 1721.1667 981.0333 1.5809 1.8135 4.1142 5.2097 2.9518 14.5775 1.3979 0.2589
Car -1 -1 1.1130 1412.0834 784.0675 1615.7405 904.0629 1.4846 1.7972 4.0732 9.5418 4.4950 26.1814 1.4904 0.1492
Car -1 -1 -1.2419 255.0144 775.4965 376.6072 848.4067 1.5027 1.8487 4.2526 -18.0616 5.9581 42.0529 -1.6447 0.1329
