Pedestrian -1 -1 2.9755 769.9016 859.0160 872.5671 983.0636 1.1763 0.6643 1.0225 -1.5360 3.8037 16.3324 2.8860 0.2608
Pedestrian -1 -1 -2.0666 1349.8970 847.9100 1439.6799 974.3586 1.1415 0.6105 0.7765 4.4763 3.5144 15.4756 -1.7502 0.2153
Pedestrian -1 -1 0.2434 1244.7440 789.0018 1289.9061 867.3321 1.5375 0.6969 0.7891 6.5282 5.0905 31.8890 0.4655 0.1660
Pedestrian -1 -1 -0.8995 327.5546 809.3206 411.6881 960.9057 1.4661 0.5950 0.5729 -6.2016 3.4449 15.6890 -1.2937 0.1656
Pedestrian -1 -1 3.0046 797.5062 641.2884 1013.3237 1216.0000 1.7896 0.6376 0.6203 -0.2025 1.8477 4.9327 2.9492 0.1538
Pedestrian -1 -1 3.3074 503.3573 780.6033 597.4384 953.0372 1.3379 0.6251 0.6794 -3.4477 2.6852 12.5888 3.0206 0.1480
Pedestrian -1 -1 3.1163 851.4706 724.9119 981.8314 1033.5146 1.5742 0.6180 0.6850 -0.2506 2.1424 8.1681 3.0867 0.1470
Pedestrian -1 -1 -1.9489 1339.4595 810.6642 1490.3854 1149.8296 1.6769 0.6188 0.6034 2.4245 2.7142 8.0413 -1.5947 0.1432
Pedestrian -1 -1 -0.2735 1096.0607 840.7372 1152.2466 933.1541 1.1129 0.5860 0.6157 2.1636 4.0343 19.9066 -0.1462 0.1313
Cyclist -1 -1 3.6871 0.0000 589.2244 635.4515 1216.0000 1.8426 0.8301 1.9635 -2.1151 1.7383 4.7919 3.1362 0.5707
Cyclist -1 -1 2.9755 769.9016 859.0160 872.5671 983.0636 1.1763 0.6643 1.0225 -1.5360 3.8037 16.3324 2.8860 0.2931
Car -1 -1 -1.6002 1363.9315 799.2714 1452.1824 895.8452 1.6082 1.8939 4.2528 10.5904 6.0206 35.5360 -1.2888 0.2598
Car -1 -1 1.6733 1255.4387 793.6630 1362.6305 892.9719 1.5334 1.8053 4.2652 7.7963 5.5486 33.2659 1.9241 0.1367
Car -1 -1 1.8021 494.8734 777.3931 625.1704 872.0618 1.4404 1.7462 3.9643 -8.2875 4.8276 31.2132 1.5452 0.1309
Car -1 -1 1.7266 760.4118 835.1607 957.1152 1003.5752 1.2548 1.7465 3.6830 -1.1094 4.0355 17.8573 1.6720 0.1210
