Pedestrian -1 -1 0.1000 765.2354 852.0204 852.7371 983.3370 1.3071 0.6379 0.8880 -1.6519 3.8334 16.3135 0.0028 0.2577
Pedestrian -1 -1 -1.7887 1401.5253 968.6705 1540.7522 1216.0000 1.5376 0.6027 0.5468 2.6120 3.3828 7.7052 -1.3951 0.2256
Pedestrian -1 -1 -3.0307 928.8864 772.3275 970.1188 879.2516 1.7651 0.6222 0.6451 -0.2008 4.3612 25.9872 -3.0266 0.2192
Pedestrian -1 -1 -0.9044 1350.1093 837.9357 1444.3954 968.5847 1.1807 0.6254 0.7099 4.5055 3.4484 15.4614 -0.5858 0.1906
Pedestrian -1 -1 3.0526 694.0828 753.0190 738.8575 869.0653 1.7742 0.6297 0.6605 -3.9489 3.8723 24.1029 2.8933 0.1751
Pedestrian -1 -1 -3.1260 1356.0308 813.8794 1390.2606 878.4573 1.3549 0.5983 0.7304 9.3895 5.7122 34.0850 -2.8356 0.1536
Pedestrian -1 -1 -0.0268 1266.5557 786.5283 1298.5953 869.7609 1.6601 0.7042 0.6597 6.8376 5.1458 31.8390 0.2052 0.1339
Cyclist -1 -1 -2.5257 0.0000 586.1157 561.9568 1212.1658 1.7987 0.8152 1.9221 -2.3298 1.6872 4.7132 -3.1321 0.5427
Cyclist -1 -1 3.1279 763.7083 853.6350 855.1469 983.4277 1.2620 0.6886 0.9728 -1.6603 3.8210 16.3338 3.0303 0.1819
Car -1 -1 1.9778 493.4127 778.7127 657.9363 879.2989 1.5144 1.8171 4.2327 -8.0372 4.9930 31.5851 1.7320 0.2481
Car -1 -1 -1.8664 1359.5188 796.8148 1502.4545 898.7080 1.5735 1.8804 4.2313 10.0943 5.5518 32.4639 -1.5419 0.2173
Car -1 -1 -1.5949 1282.7731 776.0276 1375.2347 877.5356 1.6498 1.8699 4.1203 8.1364 5.2241 33.1460 -1.3331 0.2024
Car -1 -1 0.2575 320.4272 805.7480 581.7530 919.0406 1.4357 1.6931 3.4918 -7.7685 4.3370 23.0199 -0.0722 0.1687
Car -1 -1 1.1524 1432.9940 883.5137 1630.2324 1021.9797 1.4385 1.7187 3.6958 9.1882 5.9832 24.4068 1.5405 0.1446
