Pedestrian -1 -1 3.1302 821.0467 717.8141 893.8137 918.9008 1.6972 0.6073 0.6286 -0.9225 2.5410 13.2522 3.0627 0.2764
Pedestrian -1 -1 -1.1261 263.9900 659.6282 431.3449 1042.3518 1.8243 0.6177 0.5338 -3.0408 2.0036 7.4479 -1.5820 0.2524
Pedestrian -1 -1 0.0890 498.8963 764.2489 594.4517 944.7802 1.4272 0.6461 0.7453 -3.5405 2.6578 12.8157 -0.1997 0.2345
Pedestrian -1 -1 -1.8816 1333.2257 922.4601 1476.7175 1206.6112 1.3388 0.5980 0.6649 2.3886 3.0199 8.1062 -1.5359 0.2287
Pedestrian -1 -1 -1.5194 1358.1519 865.3579 1424.3950 1001.5643 1.2403 0.6055 0.6575 4.4611 3.7993 15.4996 -1.2047 0.2060
Pedestrian -1 -1 1.5061 617.0835 770.5004 659.6544 881.3621 1.6985 0.6375 0.6676 -5.2701 4.1132 24.3921 1.2944 0.2053
Pedestrian -1 -1 -1.3315 542.4426 910.8696 597.7718 1038.6064 1.6735 0.6345 0.6131 -5.5650 5.8057 21.2977 -1.5859 0.1876
Pedestrian -1 -1 3.2145 498.3452 772.5676 575.5222 943.1526 1.4159 0.6795 0.6335 -3.8224 2.7893 13.5074 2.9212 0.1531
Pedestrian -1 -1 2.8217 741.8844 717.9525 829.1481 921.7134 1.6697 0.6042 0.5931 -1.5344 2.5047 13.0194 2.7008 0.1417
Pedestrian -1 -1 0.0459 1229.8920 775.5628 1263.4534 857.8992 1.6696 0.6691 0.6680 6.1527 4.9574 32.2253 0.2541 0.1389
Cyclist -1 -1 3.2368 340.8661 617.0345 1016.9143 1216.0000 1.7682 0.8013 1.9884 -0.8705 1.7454 4.8692 2.9937 0.6443
Cyclist -1 -1 -1.9371 1280.5334 892.5297 1499.4796 1216.0000 1.3836 0.6884 1.6638 2.3300 3.0266 8.3362 -1.6090 0.1400
Car -1 -1 -2.0859 246.5025 752.1985 630.0425 970.7103 1.4428 1.6921 3.6826 -4.9041 2.7757 13.8304 -2.4488 0.2259
Car -1 -1 1.8753 427.5228 765.7574 575.7939 862.3074 1.4983 1.7936 4.1778 -9.5558 4.6561 31.4274 1.5814 0.1663
Car -1 -1 -2.5455 286.8496 799.9397 581.6518 923.1987 1.4878 1.7788 4.0252 -8.1764 4.3751 23.3004 -2.8874 0.1419
