Pedestrian -1 -1 1.7905 631.8242 757.8466 679.8387 866.8568 1.7005 0.6465 0.6279 -4.9847 3.9008 24.4299 1.5905 0.3119
Pedestrian -1 -1 -1.5533 1351.3601 914.7661 1474.6937 1215.9554 1.4181 0.5977 0.5116 2.4389 3.0469 8.0560 -1.1989 0.2497
Pedestrian -1 -1 -0.0408 885.2025 663.0867 1131.7904 1216.0000 1.7122 0.6275 0.7588 0.1458 1.8458 4.9157 0.0016 0.2080
Pedestrian -1 -1 -0.0437 801.9472 729.5088 922.8623 1062.7733 1.7296 0.6442 0.6417 -0.5630 2.3382 8.3426 -0.1160 0.1968
Pedestrian -1 -1 -0.9581 1348.4452 831.0748 1439.0480 962.7938 1.2019 0.6253 0.6694 4.4830 3.4020 15.5073 -0.6417 0.1293
Pedestrian -1 -1 -0.0400 771.9800 852.6617 844.4364 1006.5279 1.5308 0.6111 0.7633 -1.6729 4.0652 16.2853 -0.1383 0.1215
Pedestrian -1 -1 -1.4600 737.0212 838.9374 816.4077 1030.2274 1.5120 0.6112 0.6589 -1.5832 3.4060 12.8999 -1.5839 0.1188
Cyclist -1 -1 0.3832 110.2055 579.2949 802.3253 1208.8251 1.8379 0.8432 1.9521 -1.5224 1.7047 4.8182 -0.0316 0.5797
Car -1 -1 -2.1356 254.6912 755.4896 678.0737 992.2579 1.5424 1.7754 4.0201 -4.6461 2.9175 13.8114 -2.4805 0.2036
Car -1 -1 -1.7234 1258.8453 790.4775 1370.4078 887.6429 1.5310 1.8631 4.1934 7.7545 5.4439 33.1626 -1.4730 0.1509
Car -1 -1 0.3142 337.9546 820.3286 601.7573 926.5645 1.3714 1.6771 3.5536 -7.5682 4.5213 23.2583 -0.0036 0.1227
