Pedestrian -1 -1 2.9791 790.6830 818.9511 882.2726 968.8069 1.4839 0.6413 0.9061 -1.3677 3.6554 16.3149 2.9002 0.3246
Pedestrian -1 -1 -1.8189 1408.1311 893.3207 1554.5723 1216.0000 1.5705 0.6160 0.6043 2.6712 3.0199 7.7297 -1.4175 0.1688
Pedestrian -1 -1 -3.1815 1372.6263 817.0667 1448.0726 948.2924 1.1906 0.6613 0.7199 4.5652 3.1996 15.2153 -2.8536 0.1605
Pedestrian -1 -1 -0.4839 926.5646 774.9713 979.4071 880.9774 1.7210 0.6241 0.7116 -0.1459 4.3710 25.9666 -0.4776 0.1301
Cyclist -1 -1 0.6189 0.0000 622.9863 549.1486 1216.0000 1.7504 0.8024 1.9591 -2.3773 1.7449 4.6717 -0.0017 0.6309
Cyclist -1 -1 2.9791 790.6830 818.9511 882.2726 968.8069 1.4839 0.6413 0.9061 -1.3677 3.6554 16.3149 2.9002 0.1793
Car -1 -1 -0.2570 1218.9492 792.1850 1417.1614 875.7740 1.6502 1.9126 4.0926 8.1320 5.6005 34.3488 -0.0041 0.1992
Car -1 -1 0.3639 246.4163 792.9684 543.9451 916.2252 1.6103 1.8264 3.8733 -8.5938 4.2914 22.9427 -0.0002 0.1571
Car -1 -1 0.5418 234.1346 797.2968 472.7997 897.7388 1.7034 1.8790 4.2075 -12.5239 5.4141 30.9319 0.1569 0.1566
Car -1 -1 1.2395 1292.7593 792.7936 1451.9760 900.9595 1.5359 1.8856 4.1810 8.1312 5.1404 29.9758 1.5273 0.1400
Car -1 -1 2.8827 1128.0082 800.5549 1283.3610 867.6373 1.7930 1.9616 4.4997 7.6736 7.4740 47.2050 3.0605 0.1281
