Pedestrian -1 -1 -1.7393 1360.1517 928.7000 1485.5581 1216.0000 1.3635 0.5859 0.5680 2.4676 3.0648 8.0402 -1.3804 0.2469
Pedestrian -1 -1 -1.9656 1353.5835 857.2967 1436.2030 984.9273 1.1710 0.6078 0.7179 4.4829 3.6379 15.4924 -1.6492 0.2395
Pedestrian -1 -1 -0.1304 814.7206 750.3850 926.4797 1083.4834 1.7226 0.6170 0.5454 -0.5160 2.4537 8.3572 -0.1955 0.1960
Pedestrian -1 -1 -1.7449 887.1917 611.8525 1105.9316 1183.4801 1.7673 0.6363 0.5803 0.0993 1.7270 4.9568 -1.7162 0.1505
Pedestrian -1 -1 -1.0745 309.0730 811.5239 393.6829 968.7827 1.5325 0.6179 0.5903 -6.3790 3.5269 15.6598 -1.4794 0.1431
Pedestrian -1 -1 -0.0479 1248.0978 785.4792 1279.4285 871.8550 1.7536 0.6768 0.6423 6.5078 5.2523 32.1936 0.1715 0.1342
Pedestrian -1 -1 3.1807 763.1553 847.8297 851.7260 966.5588 1.1734 0.6134 0.9388 -1.6738 3.6632 16.3680 3.0821 0.1340
Cyclist -1 -1 0.4109 43.0937 558.0826 746.2657 1194.4025 1.8619 0.8265 1.9683 -1.7242 1.6664 4.8375 -0.0498 0.6770
Cyclist -1 -1 3.1757 742.4418 847.3922 845.4479 968.5640 1.1837 0.6823 1.0969 -1.8204 3.6784 16.3871 3.0677 0.1531
Car -1 -1 1.2567 1348.4633 801.8245 1494.1831 899.2211 1.4702 1.8570 4.3994 9.9777 5.6094 32.7831 1.5750 0.1682
Car -1 -1 -1.5101 443.3752 788.6982 553.7004 898.3904 1.5034 1.7979 4.0093 -8.9260 4.9278 29.1047 -1.8067 0.1351
Car -1 -1 -1.2802 301.6709 778.7212 471.4255 891.4673 1.5185 1.8523 4.2491 -10.7511 4.6543 28.2982 -1.6453 0.1103
Car -1 -1 1.6357 695.1033 748.6266 881.4000 929.6425 1.5856 1.9357 4.1780 -1.9654 3.2617 18.1321 1.5307 0.1059
Car -1 -1 -1.4964 1254.3403 791.9800 1354.6580 889.2832 1.5492 1.8161 4.0690 7.7763 5.5556 33.6420 -1.2487 0.1054
