Pedestrian -1 -1 1.6952 632.1809 757.4068 676.8505 866.1961 1.6948 0.6431 0.6121 -5.0063 3.8887 24.4300 1.4944 0.2676
Pedestrian -1 -1 -3.3377 1355.9573 843.1953 1431.2018 972.6006 1.2063 0.6373 0.6548 4.4704 3.5201 15.4954 -3.0221 0.2409
Pedestrian -1 -1 -0.0098 509.1594 763.5078 593.6486 950.7315 1.4751 0.6496 0.6788 -3.5139 2.6994 12.7991 -0.2966 0.2101
Pedestrian -1 -1 -0.2290 763.0179 766.9323 877.9570 958.3710 1.5440 0.6316 0.8862 -1.2445 2.8353 13.1551 -0.3234 0.1993
Pedestrian -1 -1 -1.8953 1333.4744 919.9780 1481.0897 1197.9836 1.3051 0.6086 0.6805 2.4000 2.9728 8.1047 -1.5480 0.1991
Pedestrian -1 -1 -1.2601 541.0849 928.8391 598.8998 1056.6838 1.6590 0.6391 0.6075 -5.5559 6.0444 21.2556 -1.5141 0.1834
Pedestrian -1 -1 -3.0880 1230.1055 781.4952 1263.2676 870.3337 1.8146 0.6764 0.6583 6.1882 5.2515 32.4098 -2.8798 0.1707
Pedestrian -1 -1 -0.1274 847.5994 631.8537 1171.7853 1188.5009 1.7025 0.6663 1.0007 0.1295 1.7274 4.9603 -0.0903 0.1604
Cyclist -1 -1 0.2360 228.8260 587.2674 900.8812 1204.1848 1.7809 0.8171 1.9415 -1.1872 1.6723 4.8167 -0.0958 0.6240
Cyclist -1 -1 -0.1023 768.1690 756.6178 987.4773 959.6257 1.6258 0.7714 1.8628 -0.7530 2.8332 13.1831 -0.1554 0.1672
Car -1 -1 1.0884 1461.7245 747.6058 1911.1006 1025.0980 1.5590 1.7492 3.9351 5.5797 2.7152 12.1182 1.5759 0.5167
Car -1 -1 -1.6705 1267.0574 787.6183 1367.3719 884.9363 1.5291 1.8207 4.0911 7.7538 5.3420 32.8813 -1.4181 0.2028
Car -1 -1 1.1971 1344.6047 788.2068 1498.9625 888.4539 1.5732 1.8712 4.2535 9.9721 5.3851 32.7306 1.5158 0.1689
