Pedestrian -1 -1 -1.2160 263.6887 655.3496 426.7892 1039.4756 1.8242 0.6236 0.5400 -3.0525 1.9820 7.4499 -1.6735 0.2666
Pedestrian -1 -1 1.6822 612.7796 764.2284 659.2827 875.9922 1.7301 0.6725 0.6517 -5.3012 4.0369 24.4008 1.4692 0.2106
Pedestrian -1 -1 -1.2540 1351.8442 859.5325 1432.2573 991.2581 1.1855 0.6127 0.6536 4.4637 3.6854 15.4881 -0.9389 0.2035
Pedestrian -1 -1 -1.9901 1330.5994 889.6762 1482.0911 1169.6326 1.3182 0.5860 0.6631 2.3827 2.8073 8.0587 -1.6425 0.1921
Pedestrian -1 -1 0.0051 505.5151 776.5290 596.9302 937.0369 1.2455 0.6925 0.7387 -3.5287 2.5938 12.8622 -0.2818 0.1679
Cyclist -1 -1 3.1992 412.8351 644.4022 1067.9570 1216.0000 1.7642 0.8042 1.9496 -0.6896 1.8350 4.8969 3.0078 0.5923
Cyclist -1 -1 3.0209 743.8892 713.0408 960.2932 925.9561 1.7429 0.7658 1.8337 -0.9818 2.5564 13.2504 2.9485 0.3255
Car -1 -1 -1.5461 342.2522 750.4551 570.0918 980.1539 1.4884 1.7603 3.7123 -4.6801 2.8314 13.9574 -1.8899 0.4313
Car -1 -1 1.1620 1454.8108 756.3723 1877.0964 1037.3169 1.5676 1.8010 4.0684 5.5428 2.8405 12.3887 1.6366 0.1457
Car -1 -1 1.1013 1411.8406 785.0939 1615.7717 903.7802 1.4640 1.7825 4.0370 9.5436 4.4933 26.1862 1.4787 0.1397
Car -1 -1 1.9456 417.9190 767.6487 581.3784 866.6813 1.5177 1.8383 4.2543 -9.5923 4.7281 31.4375 1.6508 0.1339
Car -1 -1 0.3271 258.8282 804.0562 556.6196 925.2106 1.5734 1.8099 3.9665 -8.5012 4.4710 23.2253 -0.0285 0.1288
