Pedestrian -1 -1 1.1441 810.7076 764.5302 885.0014 915.6514 1.6904 0.6660 0.7014 -1.3733 3.4202 18.0583 1.0739 0.3184
Pedestrian -1 -1 -1.2886 537.4051 785.6699 603.6022 934.0323 1.6280 0.6148 0.5493 -4.5142 3.5179 17.2986 -1.5514 0.2574
Pedestrian -1 -1 1.8667 361.0223 634.5744 523.6080 1028.9191 1.8070 0.6263 0.5514 -2.4728 1.8554 7.1736 1.4699 0.2506
Pedestrian -1 -1 -1.9965 1332.8530 763.7552 1397.4816 907.6182 1.7142 0.6070 0.5790 5.0660 3.4880 18.7772 -1.7032 0.2404
Pedestrian -1 -1 -3.0074 1248.3895 779.6631 1296.7877 912.8995 1.7753 0.6171 0.5824 4.4223 4.0129 21.2292 -2.7777 0.1577
Pedestrian -1 -1 -0.2320 1177.4550 787.6504 1231.7264 936.1990 1.6288 0.5813 0.5127 2.8198 3.5512 17.3621 -0.0471 0.1546
Pedestrian -1 -1 -1.2215 0.0000 659.3155 144.4032 1116.1677 1.7406 0.5993 0.5837 -3.7425 1.8900 6.1228 -1.8809 0.1540
Pedestrian -1 -1 -0.6951 1478.5702 783.4882 1653.8420 1132.6450 1.5745 0.6379 0.5408 3.0009 2.4045 7.4545 -0.2313 0.1358
Pedestrian -1 -1 -0.5705 1254.3119 776.5353 1317.6710 913.4496 1.7465 0.6277 0.6045 4.4138 3.8497 20.3467 -0.3316 0.1328
Pedestrian -1 -1 -1.0674 0.0000 707.8052 164.3036 1040.6774 1.6900 0.6037 0.5872 -4.7463 2.1556 8.0762 -1.6729 0.1290
Pedestrian -1 -1 -3.3144 1447.0967 817.9508 1527.8058 959.6934 1.2713 0.6538 0.6758 5.2184 3.2399 14.8611 -2.9363 0.1192
Cyclist -1 -1 -2.3944 0.0000 640.2120 502.1864 1216.0000 1.7136 0.7507 1.8994 -2.4507 1.7644 4.5037 -3.0541 0.6936
Cyclist -1 -1 0.1360 761.9963 786.3881 959.1733 953.1862 1.6305 0.8139 2.0139 -1.0578 3.4141 16.0342 0.0758 0.6525
Car -1 -1 -2.7517 299.0945 796.0032 526.1262 888.7982 1.6669 1.8721 4.1059 -11.5445 5.4040 31.6424 -3.1005 0.2198
Car -1 -1 -1.8498 1162.7007 777.8784 1398.8547 961.0707 1.4935 1.7628 3.8378 3.5753 3.4767 17.4266 -1.6206 0.1261
Car -1 -1 -0.2994 1266.1946 811.9952 1466.5077 898.0782 1.6311 1.8580 3.9676 9.0038 5.9376 33.4627 -0.0151 0.1259
