Pedestrian -1 -1 -1.1078 321.3945 658.1016 494.0500 1026.6743 1.7506 0.6486 0.5328 -2.7375 1.9220 7.4348 -1.5249 0.4802
Pedestrian -1 -1 3.0001 794.5772 811.8099 899.0253 957.5580 1.4382 0.6780 1.0550 -1.2581 3.5354 16.3362 2.9283 0.2847
Pedestrian -1 -1 -3.1558 1396.5527 809.3580 1475.6659 942.6650 1.2073 0.6758 0.7509 4.8340 3.1377 15.2080 -2.8103 0.2438
Pedestrian -1 -1 -1.9286 967.5136 775.4526 1013.7590 878.1490 1.7002 0.6364 0.6381 0.5142 4.3932 26.3461 -1.8959 0.1747
Pedestrian -1 -1 1.5123 1561.7102 924.3717 1608.4252 1056.8019 1.8092 0.6363 0.6377 9.4638 6.4382 22.7037 1.9369 0.1612
Pedestrian -1 -1 -1.8454 1412.3590 858.4839 1558.3832 1194.0624 1.5580 0.6057 0.5807 2.6916 2.8159 7.7259 -1.4403 0.1492
Pedestrian -1 -1 -2.1946 928.1483 774.4998 979.9677 879.5145 1.7016 0.6252 0.6770 -0.1270 4.3475 25.9911 -2.1875 0.1432
Cyclist -1 -1 0.6075 0.0000 615.7773 550.7839 1216.0000 1.7747 0.7931 1.9181 -2.3399 1.7489 4.6395 -0.0103 0.6521
Cyclist -1 -1 3.0001 794.5772 811.8099 899.0253 957.5580 1.4382 0.6780 1.0550 -1.2581 3.5354 16.3362 2.9283 0.1711
Car -1 -1 0.5133 247.5300 797.5124 482.1665 893.5655 1.6668 1.9160 4.2103 -12.5577 5.4587 31.6179 0.1355 0.3333
Car -1 -1 -2.4993 310.3275 793.1208 595.5378 915.6876 1.4585 1.7059 3.9252 -7.8270 4.2143 23.0855 -2.8307 0.2077
Car -1 -1 2.6897 1343.0510 820.6743 1562.7744 912.0126 1.7058 1.8537 4.3870 11.1627 6.3236 34.1053 3.0287 0.1792
