Pedestrian -1 -1 1.4533 985.7281 720.5574 1051.6609 890.0298 1.8533 0.6858 0.7105 0.6514 2.9748 17.1561 1.5052 0.1882
Pedestrian -1 -1 1.5530 966.5310 765.6972 1032.5237 952.1163 1.7434 0.6390 0.6405 0.3771 3.1682 14.8063 1.5917 0.1728
Pedestrian -1 -1 1.4060 957.7337 725.5319 1018.0901 885.7801 1.8462 0.6406 0.6173 0.3156 3.0820 18.0159 1.4359 0.1500
Pedestrian -1 -1 -0.1059 1493.5774 775.0430 1532.4749 861.5417 1.5767 0.6632 0.6592 10.7257 4.5379 29.0853 0.2740 0.1483
Car -1 -1 -1.6808 807.7491 703.3344 1179.4595 1095.4199 1.7543 1.9127 4.4191 -0.0461 2.3947 9.9099 -1.6775 0.5053
Car -1 -1 -1.4331 523.0091 773.6846 667.2402 898.1630 1.4461 1.7369 3.7078 -5.7633 4.0180 23.9197 -1.6699 0.3560
Car -1 -1 1.2692 1452.2491 765.9039 1606.6797 870.7037 1.5611 1.8439 4.1594 11.3683 4.6127 30.2132 1.6553 0.1667
Car -1 -1 -1.6355 1415.0575 795.8952 1481.0223 862.7042 1.6058 1.8857 4.0185 16.0084 7.4966 49.3300 -1.3023 0.1605
Car -1 -1 -1.7100 1358.1396 797.0194 1436.8282 865.9037 1.5620 1.8950 4.2665 13.7827 7.2838 47.4550 -1.4082 0.1265
Car -1 -1 -1.5063 645.9808 773.5471 778.7699 907.2188 1.5629 1.8452 4.1541 -3.9701 4.2051 24.4284 -1.6636 0.1224
