Pedestrian -1 -1 -0.9507 0.0000 676.1882 279.1063 1216.0000 1.6420 0.5644 0.6288 -2.4071 1.8030 4.3662 -1.6228 0.2672
Pedestrian -1 -1 -2.1280 1376.8297 757.8781 1444.1641 901.6526 1.6791 0.5917 0.5652 5.5357 3.3497 18.4438 -1.8044 0.2624
Pedestrian -1 -1 0.9077 865.6224 729.0898 946.6484 891.4183 1.8341 0.6679 0.7328 -0.6665 3.1246 18.0276 0.8789 0.2562
Pedestrian -1 -1 1.4186 1218.4741 784.2294 1278.8954 933.7761 1.6172 0.6142 0.5433 3.2771 3.4682 17.0820 1.6343 0.1904
Pedestrian -1 -1 3.1272 925.7554 734.0728 981.9861 888.5106 1.8477 0.6571 0.6905 -0.0937 3.2365 18.6918 3.1330 0.1896
Pedestrian -1 -1 -3.0398 1300.8992 788.6501 1354.5326 913.8381 1.6300 0.6029 0.6568 5.1283 3.9642 20.9169 -2.7729 0.1568
Pedestrian -1 -1 2.0314 0.0000 709.9744 186.8483 1192.0692 1.7271 0.6128 0.5779 -3.4371 2.0776 5.8189 1.3838 0.1527
Pedestrian -1 -1 -1.2685 62.2261 729.2661 207.8773 1071.6871 1.7192 0.5754 0.5503 -4.4358 2.3055 8.0590 -1.8424 0.1441
Cyclist -1 -1 0.0550 826.7166 805.9995 1028.4720 962.3286 1.4969 0.7764 2.0772 -0.3323 3.4573 15.7554 0.0434 0.5679
Cyclist -1 -1 -1.9297 0.0000 663.9872 274.0833 1216.0000 1.6787 0.6896 1.8201 -3.0120 1.8160 4.5404 -2.6831 0.2928
Cyclist -1 -1 3.1829 606.0880 779.2706 754.6645 895.6494 1.6565 0.8069 2.2404 -4.3543 4.1214 23.3209 3.0005 0.2698
Car -1 -1 -1.4026 723.6227 753.0278 1094.9702 1099.4073 1.5233 1.7967 4.0038 -0.1297 2.5847 10.2670 -1.4079 0.2218
Car -1 -1 -2.7632 633.4223 796.8315 857.9211 893.6265 1.5578 1.8339 4.1276 -4.3508 5.2105 30.3832 -2.8982 0.2178
Car -1 -1 0.4193 360.0619 805.2411 588.7482 902.7769 1.6670 1.8667 4.0961 -10.0243 5.5387 30.9566 0.1082 0.1897
Car -1 -1 -1.8241 1230.4873 780.3846 1474.2794 974.2123 1.4793 1.7657 3.8097 4.1399 3.3878 16.4298 -1.5461 0.1458
