Pedestrian -1 -1 1.4319 899.5295 719.1158 965.3399 879.3613 1.8147 0.6992 0.6902 -0.3494 2.9604 17.7911 1.4215 0.4698
Pedestrian -1 -1 -0.9434 0.0000 675.4845 201.5535 1155.6754 1.7566 0.6081 0.5557 -3.3963 1.9629 5.8133 -1.5876 0.1523
Pedestrian -1 -1 -1.2186 56.9751 764.7250 215.8038 1091.7299 1.6123 0.6026 0.6047 -4.4172 2.3981 8.0428 -1.7908 0.1503
Pedestrian -1 -1 -0.1770 1400.8787 783.1950 1437.2915 866.4344 1.5711 0.6416 0.6068 9.1675 4.7807 29.9604 0.1441 0.1489
Pedestrian -1 -1 -3.6841 1809.4845 783.4301 1936.0000 1025.2441 1.4962 0.6794 0.6582 6.2356 2.6058 10.1004 -3.0560 0.1397
Pedestrian -1 -1 3.1946 551.6157 795.3978 598.7753 896.2231 1.4111 0.7068 0.6586 -5.8632 4.0503 22.7362 2.9405 0.1307
Cyclist -1 -1 0.0327 827.0363 797.9927 1028.7488 957.9275 1.5324 0.8442 2.0664 -0.3344 3.4046 15.7319 0.0208 0.4704
Car -1 -1 1.3444 1371.2513 782.3020 1499.4114 880.6843 1.4720 1.7627 4.0217 9.7857 4.9709 31.1527 1.6726 0.3801
Car -1 -1 -2.6395 371.0750 789.2686 646.0988 909.7743 1.5120 1.7833 3.7288 -7.0524 4.2272 23.4465 -2.9344 0.2022
Car -1 -1 -1.5933 861.6204 766.3259 1183.3271 1108.0741 1.5112 1.7678 3.7722 0.3928 2.6482 10.1093 -1.5394 0.1574
Car -1 -1 -2.7317 404.1850 794.0831 622.7796 886.1553 1.6962 1.9019 4.2397 -9.8864 5.5867 33.1837 -3.0180 0.1446
