Pedestrian -1 -1 3.0645 800.4853 770.4027 879.2641 936.0906 1.6669 0.6429 0.7998 -1.3129 3.2693 16.0898 2.9872 0.3842
Pedestrian -1 -1 -2.8462 948.0030 782.6984 995.7207 882.6298 1.6252 0.6048 0.6765 0.1867 4.4051 25.9522 -2.8264 0.2335
Pedestrian -1 -1 -0.8376 1430.5475 916.1963 1605.1244 1216.0000 1.3253 0.5986 0.5604 2.7756 2.8582 7.4836 -0.4076 0.2094
Pedestrian -1 -1 -3.1526 1412.4893 796.7144 1492.8423 955.1321 1.4300 0.6767 0.7422 4.9034 3.1938 14.9069 -2.7959 0.2016
Pedestrian -1 -1 -0.0015 1309.6803 802.5011 1350.2543 883.3345 1.5773 0.6794 0.8169 7.7746 5.3725 31.5224 0.2619 0.1891
Pedestrian -1 -1 0.0257 578.0468 758.3056 664.7687 966.7762 1.6248 0.6272 0.6907 -2.8396 2.7755 12.5202 -0.2122 0.1761
Pedestrian -1 -1 -1.0196 983.0959 784.0074 1031.1243 881.0828 1.5889 0.5998 0.6316 0.8081 4.4344 26.3150 -0.9752 0.1638
Pedestrian -1 -1 2.9509 749.1149 744.1397 794.8815 869.4012 1.8987 0.6355 0.6164 -3.0181 3.8297 23.8209 2.8297 0.1584
Cyclist -1 -1 0.7019 0.0000 619.9904 531.3173 1216.0000 1.7619 0.8055 1.9118 -2.3922 1.7484 4.5723 0.0638 0.7803
Cyclist -1 -1 3.1363 788.5330 769.6043 876.9645 936.7503 1.6827 0.6811 0.9281 -1.3823 3.2766 16.0923 3.0544 0.1193
Car -1 -1 -2.7086 290.2203 798.9396 522.0484 893.5380 1.6709 1.8899 4.1870 -11.6730 5.4785 31.6071 -3.0614 0.2325
Car -1 -1 -2.7685 391.1494 805.7424 644.2019 914.5541 1.3913 1.6543 3.4132 -6.8567 4.3272 23.3095 -3.0569 0.1636
