Pedestrian -1 -1 -2.8244 567.0793 770.8905 632.3492 924.5912 1.6784 0.6086 0.5740 -4.1695 3.3962 17.2714 -3.0679 0.2566
Pedestrian -1 -1 -1.1107 17.8540 738.1293 175.8308 1062.8320 1.6413 0.5775 0.5388 -4.6534 2.2761 8.0783 -1.7056 0.2176
Pedestrian -1 -1 -2.3132 1358.1919 754.0176 1428.0626 900.6663 1.7266 0.6036 0.5846 5.3936 3.3741 18.6888 -2.0012 0.2073
Pedestrian -1 -1 -1.7533 1030.0698 773.3525 1069.1331 871.0502 1.6136 0.5867 0.6026 1.5344 4.2312 26.0373 -1.6794 0.1961
Pedestrian -1 -1 2.8769 847.7728 710.9838 914.1035 862.5601 1.7454 0.6590 0.6552 -0.9773 2.8115 18.1052 2.8294 0.1682
Cyclist -1 -1 0.0801 805.2053 778.6180 995.4353 943.5268 1.6088 0.7919 1.9528 -0.6242 3.2844 15.8578 0.0484 0.5161
Cyclist -1 -1 -2.1451 0.0000 679.2325 337.5086 1216.0000 1.6807 0.6903 1.9069 -2.9384 1.8662 4.5304 -2.8868 0.4337
Cyclist -1 -1 3.2812 579.3239 789.0045 714.7738 893.8823 1.5021 0.8050 1.9755 -4.8842 4.1152 23.3454 3.0759 0.2313
Cyclist -1 -1 2.8933 831.7756 709.3932 934.9611 863.6715 1.7533 0.7631 1.0957 -0.9497 2.8053 18.0938 2.8473 0.1008
Car -1 -1 -2.7604 336.7750 800.9352 558.9034 892.7693 1.6345 1.8442 4.0417 -10.7864 5.4747 31.5932 -3.0878 0.2838
Car -1 -1 -1.5556 658.8837 728.2964 1001.3893 1084.0914 1.6624 1.8908 4.1121 -0.8656 2.5236 10.3369 -1.6422 0.2483
