Pedestrian -1 -1 1.2431 792.3225 764.4346 860.3508 910.2930 1.6626 0.6581 0.6441 -1.6540 3.4090 18.2902 1.1575 0.3159
Pedestrian -1 -1 3.0811 790.0981 793.8899 889.8498 954.7933 1.5948 0.6538 1.0315 -1.3099 3.4526 16.0458 3.0041 0.2793
Pedestrian -1 -1 -1.0679 1463.6354 873.2316 1636.4554 1181.7648 1.3310 0.5731 0.5991 2.9544 2.6461 7.5131 -0.6150 0.2678
Pedestrian -1 -1 -3.1575 966.1978 771.9890 1012.6044 867.0581 1.5659 0.6535 0.7964 0.4879 4.1555 25.9955 -3.1258 0.2321
Pedestrian -1 -1 -1.9826 1309.5393 767.0303 1373.5225 906.8331 1.6856 0.6186 0.5747 4.8311 3.5243 19.0202 -1.7052 0.1911
Pedestrian -1 -1 0.0584 535.8127 764.6755 588.9781 922.7441 1.7304 0.5947 0.5662 -4.6187 3.3838 17.3396 -0.2100 0.1700
Pedestrian -1 -1 3.1417 763.3334 778.8248 820.6871 931.5670 1.6606 0.6217 0.6474 -1.9563 3.4766 17.2978 3.0317 0.1466
Pedestrian -1 -1 -0.0258 1436.5068 792.0747 1516.4067 952.8749 1.4537 0.6855 0.7363 5.1340 3.1692 14.8976 0.3461 0.1391
Pedestrian -1 -1 1.5896 586.3112 746.7213 670.2489 983.1190 1.6717 0.6036 0.6148 -2.5178 2.6234 11.3171 1.3527 0.1322
Cyclist -1 -1 -2.4293 0.0000 634.3932 535.3363 1216.0000 1.7292 0.7488 1.9335 -2.3767 1.7610 4.5605 -3.0658 0.7900
Cyclist -1 -1 3.0811 790.0981 793.8899 889.8498 954.7933 1.5948 0.6538 1.0315 -1.3099 3.4526 16.0458 3.0041 0.1790
Car -1 -1 -2.7250 272.4093 800.5019 506.0477 898.6161 1.7579 1.8694 4.2133 -12.0191 5.5901 31.5884 -3.0876 0.2842
Car -1 -1 -3.3227 1258.7666 814.8890 1462.4846 907.8449 1.7373 1.8825 4.1957 8.9398 6.1728 33.7690 -3.0426 0.1482
Car -1 -1 2.8257 1288.4346 815.3694 1517.1205 909.7042 1.6496 1.8473 4.1732 9.0495 5.7034 30.8876 3.1337 0.1342
Car -1 -1 -2.7359 386.0381 804.4557 656.9334 923.0578 1.4967 1.7681 3.6448 -6.7883 4.4243 23.2862 -3.0216 0.1331
