Pedestrian -1 -1 3.2499 496.4442 678.9620 627.5032 1087.4836 1.7627 0.6040 0.5504 -1.8262 2.0247 6.8971 2.9377 0.2229
Pedestrian -1 -1 -0.1567 1437.8116 778.2154 1478.6622 862.8947 1.5747 0.6586 0.6868 9.8320 4.6494 29.6023 0.1891 0.2050
Pedestrian -1 -1 3.1453 610.5290 796.5274 652.8181 896.4039 1.4030 0.6688 0.6192 -5.0113 4.0587 22.7476 2.9286 0.1594
Pedestrian -1 -1 2.4021 924.1299 773.2126 1049.4218 954.3488 1.6332 0.6723 1.0944 0.2617 3.1911 15.0969 2.4320 0.1464
Cyclist -1 -1 2.5275 890.9525 769.7042 1073.1835 960.7139 1.6730 0.7643 1.7049 0.2192 3.2105 15.0876 2.5544 0.2198
Cyclist -1 -1 0.1667 856.9028 713.4056 1011.7408 877.7510 1.8225 0.8378 1.7142 -0.3050 2.9040 17.7243 0.1588 0.1575
Car -1 -1 -1.4293 499.6079 782.2888 642.8768 906.4866 1.4428 1.7282 3.5968 -6.1764 4.1698 24.0278 -1.6816 0.2904
Car -1 -1 -1.7136 808.8457 723.2404 1175.6927 1093.0006 1.6300 1.7999 3.8926 -0.0197 2.4049 9.7338 -1.7073 0.2702
Car -1 -1 1.3248 1423.0067 778.9034 1554.8396 875.7095 1.4473 1.7512 3.8102 10.7419 4.8135 30.6938 1.6866 0.2472
Car -1 -1 -2.6587 411.8069 801.2007 634.0117 900.4143 1.7943 1.8601 4.3716 -9.6961 5.8673 33.1975 -2.9389 0.1495
