Pedestrian -1 -1 -1.9132 1536.6577 780.5002 1610.2749 928.7125 1.6764 0.6459 0.6882 7.3845 3.5941 18.0611 -1.4873 0.4060
Pedestrian -1 -1 1.5881 606.7017 827.1946 639.6715 914.2113 1.6023 0.6232 0.6250 -6.6917 5.6586 29.6175 1.3706 0.2058
Pedestrian -1 -1 -2.0249 1777.8102 758.5415 1936.0000 1171.8976 1.6574 0.5927 0.5408 3.9788 2.2703 6.5326 -1.3628 0.1720
Pedestrian -1 -1 1.5105 599.3031 760.1073 645.0858 890.4794 1.7787 0.6085 0.5385 -4.8684 3.7500 21.4599 1.2858 0.1677
Pedestrian -1 -1 -0.1669 1123.1648 748.4438 1162.1403 852.9845 1.7099 0.5809 0.5791 3.0848 3.8382 25.4641 -0.0282 0.1573
Pedestrian -1 -1 0.0445 764.8094 776.2399 808.2319 891.3022 1.6428 0.5807 0.6201 -2.6221 3.9490 22.4778 -0.0664 0.1502
Pedestrian -1 -1 -0.0143 1435.1173 798.8849 1457.1251 856.2925 1.7297 0.7468 0.6713 15.6624 7.4032 48.3051 0.3188 0.1372
Pedestrian -1 -1 3.1050 656.5095 774.8233 702.8981 880.7826 1.5035 0.6806 0.6705 -4.2919 3.8274 22.7737 2.9200 0.1348
Pedestrian -1 -1 -1.7795 1599.2509 780.3106 1667.0145 942.8306 1.7525 0.6208 0.5855 7.7097 3.5754 17.1790 -1.3167 0.1327
Cyclist -1 -1 -2.0307 1679.0414 816.0247 1869.1801 1053.8896 1.6759 0.7144 2.0923 7.1798 3.5174 13.3350 -1.4832 0.2117
Car -1 -1 -1.6195 774.1671 723.5563 1128.0615 1096.5183 1.6564 1.8431 3.9856 -0.1648 2.4356 9.7672 -1.6303 0.4189
Car -1 -1 -1.5871 1438.2473 795.8823 1500.0204 862.6018 1.6207 1.8526 3.7940 16.6954 7.4810 49.1601 -1.2400 0.1946
Car -1 -1 -1.7830 1486.6346 770.2394 1625.3693 876.1456 1.5762 1.8878 4.1909 12.0773 4.7703 30.6296 -1.3810 0.1388
Car -1 -1 -1.5215 660.4415 787.2311 793.9318 928.3427 1.5958 1.8895 4.2313 -3.6846 4.4576 24.1657 -1.6682 0.1299
