Pedestrian -1 -1 -0.6774 1711.9635 795.3312 1936.0000 1195.1058 1.4111 0.6161 0.6527 3.4262 2.1150 5.8615 -0.0203 0.2283
Pedestrian -1 -1 1.9683 628.6354 766.3154 685.5982 887.0884 1.7396 0.6538 0.6409 -4.6335 3.9320 22.8052 1.7686 0.1895
Pedestrian -1 -1 0.1620 1103.6013 785.2410 1138.1842 860.6535 1.5850 0.7215 0.6581 3.6037 5.2491 33.7349 0.2848 0.1382
Cyclist -1 -1 1.5681 1436.6941 778.6461 1481.5098 885.8485 1.7643 0.7669 1.8442 9.4885 4.7938 28.4699 1.9154 0.1765
Car -1 -1 -1.5609 957.0105 768.8806 1138.8921 961.1368 1.4365 1.6965 3.4960 0.9571 3.1235 15.7075 -1.4837 0.3760
Car -1 -1 -1.4271 1071.1292 775.5052 1196.6819 885.4769 1.5155 1.7688 3.8406 3.3481 4.5881 28.4206 -1.2924 0.2589
Car -1 -1 1.4227 1328.0536 752.1343 1596.3103 1007.0191 1.5257 1.7837 3.8668 4.2008 2.8165 13.0970 1.7757 0.2175
Car -1 -1 1.6241 1056.9304 787.0309 1191.0437 924.5394 1.3967 1.6692 3.6753 2.4427 3.9691 21.7685 1.7544 0.1783
Car -1 -1 1.3578 1433.3126 784.7733 1575.8325 899.8881 1.5992 1.8513 4.1946 10.4847 4.9526 29.1506 1.7290 0.1729
Car -1 -1 -1.5482 1209.1669 756.4899 1305.0028 855.0182 1.5314 1.7858 4.0532 6.2376 4.4731 31.2495 -1.3310 0.1515
Car -1 -1 1.6849 1112.5029 780.0962 1218.2255 875.8616 1.6225 1.9114 4.2678 4.8593 5.5091 35.1391 1.8397 0.1490
