Pedestrian -1 -1 -1.4144 427.9036 751.2416 521.8530 981.0476 1.6708 0.6196 0.6183 -3.7712 2.6838 11.6298 -1.7548 0.3355
Pedestrian -1 -1 -2.2433 1606.3051 788.3760 1693.7704 944.8557 1.6895 0.6159 0.7267 8.0218 3.6412 17.4360 -1.7712 0.3339
Pedestrian -1 -1 3.0783 848.2732 783.9495 903.2371 932.9454 1.5050 0.6058 0.5587 -0.9284 3.2579 16.1487 3.0271 0.2854
Pedestrian -1 -1 1.6414 641.4748 824.7750 675.7880 910.7721 1.5910 0.6206 0.6329 -5.9976 5.6019 29.6566 1.4473 0.2082
Pedestrian -1 -1 1.8871 605.6792 639.8372 766.9694 1048.0635 1.7082 0.5752 0.5248 -1.1948 1.7767 6.5671 1.6654 0.1472
Pedestrian -1 -1 1.9024 14.3743 746.5778 170.3271 1066.3257 1.6039 0.6011 0.5942 -4.7134 2.2963 8.1449 1.3062 0.1427
Pedestrian -1 -1 -1.2295 149.7546 659.5157 319.1732 1037.7700 1.6904 0.5905 0.5899 -3.4272 1.8626 7.0921 -1.7623 0.1394
Cyclist -1 -1 0.2297 776.7248 786.0992 894.4969 894.6386 1.4880 0.7470 1.6330 -1.8779 3.9627 22.4634 0.1534 0.1549
Car -1 -1 -1.7752 872.7641 751.4293 1278.1232 1115.9993 1.4417 1.7508 3.8881 0.4713 2.4084 9.3793 -1.7081 0.6923
Car -1 -1 -1.5599 1490.8372 798.9079 1555.1296 866.4202 1.5995 1.8301 3.8288 18.2369 7.4862 48.4717 -1.1797 0.2875
Car -1 -1 -1.4519 609.1384 779.8260 751.2701 906.8997 1.4503 1.7624 3.8741 -4.3973 4.1320 23.8991 -1.6314 0.1395
