Pedestrian -1 -1 3.0909 924.4197 785.6163 992.7187 928.1023 1.4229 0.6628 0.7073 -0.0363 3.1861 16.0606 3.0994 0.3192
Pedestrian -1 -1 -1.9396 1695.9801 788.1486 1776.2435 945.1221 1.6526 0.6283 0.6562 8.7415 3.5371 16.8906 -1.4178 0.3095
Pedestrian -1 -1 -3.2524 1481.7747 781.1870 1548.9792 918.7104 1.5364 0.7086 0.7133 6.7129 3.4785 18.1441 -2.8621 0.2425
Pedestrian -1 -1 -1.7889 1467.7993 757.1005 1582.9347 1027.9536 1.6254 0.6078 0.6228 3.6438 2.5150 9.6975 -1.3688 0.1476
Pedestrian -1 -1 -1.5358 1815.8861 773.0989 1851.8994 861.0566 1.6651 0.5887 0.5844 17.5576 4.6872 30.0881 -0.9768 0.1363
Pedestrian -1 -1 1.4031 1102.2406 815.8621 1167.1172 974.0458 1.6647 0.6479 0.5312 1.9285 3.8298 16.6793 1.5391 0.1249
Cyclist -1 -1 2.9231 1020.4327 766.0289 1261.9478 968.3632 1.7301 0.9101 2.1187 1.6631 3.1089 14.0727 3.0632 0.6406
Cyclist -1 -1 0.1516 836.8906 793.3586 982.1135 911.3402 1.5700 0.7486 2.0242 -0.7439 4.0854 21.8291 0.1276 0.3068
Car -1 -1 -1.5772 1040.3831 795.7341 1105.3082 866.7808 1.4509 1.7525 3.9697 3.1837 6.5352 42.4555 -1.4874 0.2356
Car -1 -1 -1.0859 1737.5421 775.1516 1933.7191 869.1157 1.4979 1.8073 4.0146 18.3471 4.8281 31.3547 -0.5265 0.1422
