Pedestrian -1 -1 -1.0988 354.2505 714.2342 516.9032 1037.7720 1.6260 0.6418 0.5770 -2.7989 2.1228 8.0026 -1.4894 0.2837
Pedestrian -1 -1 1.5498 1245.9669 841.2656 1295.9102 982.8045 1.7329 0.6399 0.6611 4.1188 4.6671 19.8902 1.7788 0.1561
Pedestrian -1 -1 3.0805 973.9816 801.5885 1034.6200 902.6777 1.3083 0.6946 0.8169 0.5959 3.8255 20.9499 3.1225 0.1440
Pedestrian -1 -1 -0.4673 1583.9591 782.5728 1813.3115 1213.4583 1.6135 0.6524 0.6678 3.0386 2.3067 6.2181 0.0968 0.1331
Cyclist -1 -1 0.4136 1176.2540 761.6612 1367.6168 932.0378 1.7091 0.7516 2.0545 3.5927 3.3836 17.3922 0.6444 0.2524
Cyclist -1 -1 0.6358 912.9305 794.3926 1027.5352 896.1163 1.6389 0.7737 2.1277 0.1561 4.9466 28.2291 0.6542 0.1551
Car -1 -1 2.0941 898.0571 787.9166 1115.8225 925.2607 1.4456 1.6443 3.5681 0.7580 4.0891 22.3042 2.1420 0.4806
Car -1 -1 2.3801 1129.9733 759.1589 1659.7994 983.4820 1.3969 1.7494 4.3924 3.8219 2.7274 13.0970 2.7043 0.3782
Car -1 -1 -1.5406 1037.1080 778.7950 1148.2424 895.2675 1.4827 1.7636 3.7894 2.3773 4.3962 26.3132 -1.4339 0.3679
Car -1 -1 1.5497 1214.6152 778.9196 1303.8729 872.8868 1.5775 1.9011 4.0954 6.8619 5.3554 34.4875 1.7655 0.1548
Car -1 -1 -1.4821 1062.6810 792.0743 1167.0422 891.4594 1.4616 1.7603 4.0832 3.2993 5.2276 31.5080 -1.3612 0.1397
