Pedestrian -1 -1 -1.9666 1650.7369 785.5156 1730.8506 941.1924 1.6706 0.6303 0.6815 8.3723 3.5559 17.1830 -1.4707 0.3637
Pedestrian -1 -1 1.3590 1095.7021 792.6702 1166.1099 953.0553 1.6745 0.6652 0.6857 1.8927 3.5951 16.7513 1.4920 0.3023
Pedestrian -1 -1 -1.7132 879.5331 791.1218 939.9852 942.0342 1.5194 0.5803 0.5615 -0.5592 3.3450 16.0988 -1.7397 0.1923
Pedestrian -1 -1 1.9973 66.1863 796.2133 230.3276 1132.2239 1.7039 0.6237 0.6035 -4.4781 2.6905 8.2715 1.4367 0.1444
Pedestrian -1 -1 -1.4036 620.7228 615.2704 777.2380 1067.9130 1.8948 0.6096 0.5404 -1.1328 1.8545 6.5432 -1.6143 0.1369
Pedestrian -1 -1 -1.8450 680.8120 769.7932 732.2291 891.5871 1.6229 0.5864 0.5742 -3.6184 3.7170 21.2278 -2.0125 0.1352
Cyclist -1 -1 -0.0133 983.3331 789.7719 1200.0778 982.1870 1.6737 0.8421 2.0186 1.2516 3.3178 14.3995 0.0928 0.5106
Cyclist -1 -1 0.3846 796.7842 782.9644 940.3975 902.2302 1.5685 0.7772 1.9796 -1.3727 3.9862 22.1842 0.3312 0.2439
Cyclist -1 -1 1.0386 1094.2841 788.7188 1247.5222 981.6548 1.7226 0.8121 1.8981 2.2242 3.6033 16.1361 1.1984 0.1878
Cyclist -1 -1 -1.4061 233.3954 753.6949 388.2613 1060.9221 1.7132 0.7273 2.0160 -4.4269 2.6929 10.3054 -1.8531 0.1466
Car -1 -1 -1.7247 885.1448 744.7305 1261.1608 1114.5575 1.5316 1.7827 3.8758 0.4779 2.4540 9.5025 -1.6576 0.2313
Car -1 -1 1.2622 1673.2712 777.4948 1824.6913 876.1914 1.5462 1.8348 4.0571 16.9107 5.0651 32.3137 1.7726 0.2019
Car -1 -1 -0.9045 1243.3284 770.5242 1446.2283 875.5533 1.6355 1.8165 4.1272 7.8911 4.8094 30.6436 -0.6302 0.1339
