Pedestrian -1 -1 1.0225 1306.0760 770.9359 1405.7045 946.2675 1.8089 0.6775 1.0196 4.4656 3.5232 16.9744 1.3110 0.2685
Pedestrian -1 -1 -3.7066 1576.2729 777.2000 1832.7823 1163.3357 1.4462 0.6468 0.7404 3.0449 2.1090 6.1827 -3.1369 0.2261
Pedestrian -1 -1 -1.6645 1071.5352 643.3130 1227.2618 1095.8323 1.7819 0.6110 0.5290 0.7647 1.8617 6.1965 -1.5027 0.2145
Pedestrian -1 -1 1.4323 1236.2211 659.8876 1405.3031 1127.6586 1.7310 0.6125 0.5184 1.3977 1.8759 5.8863 1.7372 0.1921
Pedestrian -1 -1 -0.5194 1272.5573 770.8414 1341.6313 909.3539 1.6827 0.6133 0.6594 4.4712 3.6091 19.3561 -0.2654 0.1494
Cyclist -1 -1 1.0655 1280.8486 769.4471 1385.8607 945.2003 1.8057 0.7051 1.1734 4.2348 3.5207 17.0897 1.3384 0.1010
Car -1 -1 2.0898 941.5662 786.1172 1165.7111 923.0139 1.4147 1.6514 3.6912 1.4460 4.0148 22.1291 2.1709 0.5619
Car -1 -1 -1.5163 895.7835 770.5250 1079.1598 957.7476 1.3922 1.6860 3.5877 0.3830 3.1203 15.8826 -1.4791 0.4267
Car -1 -1 -1.3489 1010.3761 777.5382 1149.5726 888.2502 1.5288 1.7877 3.8300 2.3367 4.6558 28.5372 -1.2513 0.3482
Car -1 -1 -2.9837 1010.3954 810.6417 1171.0004 883.7933 1.5857 1.8487 4.1381 3.5747 6.8652 41.0806 -2.8815 0.1495
Car -1 -1 -0.1730 1084.5995 813.7385 1228.2242 879.7892 1.6962 1.8264 4.0407 5.8198 7.4904 44.9159 -0.0280 0.1461
Car -1 -1 -3.2839 1293.2350 827.0126 1492.5720 915.5660 1.5755 1.8439 4.0911 9.5774 6.2653 33.4674 -2.9833 0.1408
