Pedestrian -1 -1 -2.0698 1766.7428 778.5540 1855.7765 941.0405 1.6864 0.6364 0.6458 9.3749 3.4182 16.5121 -1.5065 0.3528
Pedestrian -1 -1 -1.3890 737.1278 611.1904 904.8509 1067.2439 1.8091 0.6160 0.5377 -0.5698 1.7547 6.2216 -1.5023 0.2683
Pedestrian -1 -1 -1.7455 275.3420 751.9144 458.7224 1117.8159 1.4704 0.6257 0.6716 -2.7001 2.0851 6.7817 -2.1998 0.2195
Pedestrian -1 -1 1.6895 781.8915 643.1375 927.0714 1037.2894 1.7335 0.6114 0.5485 -0.4792 1.8210 6.8890 1.6077 0.1982
Pedestrian -1 -1 1.4345 1195.4122 808.8325 1260.4927 971.9050 1.6795 0.6434 0.5673 2.9165 3.7330 16.3920 1.6363 0.1922
Pedestrian -1 -1 -1.8375 1536.9197 747.9324 1659.4371 1043.7188 1.7345 0.6067 0.5679 3.9854 2.5350 9.3904 -1.3690 0.1521
Pedestrian -1 -1 -3.0181 992.9620 784.7218 1053.9648 946.8759 1.6022 0.5907 0.5674 0.6616 3.3264 15.7910 -2.9614 0.1443
Pedestrian -1 -1 1.7154 190.3672 753.6735 319.3696 1064.3541 1.5246 0.5802 0.6184 -3.7881 2.2520 8.0551 1.2105 0.1397
Cyclist -1 -1 2.5976 1083.6353 768.6590 1326.4426 980.3537 1.6720 0.8384 2.0246 2.2085 3.0481 13.5689 2.7863 0.4289
Cyclist -1 -1 0.2471 895.3792 790.9513 1047.7784 909.8914 1.5329 0.8012 2.0836 0.1558 4.0247 21.7797 0.2666 0.1995
Car -1 -1 -1.5562 1084.7501 737.1650 1473.0463 1138.5186 1.5362 1.8299 3.9700 2.0436 2.3811 9.0937 -1.2900 0.3123
Car -1 -1 -1.3640 720.5364 770.6576 882.6266 901.5418 1.5346 1.8021 3.8518 -2.4681 4.0735 24.0338 -1.4599 0.2462
Car -1 -1 -1.7449 1830.9841 787.0934 1936.0000 889.2424 1.4995 1.7158 3.8172 19.0854 5.0550 30.6900 -1.1580 0.1633
