Pedestrian -1 -1 -1.0423 230.7054 738.1516 390.5521 1052.8665 1.5957 0.6084 0.5534 -3.5049 2.2304 8.0876 -1.5130 0.3780
Pedestrian -1 -1 -3.2556 1594.4702 776.0161 1658.1233 927.8750 1.6434 0.6555 0.6310 7.7400 3.4462 17.4250 -2.7971 0.2447
Pedestrian -1 -1 -1.4464 770.1708 649.4932 924.7184 1094.9084 1.7677 0.5900 0.5009 -0.4613 1.8743 6.2240 -1.5369 0.2374
Pedestrian -1 -1 -1.4701 829.9801 670.8114 970.0099 1064.5728 1.7190 0.5955 0.5026 -0.2701 1.9379 6.8591 -1.5139 0.2276
Pedestrian -1 -1 -0.4223 840.6705 822.4017 904.2494 927.4623 1.0698 0.5705 0.5377 -1.0136 3.3676 17.0212 -0.4753 0.1442
Pedestrian -1 -1 -1.5108 902.3434 805.0179 956.9943 938.7887 1.3392 0.5489 0.5742 -0.3348 3.3121 16.0798 -1.5223 0.1339
Pedestrian -1 -1 -0.2338 0.0000 819.7705 132.4467 1015.9580 1.2625 0.6321 0.8185 -6.7431 2.7841 11.1615 -0.8226 0.1302
Cyclist -1 -1 2.5023 1124.6417 752.4061 1367.8529 974.0118 1.7190 0.8369 2.0073 2.5373 2.9208 13.3032 2.7212 0.4419
Cyclist -1 -1 0.2290 925.5217 784.0865 1075.7559 905.4171 1.5494 0.8235 2.0214 0.5727 3.9099 21.5097 0.2691 0.1921
Car -1 -1 -1.4865 784.6812 772.0134 913.3746 896.1871 1.4988 1.7384 3.5900 -1.7367 4.0536 24.1577 -1.5501 0.6051
Car -1 -1 -1.3879 878.5842 753.9518 1170.6377 1013.0897 1.5210 1.7593 3.7051 0.6956 2.7992 12.7975 -1.3172 0.1777
Car -1 -1 -1.1474 0.0000 742.4766 386.5699 1099.8513 1.6198 1.8127 4.0120 -5.4215 2.5905 10.2510 -1.6825 0.1668
Car -1 -1 1.2998 1077.0417 762.8873 1216.8217 866.2504 1.5453 1.8194 4.1712 3.6814 4.5510 30.3864 1.4377 0.1260
