Pedestrian -1 -1 0.1182 554.4837 718.0460 711.6898 1179.3032 1.5793 0.6021 0.5395 -1.2104 1.9490 5.5967 -0.1559 0.3358
Pedestrian -1 -1 3.3899 346.7020 743.0526 523.9312 1120.1959 1.4043 0.6403 0.5882 -2.1454 1.9200 6.1615 2.9750 0.2138
Pedestrian -1 -1 -1.1358 169.7198 832.0358 294.6182 1080.2827 1.5159 0.5761 0.5578 -4.8259 2.9316 9.9239 -1.6343 0.1723
Pedestrian -1 -1 1.4459 0.0000 764.2950 73.9394 946.8080 1.4214 0.6030 0.6778 -8.0086 2.6561 12.7929 0.8473 0.1637
Pedestrian -1 -1 -1.3582 252.6986 687.4830 485.4913 1216.0000 1.5323 0.5856 0.8365 -1.7496 1.7415 4.5137 -1.8644 0.1205
Pedestrian -1 -1 1.6122 16.4212 723.6716 103.8621 922.7067 1.5010 0.5952 0.7069 -7.3399 2.3361 12.1874 1.0272 0.1056
Pedestrian -1 -1 -0.2820 1006.8156 785.5359 1113.7152 1009.7881 1.5102 0.6543 0.6360 0.7192 2.7333 11.0036 -0.1983 0.1051
Car -1 -1 -1.8600 1064.7490 687.3195 1695.7056 1216.0000 1.6918 1.8456 3.9060 1.5744 2.0694 7.0807 -1.5849 0.2933
Car -1 -1 1.9682 697.4354 783.5559 819.1547 858.9545 1.4877 1.8427 4.0726 -5.4973 6.0736 41.0155 1.8441 0.1558
Car -1 -1 0.1778 809.4453 815.3835 1045.8591 923.2256 1.7138 1.9407 4.4191 -0.6234 5.6772 29.7869 0.1691 0.1197
Car -1 -1 -2.9726 691.1034 818.3740 930.3752 923.7461 1.5591 1.8654 4.0661 -2.6790 5.2226 27.2256 -3.0622 0.1176
Car -1 -1 2.0034 615.3091 781.6772 767.6620 874.2048 1.4997 1.8196 4.1350 -6.0513 5.3025 34.0399 1.8341 0.1043
