Pedestrian -1 -1 1.5320 1746.5629 724.4638 1819.4175 905.2402 1.8469 0.6828 0.7550 8.9679 2.9666 16.3213 2.0822 0.3646
Pedestrian -1 -1 -2.3188 25.7579 720.1571 313.6829 1118.8757 1.5470 0.6750 0.8665 -3.3872 1.9847 6.4401 -2.8994 0.2586
Pedestrian -1 -1 -3.7314 1539.2284 652.1614 1844.3256 1216.0000 1.7331 0.6181 0.5726 2.0345 1.8160 4.2313 -3.1097 0.2057
Pedestrian -1 -1 1.8246 891.7775 678.1136 1088.5885 1183.7970 1.6650 0.5829 0.5288 0.1143 1.8667 5.3304 1.8561 0.1747
Pedestrian -1 -1 0.0921 1609.1890 820.2186 1658.2657 904.5615 1.4409 0.6704 0.7715 12.7211 5.1990 28.2871 0.5433 0.1547
Cyclist -1 -1 0.8199 456.6507 771.7402 657.9764 972.7858 1.7021 0.7677 1.9632 -3.9874 3.2293 14.7172 0.5427 0.2767
Cyclist -1 -1 -2.3046 3.2154 713.0790 338.0629 1120.3948 1.5640 0.7348 1.0573 -3.3822 1.9728 6.4441 -2.8843 0.1260
Car -1 -1 -1.6877 1410.6794 776.8823 1541.3853 900.5308 1.5759 1.8206 3.8189 8.9350 4.4512 26.2206 -1.3322 0.2771
Car -1 -1 1.9858 386.9691 771.6048 516.3185 845.3638 1.4635 1.7992 3.9964 -13.5452 5.5899 39.9894 1.6629 0.1798
Car -1 -1 -1.6679 1463.2850 794.8107 1546.7883 874.3630 1.5544 1.8359 4.0382 14.7641 6.4360 40.7728 -1.2987 0.1793
Car -1 -1 -2.5758 1649.3126 645.0476 1936.0000 1216.0000 1.6571 1.9163 4.1412 3.0604 1.7254 2.9077 -1.4620 0.1760
Car -1 -1 -2.7289 619.0372 800.7020 889.2554 927.3275 1.7382 1.9277 4.2915 -3.6110 5.0075 26.2851 -2.8589 0.1542
