Pedestrian -1 -1 -3.5010 1360.3463 645.8851 1584.3336 1216.0000 1.7375 0.5949 0.5271 1.5506 1.8067 4.6074 -3.0514 0.2344
Pedestrian -1 -1 3.3768 465.3778 784.2128 580.5283 971.2777 1.3683 0.6678 0.7560 -3.4776 2.6757 11.9123 3.0697 0.2275
Pedestrian -1 -1 1.7542 781.2656 768.7986 831.1815 887.7341 1.6986 0.6399 0.6356 -2.3316 3.9002 22.5350 1.6570 0.1820
Pedestrian -1 -1 -1.2190 735.4330 670.4478 934.5687 1136.1472 1.6748 0.6229 0.5492 -0.4761 1.8615 5.7877 -1.3228 0.1794
Cyclist -1 -1 0.8235 287.4683 764.1457 487.8220 953.2571 1.6654 0.8112 1.8729 -5.7785 3.1389 15.0598 0.4376 0.1620
Car -1 -1 -1.4879 1262.9558 794.1308 1343.7585 870.5395 1.5696 1.8488 4.1176 9.8622 6.6807 42.9187 -1.2434 0.2444
Car -1 -1 -1.6358 1313.3812 775.0020 1431.7780 901.6890 1.6441 1.8788 4.1941 7.3370 4.5805 27.0010 -1.3463 0.2372
Car -1 -1 -2.8963 603.0760 731.9637 1421.0322 1143.3083 1.4526 1.6804 3.6997 0.3169 2.0755 7.3435 -2.8370 0.2309
Car -1 -1 -3.2142 1279.6135 813.5825 1413.2367 875.1103 1.7022 1.9190 4.3204 13.0973 8.3203 51.0905 -2.9454 0.2133
Car -1 -1 -1.4752 1462.7418 789.8049 1574.5793 890.8741 1.5886 1.8307 3.9147 12.2411 5.4338 32.7107 -1.0924 0.1542
Car -1 -1 -2.5178 162.9036 798.6338 507.9689 949.8130 1.6441 1.8280 4.1005 -8.6044 4.2027 20.6831 -2.9214 0.1455
