Pedestrian -1 -1 -2.7860 1156.9246 784.0473 1212.8108 895.0792 1.5649 0.6835 0.6376 3.4172 4.0439 22.8383 -2.6171 0.1337
Pedestrian -1 -1 -3.5038 1826.6246 711.9724 1936.0000 990.6544 1.7732 0.6359 0.5356 6.2537 2.3849 10.1284 -2.8748 0.1264
Cyclist -1 -1 1.4168 1464.2642 764.3508 1564.6256 953.9573 1.6929 0.7834 1.8949 5.8309 3.2659 15.8555 1.8088 0.2908
Cyclist -1 -1 0.2876 1366.3461 762.3013 1537.5350 921.5718 1.7135 0.7454 1.8631 6.0277 3.4840 18.4158 0.6373 0.2627
Cyclist -1 -1 1.4130 1481.0952 781.4465 1536.0685 886.5799 1.7726 0.7592 1.9896 10.7424 4.9612 29.4055 1.7893 0.1694
Car -1 -1 -1.5090 998.9409 766.6559 1195.4205 965.9818 1.4445 1.7202 3.6459 1.5213 3.1034 15.5536 -1.3918 0.5824
Car -1 -1 -1.3734 737.2184 747.3306 1219.0658 1192.6997 1.3924 1.6558 3.5773 0.3315 2.1802 7.6825 -1.3142 0.2432
Car -1 -1 2.2006 1276.7089 753.4183 1817.1622 1018.4744 1.4541 1.7569 4.0498 4.6088 2.6075 11.6646 2.6303 0.1975
Car -1 -1 1.3191 1474.4325 789.9139 1620.8400 898.6489 1.4649 1.7539 3.9836 11.1164 4.8538 28.6134 1.7167 0.1372
Car -1 -1 1.1517 1713.9573 805.8107 1912.6287 923.9274 1.4703 1.7364 4.0030 15.3170 5.0057 27.1286 1.6975 0.1351
Car -1 -1 2.8850 1127.4189 806.9005 1276.9723 868.1642 1.8116 1.9279 4.8388 8.3800 8.3120 52.2542 3.0603 0.1315
Car -1 -1 -0.2229 1146.8281 814.1467 1304.1526 883.6015 1.7738 1.9233 4.3428 7.8750 7.5784 44.8381 -0.0319 0.1266
