Pedestrian -1 -1 1.6985 1640.1915 730.6609 1719.7603 905.1815 1.8354 0.6900 0.7495 8.0984 3.0625 16.8453 2.1904 0.2674
Pedestrian -1 -1 -0.6230 1478.8700 727.3745 1753.0916 1216.0000 1.5866 0.6377 0.6018 2.1414 1.9494 4.9529 -0.0806 0.1998
Pedestrian -1 -1 3.6413 0.0000 692.0966 152.0319 1109.0570 1.6799 0.6196 0.6383 -3.9745 1.9876 6.4937 2.9905 0.1583
Pedestrian -1 -1 -0.3405 97.0419 683.1255 314.6039 1136.1824 1.7023 0.6025 0.5986 -3.1023 1.9581 6.1486 -0.9085 0.1537
Cyclist -1 -1 1.5761 1666.9984 777.0552 1714.1758 888.3190 1.7560 0.7078 1.9255 13.3715 4.6468 27.3963 2.0607 0.2297
Cyclist -1 -1 1.4977 1685.2498 742.2042 1780.9648 950.4167 1.7676 0.8011 1.9986 7.6970 3.0269 14.9798 2.0217 0.2205
Cyclist -1 -1 0.6239 316.9681 755.2826 541.4896 944.8945 1.7148 0.8042 2.0379 -5.3556 3.0866 15.0791 0.2645 0.1743
Car -1 -1 -3.4007 1336.8505 817.5819 1490.6431 885.3402 1.6417 1.8241 3.9132 12.9653 7.3161 43.0242 -3.0881 0.3082
Car -1 -1 -1.6082 1456.9213 750.0793 1847.2758 1147.8286 1.5613 1.8094 3.9003 4.3517 2.5256 9.3711 -1.1027 0.2919
Car -1 -1 -1.6834 1533.5323 764.1084 1712.2930 939.0783 1.6990 1.8958 4.1680 8.9018 3.8128 20.4281 -1.2368 0.2599
Car -1 -1 -1.6382 895.6836 701.0493 1384.7800 1198.6223 1.6053 1.7807 3.7550 0.7716 2.0780 7.3494 -1.5036 0.2221
Car -1 -1 -1.5810 1361.6530 771.4583 1530.2404 948.6990 1.5376 1.8074 3.9478 6.0976 3.5832 18.7107 -1.2331 0.1964
Car -1 -1 -2.5152 206.0843 775.8929 721.7189 1012.8401 1.4560 1.6853 3.6909 -4.0098 2.8225 12.2071 -2.8571 0.1683
