Pedestrian -1 -1 -2.0632 301.3466 838.2763 364.6034 960.7457 1.5628 0.6024 0.6039 -8.8147 4.6172 20.9831 -2.4689 0.3836
Pedestrian -1 -1 3.0459 451.1228 754.3425 486.2923 860.8691 1.8163 0.6383 0.5405 -8.8537 4.1772 26.8741 2.7256 0.2064
Pedestrian -1 -1 3.1936 534.1790 772.8600 619.0658 953.5404 1.3991 0.6376 0.6703 -3.2279 2.6829 12.5918 2.9248 0.1698
Pedestrian -1 -1 1.3588 600.9857 762.1031 688.1389 966.8864 1.5108 0.5586 0.6094 -2.5365 2.6439 11.9554 1.1346 0.1687
Pedestrian -1 -1 3.2478 532.8921 787.9816 614.0923 940.2416 1.2522 0.6931 0.6510 -3.4999 2.7717 13.5386 2.9794 0.1681
Cyclist -1 -1 -1.6120 239.2941 769.0853 366.4059 1042.2468 1.6203 0.6974 1.8685 -4.8273 2.7666 10.9009 -2.0675 0.3817
Cyclist -1 -1 -0.0927 1591.4465 722.8971 1936.0000 1053.3607 1.7449 0.7642 1.8476 4.8716 2.3921 9.1126 0.4767 0.2799
Car -1 -1 -1.4259 0.0000 781.7814 35.7634 874.5858 1.5376 1.7768 3.6805 -22.1600 5.2905 33.7297 -2.0103 0.3468
Car -1 -1 1.7178 0.0000 818.3994 64.1074 963.5870 1.4812 1.7943 3.6735 -14.8953 4.6894 22.7497 1.1267 0.2578
Car -1 -1 -1.6118 614.6609 766.3746 834.2549 1000.4189 1.4978 1.7742 3.7854 -2.3147 3.0213 14.0679 -1.7804 0.2113
Car -1 -1 1.6967 258.1831 795.5076 381.6909 901.8712 1.4228 1.7124 3.7545 -12.1771 4.9174 28.5911 1.2915 0.1994
Car -1 -1 -1.5317 394.0570 780.3122 470.0683 857.0594 1.4889 1.7219 3.7468 -13.8660 5.7886 39.3299 -1.8670 0.1770
