Pedestrian -1 -1 -1.5185 574.3752 705.0825 748.9561 1170.7144 1.5911 0.6046 0.5335 -1.1085 1.9056 5.5434 -1.7740 0.4423
Pedestrian -1 -1 3.1848 441.5799 720.6422 588.2609 1125.4757 1.5187 0.6303 0.5528 -1.8491 1.9390 6.1785 2.8236 0.2021
Pedestrian -1 -1 -0.3431 227.5159 800.4282 368.8061 1024.8134 1.3215 0.6325 0.6738 -4.4296 2.5486 9.9923 -0.8054 0.1876
Pedestrian -1 -1 -1.8327 597.2650 678.3038 749.8632 1059.7174 1.7621 0.6020 0.5700 -1.4315 2.0408 7.4116 -2.0584 0.1760
Pedestrian -1 -1 -1.2681 309.3948 695.6354 558.2291 1216.0000 1.6626 0.5718 0.5681 -1.4562 1.8771 4.2059 -1.7393 0.1650
Pedestrian -1 -1 -1.4441 15.4036 780.3122 108.7147 961.0755 1.3962 0.6231 0.6975 -7.6667 2.7704 12.7738 -2.0225 0.1238
Pedestrian -1 -1 1.6406 89.7867 709.2850 176.3118 921.6134 1.6218 0.5979 0.6512 -6.7375 2.3336 12.1877 1.0945 0.1229
Cyclist -1 -1 1.5634 921.5519 727.5196 996.9820 921.1591 1.7361 0.7264 1.8738 -0.0176 2.8530 15.3390 1.5726 0.2472
Cyclist -1 -1 -1.8893 856.0771 742.8809 1006.9276 975.9417 1.7106 0.7387 2.0142 -0.3034 2.8315 13.1348 -1.9047 0.1219
Car -1 -1 1.7693 856.0275 789.1067 995.6584 899.9587 1.5723 1.9545 4.5560 -0.6340 5.2209 30.8064 1.7606 0.2393
Car -1 -1 -1.6013 720.6540 745.2899 952.5958 1007.4641 1.7928 1.9232 4.3797 -1.2800 3.1531 14.6117 -1.6861 0.1688
Car -1 -1 1.8959 772.1085 779.6508 885.9670 854.9534 1.4946 1.8535 4.1282 -3.5642 5.9754 41.0717 1.8198 0.1368
