Pedestrian -1 -1 -0.9051 1568.1971 632.2755 1906.4038 1216.0000 1.6682 0.5912 0.4693 1.8841 1.6880 3.6826 -0.2172 0.1473
Pedestrian -1 -1 1.4145 633.8520 726.9368 845.9921 1216.0000 1.5993 0.6038 0.6804 -0.7862 1.9836 5.2088 1.2164 0.1298
Pedestrian -1 -1 -1.4861 341.1244 779.1082 441.1464 1035.6448 1.5601 0.5933 0.5944 -3.7697 2.6218 9.9208 -1.8890 0.1273
Pedestrian -1 -1 -3.3453 1195.7052 770.1589 1305.4052 1014.1995 1.5658 0.6683 0.6420 1.9882 2.6037 10.3431 -3.1189 0.1225
Pedestrian -1 -1 0.2743 13.8438 747.9434 66.3662 850.7092 1.6779 0.6752 0.6171 -15.8933 3.8357 25.8137 -0.2880 0.1120
Pedestrian -1 -1 -2.4394 1788.8318 658.1577 1936.0000 1216.0000 1.6365 0.5869 0.5835 2.7015 1.7335 4.0452 -1.6423 0.1064
Cyclist -1 -1 1.5912 1016.0917 702.1500 1109.0162 914.5652 1.8349 0.8349 2.0904 1.0326 2.6549 14.7902 1.6780 0.4357
Cyclist -1 -1 -1.4349 559.9128 944.2750 742.8160 1216.0000 1.6302 0.6830 2.1408 -1.5519 3.5325 7.8121 -1.6545 0.2585
Car -1 -1 1.5378 994.7905 792.0422 1097.6666 908.0226 1.6548 1.9308 4.6040 1.6810 5.3146 30.4077 1.6079 0.1780
Car -1 -1 1.5591 1002.9708 784.9162 1078.3392 864.8562 1.4461 1.7627 3.8651 1.9659 5.6120 36.9539 1.6267 0.1246
Car -1 -1 1.5357 924.3427 733.6306 1142.7596 967.9305 1.5788 1.7470 3.9956 0.6263 2.7413 13.9695 1.5954 0.1158
