Pedestrian -1 -1 -1.6034 834.7673 583.1272 1047.4327 1154.6733 1.7775 0.6644 0.5509 -0.0765 1.6476 4.9437 -1.6245 0.4112
Pedestrian -1 -1 -3.3413 1426.4381 786.2184 1580.1520 1009.8873 1.3493 0.6712 0.8832 3.6182 2.4776 10.0422 -2.9380 0.3833
Pedestrian -1 -1 3.0419 653.3966 684.7338 821.7204 1159.5909 1.6356 0.6105 0.5422 -0.8520 1.8751 5.6152 2.8475 0.1953
Pedestrian -1 -1 0.1529 328.5654 740.0817 408.2230 968.8069 1.7611 0.5928 0.5364 -4.8375 2.7301 12.2258 -0.2539 0.1901
Pedestrian -1 -1 1.4734 326.3224 772.7938 432.4448 1022.1006 1.6062 0.6156 0.6889 -4.1374 2.7009 10.6194 1.0655 0.1855
Pedestrian -1 -1 3.2861 226.9059 747.1957 316.8686 954.4767 1.6218 0.6277 0.6199 -5.7792 2.6815 12.5625 2.8219 0.1288
Pedestrian -1 -1 -1.5466 436.1850 760.3098 536.4761 1041.2227 1.6763 0.5998 0.6026 -3.0715 2.5863 9.6703 -1.8894 0.1234
Cyclist -1 -1 -1.5427 0.0000 710.2656 106.1726 1066.0211 1.6978 0.6840 1.9508 -5.4104 2.2465 8.6135 -2.1728 0.4143
Cyclist -1 -1 1.5510 1121.2227 694.2975 1210.2963 906.5660 1.8251 0.8025 1.9991 1.9972 2.5507 14.5880 1.7108 0.2507
Cyclist -1 -1 -3.2582 1424.6060 785.4702 1586.8096 1010.6730 1.3358 0.7208 0.9816 3.6313 2.4666 10.0466 -2.8538 0.1174
Car -1 -1 1.4678 1112.1719 801.2347 1223.4490 913.4279 1.5394 1.8081 4.2275 3.9875 5.2666 29.4527 1.6205 0.1562
Car -1 -1 0.9431 0.0000 759.7064 205.2631 875.1125 1.4461 1.7612 3.9030 -14.2799 3.7458 23.9488 0.3934 0.1518
Car -1 -1 -1.3248 25.4636 768.4609 153.6787 853.0821 1.5600 1.8244 4.0387 -21.5917 5.3421 37.2035 -1.8518 0.1384
