Pedestrian -1 -1 -1.5711 1226.9741 779.4636 1311.7871 994.6364 1.4629 0.5923 0.6047 2.2839 2.6431 11.0546 -1.3309 0.2001
Pedestrian -1 -1 -1.3728 280.1161 820.0673 395.1379 1077.4110 1.5355 0.6079 0.6501 -4.1128 2.8779 9.8981 -1.8079 0.1440
Pedestrian -1 -1 -1.4404 87.5971 782.8087 178.3620 967.7759 1.4380 0.6187 0.6554 -7.0624 2.8317 12.7743 -1.9813 0.1104
Pedestrian -1 -1 3.0707 631.9893 718.3400 835.8963 1216.0000 1.6159 0.6391 0.6328 -0.8117 1.9679 5.2398 2.8679 0.1100
Cyclist -1 -1 1.5669 980.1411 704.4564 1065.4503 906.1918 1.7870 0.8024 2.0100 0.6309 2.6438 15.0800 1.6230 0.4515
Cyclist -1 -1 1.2074 923.0688 744.0394 1093.6033 998.0570 1.8258 0.7794 2.1561 0.3569 2.9504 12.9698 1.2484 0.1579
Car -1 -1 1.0486 0.0000 749.8516 139.7619 872.7457 1.4866 1.7426 4.2470 -15.0136 3.5806 23.3326 0.4630 0.1828
Car -1 -1 1.5174 937.5273 740.5082 1138.2589 956.6907 1.5035 1.6603 3.6671 0.6465 2.7440 14.2072 1.5778 0.1632
Car -1 -1 1.7766 952.9267 791.1897 1091.1686 905.7615 1.6127 1.8700 4.4108 1.3190 5.2472 30.3116 1.8345 0.1354
Car -1 -1 -0.3821 1289.0977 831.9115 1517.4058 931.5120 1.6666 1.8458 4.0831 8.9683 6.0430 30.5440 -0.0736 0.1040
