Pedestrian -1 -1 -1.0774 1629.0283 694.0498 1857.4119 1088.8323 1.7338 0.6430 0.7912 3.7598 2.0888 7.2044 -0.4975 0.5174
Pedestrian -1 -1 3.1569 750.3430 825.8307 795.9058 950.0720 1.6228 0.6313 0.6219 -2.6368 4.4910 21.0004 3.0371 0.4447
Pedestrian -1 -1 -3.7575 1703.6587 754.1708 1936.0000 1216.0000 1.5069 0.6130 0.6452 2.7141 1.9287 4.5435 -3.0456 0.2448
Pedestrian -1 -1 -0.0083 399.5789 812.9605 473.5714 941.4094 1.1944 0.7125 0.7162 -5.5182 3.2283 15.7131 -0.3622 0.2434
Pedestrian -1 -1 -1.4826 436.4161 913.7662 487.8843 1043.7450 1.6129 0.6213 0.6272 -6.8733 5.6676 20.6134 -1.8068 0.2137
Cyclist -1 -1 -1.5966 621.2024 773.3187 716.4348 990.8961 1.6331 0.7778 1.7797 -2.6615 3.0661 13.4830 -1.8006 0.5643
Cyclist -1 -1 -1.0203 1636.7888 694.2897 1882.2606 1090.9670 1.7421 0.6503 0.8707 3.8403 2.0989 7.2120 -0.4313 0.1410
Car -1 -1 -1.4306 125.5983 777.3569 474.5693 1116.1575 1.5022 1.8276 4.1380 -4.5553 2.8418 10.8954 -1.8631 0.8809
Car -1 -1 -1.4191 243.8183 782.2755 464.3260 967.2958 1.3686 1.7507 4.0304 -6.7075 3.3764 16.9131 -1.8126 0.6465
Car -1 -1 -1.4652 343.2766 812.0052 473.1676 930.7630 1.3583 1.6806 3.5483 -9.1993 4.7400 25.1016 -1.8195 0.2494
Car -1 -1 0.1969 331.9052 828.1791 526.1345 913.8653 1.4880 1.7536 3.6936 -11.4736 6.0512 32.4429 -0.1405 0.2261
