Pedestrian -1 -1 -1.0881 1486.6951 654.1202 1691.1925 1005.4350 1.7004 0.6948 0.7458 3.2770 1.8629 7.8194 -0.6093 0.4633
Pedestrian -1 -1 1.4737 576.9803 839.3535 602.0775 903.7980 1.7236 0.6495 0.5972 -10.6830 7.9415 42.9702 1.2385 0.3168
Pedestrian -1 -1 1.4968 638.5458 853.8262 686.8627 975.2314 1.5776 0.6304 0.5627 -4.2209 4.8660 21.1265 1.3015 0.2750
Pedestrian -1 -1 2.1196 1757.8497 934.1317 1931.2096 1216.0000 1.5042 0.5569 0.6610 4.9614 3.3237 8.4125 2.7355 0.2377
Pedestrian -1 -1 -0.3904 1182.1616 784.4237 1331.8079 1049.9247 1.3540 0.6151 0.6546 1.6494 2.2884 8.4057 -0.1529 0.2268
Pedestrian -1 -1 3.0134 753.0246 773.7332 791.0927 871.6133 1.6596 0.6639 0.6045 -3.4139 4.3819 26.9568 2.8938 0.1971
Pedestrian -1 -1 -0.3119 925.5040 761.1578 1018.7458 988.7319 1.5839 0.5956 0.5464 0.0749 2.6384 11.2088 -0.2948 0.1897
Cyclist -1 -1 -1.5130 521.6400 765.7888 623.1483 999.4949 1.6548 0.7573 1.8188 -3.2762 2.9450 12.7254 -1.7816 0.6449
Cyclist -1 -1 2.2103 1793.0197 938.0057 1936.0000 1216.0000 1.4975 0.5530 0.6590 5.1681 3.3343 8.4122 2.8455 0.1112
Car -1 -1 -1.3781 9.4946 762.9153 388.9662 1084.9769 1.4873 1.8196 4.2659 -5.4087 2.7327 11.1885 -1.8683 0.8292
Car -1 -1 -1.4423 260.9502 803.7862 382.5749 910.4844 1.5398 1.8145 3.9602 -13.1471 5.4993 30.9485 -1.8444 0.2662
Car -1 -1 -1.3929 217.7096 787.6703 380.4322 916.7048 1.4877 1.8014 3.8629 -10.7827 4.3937 24.6077 -1.8121 0.2516
Car -1 -1 -1.4056 115.5127 768.7361 348.6374 962.9557 1.4542 1.7334 3.6454 -7.7214 3.2002 16.1547 -1.8730 0.2427
Car -1 -1 -1.5390 651.0133 791.7114 722.0784 863.4723 1.4539 1.8193 4.1193 -7.7631 6.4406 42.5385 -1.7111 0.2114
