Pedestrian -1 -1 -1.7068 1414.5352 649.5682 1555.4703 990.7348 1.7021 0.6630 0.6413 2.7535 1.8392 7.9159 -1.3004 0.4661
Pedestrian -1 -1 -1.6918 890.1591 735.5428 977.6419 966.6392 1.6541 0.6036 0.5363 -0.2135 2.5130 11.3025 -1.7038 0.4561
Pedestrian -1 -1 3.1332 597.3812 833.9243 636.0553 967.2934 1.7562 0.6484 0.5276 -4.8979 4.7790 21.2498 2.9070 0.3761
Pedestrian -1 -1 1.4872 291.1577 899.4044 344.9682 1029.6523 1.5941 0.6239 0.6530 -8.8517 5.4507 20.5745 1.0746 0.2135
Pedestrian -1 -1 -0.5028 807.3505 747.4343 901.6841 968.1578 1.6432 0.6003 0.5295 -0.8578 2.6563 11.9685 -0.5734 0.2070
Pedestrian -1 -1 1.4481 531.1744 805.4731 557.3388 867.6387 1.6667 0.6522 0.6728 -12.0073 6.9179 43.0538 1.1830 0.1893
Pedestrian -1 -1 0.1724 244.5444 764.1994 318.1145 922.8500 1.5469 0.6620 0.6100 -7.1230 3.0457 15.6881 -0.2759 0.1841
Cyclist -1 -1 -1.5543 492.4419 750.1445 592.5419 981.5085 1.6540 0.7641 1.8193 -3.5639 2.8022 12.7304 -1.8464 0.6700
Car -1 -1 -1.3618 0.0000 763.0750 334.2187 1087.7424 1.5155 1.8082 4.0729 -5.8035 2.7444 11.0839 -1.8867 0.7326
Car -1 -1 -1.4088 78.8359 758.4886 319.7741 954.7751 1.5088 1.8171 3.9081 -8.2607 3.1786 16.5512 -1.8934 0.3428
Car -1 -1 -1.6779 659.7945 791.2562 737.1503 861.5146 1.4141 1.7800 4.0659 -7.5490 6.4092 42.7050 -1.8444 0.2241
