Pedestrian -1 -1 -0.0309 496.6089 826.5330 541.1463 953.9295 1.6671 0.6071 0.5837 -6.2608 4.5707 21.1541 -0.3219 0.3608
Pedestrian -1 -1 1.6520 419.3719 820.7383 446.1860 884.2351 1.7071 0.6746 0.6275 -15.1883 7.3875 42.9879 1.3184 0.2731
Pedestrian -1 -1 3.0633 565.0763 779.3095 604.7000 861.7605 1.4035 0.6989 0.6552 -6.9301 4.2904 27.5232 2.8178 0.2667
Cyclist -1 -1 -1.5484 389.3976 799.8723 512.2058 1058.7031 1.6817 0.8742 1.8755 -4.1379 3.2220 12.1361 -1.9008 0.7563
Car -1 -1 -2.7929 1170.5767 656.7704 1936.0000 1216.0000 1.6042 1.8449 3.9322 2.2087 1.7195 3.2442 -1.9206 0.4451
Car -1 -1 -1.4468 498.5738 784.3431 590.3977 863.1075 1.4316 1.7267 3.7625 -10.3068 5.6095 37.2003 -1.7125 0.3052
Car -1 -1 -1.6795 944.5043 731.7643 1269.3080 1068.7795 1.6252 1.8323 3.7819 0.8015 2.4984 10.3177 -1.5815 0.2527
Car -1 -1 -1.5052 85.2293 781.9592 230.9489 914.4932 1.4634 1.8076 3.8420 -12.6075 4.1720 23.6668 -2.0045 0.2310
Car -1 -1 -1.6370 761.1151 760.4183 987.1871 999.3813 1.5124 1.8093 3.9864 -0.9472 2.9649 13.9338 -1.7013 0.2283
Car -1 -1 1.6152 417.3485 772.8987 485.9205 840.3187 1.6129 1.8607 4.0042 -16.1473 6.5325 47.5289 1.2935 0.1761
