Pedestrian -1 -1 -1.8486 372.5179 826.6492 430.5593 951.6449 1.6116 0.6251 0.5918 -7.8890 4.5120 21.0749 -2.2134 0.3732
Pedestrian -1 -1 3.1784 504.3338 758.0847 540.6517 859.6953 1.7331 0.6560 0.6042 -7.8960 4.1662 26.9276 2.8924 0.2015
Pedestrian -1 -1 1.6841 306.3484 813.6062 335.4301 877.5947 1.6946 0.6884 0.6224 -18.1241 7.0865 42.3336 1.2841 0.1695
Pedestrian -1 -1 3.0486 461.6988 761.5610 495.2644 856.7164 1.6478 0.6746 0.5260 -8.8801 4.1987 27.4995 2.7347 0.1624
Pedestrian -1 -1 3.0244 576.4056 847.1310 646.9492 955.4307 1.1242 0.7102 0.7403 -4.1836 3.8491 17.8756 2.7902 0.1582
Pedestrian -1 -1 3.2680 10.5824 740.1973 90.2677 900.5405 1.5368 0.6550 0.6398 -9.3629 2.7570 15.3915 2.6919 0.1571
Cyclist -1 -1 -1.5764 295.9094 757.3851 405.1985 1008.6597 1.6151 0.7121 1.8155 -4.7672 2.7302 11.6128 -1.9994 0.4526
Car -1 -1 -2.6413 1035.6912 652.9631 1936.0000 1216.0000 1.6339 1.8513 4.0235 1.8505 1.7428 3.5921 -1.9439 0.4186
Car -1 -1 -1.4402 382.8855 773.4732 486.2100 861.5772 1.6064 1.8674 4.0720 -12.8900 5.4805 36.8111 -1.7743 0.2800
Car -1 -1 -1.6800 645.7593 769.6137 886.7726 1001.1083 1.4226 1.7633 3.8678 -1.9457 2.9702 13.8993 -1.8226 0.2474
Car -1 -1 -1.5218 0.0000 731.7844 99.6292 934.7144 1.6397 1.8203 3.9262 -10.6159 2.9725 16.4977 -2.1202 0.1826
Car -1 -1 -1.4070 47.2957 874.3682 179.5688 985.6713 1.4147 1.7344 3.6770 -16.9793 6.7748 30.1071 -1.9210 0.1735
