Pedestrian -1 -1 -1.5452 1564.0085 699.1774 1725.1031 1085.0101 1.7625 0.6566 0.7081 3.4276 2.1578 7.4861 -1.0273 0.5264
Pedestrian -1 -1 3.1431 700.1794 831.3854 744.8190 953.5071 1.5917 0.6372 0.6120 -3.3628 4.5518 21.0763 2.9883 0.4870
Pedestrian -1 -1 -0.4295 1258.5150 767.4301 1416.1288 1055.7623 1.4212 0.6205 0.6411 2.0142 2.2232 8.0658 -0.1304 0.2722
Pedestrian -1 -1 -1.5252 388.9855 905.3573 438.9149 1037.9468 1.6480 0.6211 0.6176 -7.5403 5.5881 20.6204 -1.8795 0.2108
Pedestrian -1 -1 0.0638 342.0823 812.6196 410.2581 942.8826 1.2330 0.6280 0.6386 -6.1363 3.2548 15.7072 -0.3269 0.2043
Pedestrian -1 -1 -1.2518 374.6157 809.5380 439.4263 932.0986 1.4136 0.5972 0.6047 -6.8557 3.7388 18.5164 -1.6176 0.1950
Pedestrian -1 -1 1.4752 630.6194 815.5929 656.5161 880.2972 1.7366 0.6729 0.6745 -9.1454 7.2785 43.0390 1.2743 0.1896
Pedestrian -1 -1 3.6671 0.0000 787.4218 241.6941 1204.1332 1.5407 0.6519 0.6668 -3.4374 2.2484 6.1579 3.0565 0.1822
Pedestrian -1 -1 -1.5983 422.9444 867.0845 457.5399 954.9536 1.6214 0.6447 0.6093 -10.5206 6.5753 30.1908 -1.9307 0.1744
Cyclist -1 -1 -1.5193 574.2870 750.6830 677.8111 979.1273 1.7001 0.8161 1.8898 -2.9323 2.8977 13.2359 -1.7497 0.6848
Car -1 -1 -1.3625 51.4041 783.6061 443.1903 1119.2848 1.4790 1.8284 4.1951 -4.9487 2.8847 10.9854 -1.8237 0.8685
Car -1 -1 -1.4121 178.6888 787.1376 405.3343 975.0833 1.3849 1.7629 3.8882 -7.3457 3.4333 16.7711 -1.8427 0.3083
Car -1 -1 -1.4335 290.7630 804.6671 430.1394 923.7607 1.3729 1.6929 3.4579 -9.8789 4.5814 24.8075 -1.8170 0.2788
Car -1 -1 -1.4705 332.4081 803.1042 444.9710 907.4366 1.5184 1.7983 3.9797 -11.8958 5.5028 31.2811 -1.8332 0.2383
