Pedestrian -1 -1 3.0657 795.1204 826.5935 840.5040 956.0299 1.6744 0.6283 0.5869 -2.0012 4.5307 20.8198 2.9767 0.5816
Pedestrian -1 -1 -2.0051 1733.9617 719.5815 1932.5541 1112.7511 1.6792 0.6209 0.6468 4.0257 2.1430 6.9472 -1.3729 0.4248
Pedestrian -1 -1 1.4542 720.5102 820.8455 747.1432 885.1187 1.7161 0.6845 0.7228 -6.5466 7.4114 43.0292 1.3132 0.2497
Pedestrian -1 -1 2.7773 995.4554 761.3495 1109.1812 974.6313 1.4742 0.6754 0.6668 0.6786 2.5426 11.2902 2.8547 0.2223
Pedestrian -1 -1 -1.4555 482.7332 911.7657 534.4587 1038.1967 1.5743 0.6157 0.6218 -6.2354 5.5989 20.6199 -1.7505 0.2069
Pedestrian -1 -1 -1.8921 1423.8660 763.0377 1576.5112 1082.6177 1.4773 0.6014 0.5528 2.6803 2.1964 7.4809 -1.4722 0.1904
Pedestrian -1 -1 0.0415 436.9683 795.6667 501.9663 930.9752 1.2889 0.6824 0.6307 -5.1593 3.1311 15.7157 -0.2908 0.1836
Cyclist -1 -1 -1.5997 662.3052 759.7033 756.0091 972.4561 1.6484 0.7837 1.7888 -2.3434 2.9742 13.7526 -1.7750 0.6460
Car -1 -1 -1.3844 146.6096 769.2446 524.1758 1105.4456 1.5051 1.8346 4.1315 -4.2470 2.7632 10.8166 -1.7940 0.8570
Car -1 -1 -1.4209 296.7189 775.4899 512.4080 959.0084 1.3996 1.7491 3.9096 -6.1549 3.3164 16.9397 -1.7838 0.6759
Car -1 -1 -1.4400 388.1934 807.7812 524.0071 924.0052 1.3442 1.7189 3.5957 -8.4583 4.6740 25.2987 -1.7647 0.2066
