Pedestrian -1 -1 1.4623 988.6055 817.2173 1045.9736 958.4532 1.6455 0.6589 0.6387 0.6940 4.0912 18.6798 1.5141 0.4809
Pedestrian -1 -1 -2.0328 1680.1079 688.2068 1873.5157 1095.8011 1.7747 0.6404 0.5270 3.7496 2.0802 6.9119 -1.4307 0.3544
Pedestrian -1 -1 1.4919 922.3143 822.0892 948.4919 888.6279 1.7025 0.6710 0.6350 -0.7057 7.1080 40.6495 1.4874 0.3397
Pedestrian -1 -1 2.6800 1284.8455 758.1693 1413.8062 1029.8002 1.5412 0.6095 0.5686 2.3687 2.3893 9.1708 2.9824 0.3029
Pedestrian -1 -1 -1.7341 1419.3250 738.4763 1537.5498 1044.9958 1.6247 0.5860 0.5021 2.9169 2.2918 8.4703 -1.3370 0.2967
Pedestrian -1 -1 0.1956 1175.1715 796.7709 1285.7506 944.7925 1.2991 0.7350 0.9420 2.6806 3.0670 14.8603 0.4015 0.2691
Pedestrian -1 -1 2.9620 1144.7426 809.2861 1191.0959 945.6166 1.7395 0.6175 0.5305 2.7930 4.2747 20.2467 3.1198 0.2498
Cyclist -1 -1 -1.5916 847.2216 771.7331 947.5703 970.2273 1.6858 0.9497 1.8908 -0.6582 3.2647 15.1089 -1.6281 0.7809
Car -1 -1 -1.3412 268.4966 752.6140 717.3305 1128.2156 1.5055 1.8534 4.1712 -2.6855 2.5093 9.6046 -1.6456 0.7055
Car -1 -1 -1.4580 506.8824 767.2255 720.1514 968.6548 1.4782 1.7821 4.0541 -3.5882 3.2098 16.0790 -1.6848 0.6055
Car -1 -1 1.6363 683.9004 810.3770 765.4166 893.0675 1.5169 1.7995 4.1444 -6.1384 6.6397 39.1649 1.4898 0.2405
Car -1 -1 0.0852 120.5235 820.3159 261.1281 880.5969 1.4766 1.7061 3.8700 -24.6458 7.9440 47.9768 -0.3841 0.2165
Car -1 -1 2.0081 0.0000 825.4315 125.9645 944.2141 1.4816 1.7737 3.7325 -16.9592 5.3978 27.2418 1.4456 0.2080
