Pedestrian -1 -1 2.8898 953.8507 811.3683 1007.2737 938.9437 1.5488 0.5809 0.5760 0.2479 4.0260 19.5194 2.9153 0.5579
Pedestrian -1 -1 2.8375 1163.2083 795.2209 1247.2844 949.3655 1.4662 0.7107 0.6902 2.5179 3.2749 15.4874 3.0240 0.3805
Pedestrian -1 -1 1.5035 897.9685 842.2676 924.1395 912.3275 1.8050 0.6836 0.5949 -1.3751 7.7944 40.8796 1.4827 0.3229
Pedestrian -1 -1 -1.7037 1101.4872 725.4464 1238.0616 1094.4458 1.6331 0.5874 0.5876 0.9747 2.1304 7.0910 -1.5290 0.3191
Pedestrian -1 -1 -3.1939 1202.1873 774.0126 1274.1682 1013.5327 1.6313 0.5694 0.5031 2.0133 2.7510 10.9080 -2.9774 0.2784
Pedestrian -1 -1 -0.5270 1250.6536 759.7583 1369.4111 1020.8179 1.5785 0.5935 0.5411 2.2686 2.4912 9.7650 -0.2552 0.2609
Cyclist -1 -1 -1.6315 822.6870 775.1100 925.0457 980.0394 1.6853 0.8994 1.8551 -0.8888 3.2595 14.6986 -1.6866 0.7760
Car -1 -1 -1.3375 266.4655 743.1326 704.8755 1105.6174 1.5418 1.8603 4.2398 -2.8506 2.5027 9.9701 -1.6467 0.7717
Car -1 -1 -1.5323 637.5872 840.6238 732.3566 947.9418 1.5018 1.7590 3.8761 -5.6929 6.2912 31.1625 -1.7058 0.3775
Car -1 -1 2.0548 0.0000 764.8427 163.6628 869.1286 1.5095 1.7903 4.1385 -17.6082 4.4643 29.4556 1.5098 0.3569
Car -1 -1 -1.5774 986.7543 793.5623 1063.7052 875.6721 1.4936 1.8102 3.7888 1.6008 5.8968 37.1027 -1.5200 0.2471
Car -1 -1 -1.5086 631.7572 798.2689 714.0109 882.0695 1.4863 1.7222 3.8439 -7.0519 5.9921 36.8549 -1.6903 0.2259
Car -1 -1 1.8984 0.0000 792.5548 100.4690 871.5654 1.5640 1.8685 4.1685 -25.5373 6.4508 41.3489 1.3465 0.2169
Car -1 -1 -1.5607 689.2358 791.8762 745.1611 855.7260 1.6100 1.7981 4.0518 -8.2828 7.5419 50.9937 -1.7117 0.2163
