Pedestrian -1 -1 2.9641 934.9809 809.4611 983.9982 938.5240 1.5941 0.6071 0.5566 -0.0278 4.0811 19.8052 2.9747 0.4755
Pedestrian -1 -1 -1.7714 1062.6008 740.0807 1198.3112 1099.1475 1.6112 0.5634 0.5473 0.8013 2.1870 7.1857 -1.6283 0.4491
Pedestrian -1 -1 0.1961 596.6398 783.0968 671.4328 939.7202 1.4775 0.6429 0.6287 -3.2968 3.1102 15.1039 -0.0272 0.3428
Pedestrian -1 -1 2.7644 1199.2524 773.1108 1325.4011 1003.7679 1.4211 0.6808 0.6440 2.0185 2.4588 10.0878 3.0001 0.3230
Pedestrian -1 -1 -0.1746 1073.1407 818.7133 1115.8751 943.8566 1.6566 0.6023 0.5126 1.8757 4.4323 21.0991 -0.0683 0.3001
Pedestrian -1 -1 1.4761 866.6534 861.1750 891.9047 928.3528 1.7229 0.6457 0.6055 -2.2565 8.2736 41.1170 1.4339 0.2916
Pedestrian -1 -1 2.8714 1132.4999 775.5604 1206.9717 934.8710 1.5674 0.6654 0.6340 2.1908 3.1929 15.7694 3.0325 0.2864
Pedestrian -1 -1 -0.2318 1021.9444 820.6653 1067.8033 940.2745 1.5734 0.6091 0.5288 1.1777 4.3855 21.1380 -0.1605 0.2098
Cyclist -1 -1 -1.5808 806.2053 777.1503 902.2424 975.7569 1.6464 0.8891 1.8264 -1.0631 3.2484 14.7905 -1.6483 0.6306
Car -1 -1 -1.3486 241.4694 750.1434 671.1007 1114.8339 1.5676 1.8830 4.4058 -3.1459 2.6211 10.2902 -1.6760 0.7848
Car -1 -1 -1.4414 454.8287 782.5735 656.0473 965.3730 1.3994 1.7176 3.6731 -4.4089 3.3672 16.7266 -1.7079 0.4152
Car -1 -1 2.0334 0.0000 761.0179 138.2043 864.8919 1.5188 1.7889 4.1626 -18.2127 4.4160 29.6732 1.4765 0.2899
Car -1 -1 2.1208 0.0000 807.1826 33.0556 940.2645 1.5084 1.8788 4.3139 -17.8304 4.8573 25.2539 1.4968 0.2343
