Pedestrian -1 -1 3.1069 911.7003 808.9628 955.9657 940.8762 1.6640 0.6194 0.5797 -0.3729 4.1756 20.0838 3.0993 0.3648
Pedestrian -1 -1 -1.7724 1038.2312 743.5208 1166.5441 1087.8043 1.6100 0.5555 0.5216 0.6948 2.2250 7.4707 -1.6525 0.2963
Pedestrian -1 -1 -1.8400 1042.7378 820.6031 1093.0560 938.9262 1.5704 0.5972 0.5345 1.5089 4.3878 21.2125 -1.7525 0.2833
Pedestrian -1 -1 -1.6409 1284.7017 753.4185 1375.5511 1027.7119 1.6328 0.5446 0.4681 2.3253 2.4704 9.4587 -1.3532 0.2430
Pedestrian -1 -1 2.9563 1079.1643 775.9135 1158.6692 917.9783 1.4200 0.6751 0.7486 1.6859 3.0794 16.0722 3.0809 0.2395
Cyclist -1 -1 -1.5414 787.6208 767.7474 876.1275 965.2632 1.6150 0.7939 1.8207 -1.2274 3.0892 14.5030 -1.6232 0.7604
Car -1 -1 -1.3620 264.9625 766.6451 657.9122 1100.4854 1.4201 1.7833 4.0982 -3.1683 2.6013 10.3207 -1.6906 0.9041
Car -1 -1 -1.4661 444.0263 785.2231 642.1790 970.3514 1.3599 1.7315 3.9055 -4.5167 3.3662 16.6432 -1.7405 0.7061
Car -1 -1 1.8942 0.0000 764.5982 109.3673 870.7219 1.5211 1.8015 4.2409 -18.5794 4.5078 29.6976 1.3288 0.3442
Car -1 -1 -1.6054 609.6123 779.6125 685.2322 863.3344 1.6354 1.8374 4.0466 -8.3252 5.9433 39.4575 -1.8063 0.3392
Car -1 -1 -1.4049 518.4352 790.1774 670.9144 917.9346 1.4774 1.7904 3.9040 -5.9043 4.4077 24.5034 -1.6408 0.3260
Car -1 -1 -1.5394 584.1812 835.4247 673.7976 939.3482 1.4920 1.6977 3.7283 -6.9398 6.2062 31.5010 -1.7502 0.3146
