Pedestrian -1 -1 1.4990 980.2971 824.9086 1034.7015 961.4131 1.6140 0.6543 0.6625 0.5820 4.2031 19.0184 1.5438 0.6632
Pedestrian -1 -1 -0.1174 1177.4847 795.3822 1256.1554 947.0244 1.4147 0.6966 0.7259 2.5826 3.1871 15.1711 0.0775 0.5551
Pedestrian -1 -1 -1.7884 1129.9419 734.7551 1273.1100 1115.7552 1.6276 0.5606 0.5271 1.0818 2.1476 6.8109 -1.5865 0.3949
Pedestrian -1 -1 -0.3974 1272.3090 754.5392 1396.3605 1024.8087 1.5888 0.6220 0.5826 2.3479 2.4382 9.4580 -0.1071 0.2800
Cyclist -1 -1 -1.5751 841.1442 769.7975 940.8265 967.7524 1.6576 0.9260 1.8245 -0.6936 3.1837 14.8186 -1.6154 0.7321
Car -1 -1 -1.3337 257.6796 743.4413 700.6496 1108.4658 1.5206 1.8381 4.1365 -2.8267 2.4624 9.7484 -1.6483 0.7112
Car -1 -1 -1.4520 487.0010 783.0090 697.2479 981.1594 1.4394 1.7537 3.8880 -3.8435 3.3623 16.1504 -1.6934 0.4559
Car -1 -1 -1.5012 633.6176 821.7316 742.1757 932.3901 1.5849 1.9056 4.0796 -5.6095 5.9592 31.1083 -1.6727 0.3729
Car -1 -1 1.9691 0.0000 795.0009 136.5679 873.4997 1.5551 1.8383 4.3027 -24.8368 6.5510 41.6642 1.4333 0.3426
Car -1 -1 1.9288 0.0000 856.6448 122.7564 990.3474 1.6302 1.9099 3.9147 -17.2310 6.2428 27.6558 1.3681 0.2966
Car -1 -1 2.0850 0.0000 802.2479 9.7458 953.4037 1.4639 1.8014 4.1472 -15.8487 4.3014 21.7542 1.4409 0.2802
