Pedestrian -1 -1 3.0223 859.3167 811.6405 906.4254 944.9864 1.7021 0.6376 0.5769 -1.0770 4.3024 20.4620 2.9788 0.5023
Pedestrian -1 -1 -0.1215 1019.7039 798.0477 1087.8048 929.9272 1.3407 0.6438 0.6824 1.0087 3.2813 16.4238 -0.0439 0.3797
Pedestrian -1 -1 0.4078 133.0258 818.9936 363.5782 1203.8640 1.3187 0.6157 0.6544 -2.7505 2.1202 5.8257 -0.1356 0.2142
Pedestrian -1 -1 -1.9253 1368.6876 747.9811 1490.6412 1048.8817 1.6678 0.5637 0.4798 2.7240 2.4061 8.7286 -1.5636 0.2107
Pedestrian -1 -1 2.8210 1097.0511 756.2610 1196.7876 988.9135 1.5558 0.5909 0.5622 1.3230 2.5274 10.7223 2.9702 0.2013
Pedestrian -1 -1 2.7511 861.4926 826.7471 914.2155 943.3575 1.5221 0.6850 0.5377 -1.0546 4.4689 21.4092 2.7114 0.1932
Pedestrian -1 -1 -1.5130 556.0580 882.4428 606.0807 1002.6523 1.4913 0.6307 0.6781 -5.2381 5.1117 20.6290 -1.7621 0.1903
Pedestrian -1 -1 1.5541 778.6146 815.4224 802.0195 881.3879 1.7897 0.6651 0.6726 -4.9292 7.3289 43.1043 1.4509 0.1813
Cyclist -1 -1 -1.6421 711.6160 779.7415 813.3705 989.6460 1.6330 0.8123 1.8037 -1.8916 3.1854 14.0264 -1.7784 0.7117
Car -1 -1 -1.3994 221.4951 789.1221 597.4218 1137.6477 1.4593 1.8445 4.2862 -3.6571 2.8831 10.6871 -1.7601 0.8610
Car -1 -1 -1.4314 366.9747 777.7433 580.4510 963.1334 1.4043 1.7746 3.9216 -5.3473 3.3408 16.8586 -1.7505 0.5467
Car -1 -1 -1.5388 480.5114 807.6161 593.0729 925.7493 1.3905 1.7194 3.5203 -7.1501 4.7329 25.4408 -1.8127 0.2013
Car -1 -1 -1.6230 870.2421 794.6887 946.9225 874.3038 1.4422 1.7597 3.7898 -1.3642 5.9099 37.3931 -1.6477 0.1829
