Pedestrian -1 -1 1.7787 982.2560 818.0255 1045.8191 961.7932 1.6326 0.6499 0.6923 0.6589 4.0786 18.5224 1.8287 0.4896
Pedestrian -1 -1 1.4863 921.5844 825.0873 948.4175 893.4768 1.7186 0.6721 0.7214 -0.7100 7.1586 40.2484 1.4816 0.3829
Pedestrian -1 -1 -2.0787 1717.0309 708.0802 1921.6144 1116.1086 1.6898 0.6332 0.5176 3.7722 2.0739 6.6096 -1.4477 0.3144
Pedestrian -1 -1 -1.4290 670.6957 845.0977 735.0305 976.9409 1.3533 0.6230 0.7292 -2.9247 3.9074 16.9723 -1.6006 0.2424
Cyclist -1 -1 -1.5845 856.5546 779.0884 950.4904 978.8187 1.6965 0.8913 1.8748 -0.5899 3.3558 15.1360 -1.6158 0.7738
Car -1 -1 -1.3688 274.2448 748.0783 728.5040 1145.1023 1.5180 1.8800 4.3251 -2.5352 2.4729 9.3509 -1.6657 0.8265
Car -1 -1 1.6399 689.4099 808.1929 775.7251 894.6202 1.5704 1.8722 4.2579 -5.8485 6.5769 38.6562 1.4988 0.3457
Car -1 -1 2.0924 131.3167 786.0240 303.8067 877.4639 1.5681 1.8274 4.0916 -17.3621 5.5807 35.1422 1.6333 0.3124
Car -1 -1 2.0427 0.0000 770.3416 168.4248 885.5280 1.4613 1.8433 4.1197 -15.9159 4.2420 26.4657 1.4925 0.2922
Car -1 -1 2.1668 0.0000 782.6208 76.2135 891.2906 1.4027 1.7620 3.8347 -17.8694 4.4305 26.7901 1.5697 0.2518
Car -1 -1 1.6197 703.0536 824.0847 797.7974 926.6154 1.5080 1.7660 3.8590 -4.4119 6.0013 31.7400 1.4899 0.2463
