Pedestrian -1 -1 3.0822 889.7555 811.2333 931.3349 941.0977 1.6486 0.6054 0.5330 -0.6904 4.2105 20.2375 3.0581 0.4929
Pedestrian -1 -1 -3.1852 1069.0989 788.6223 1135.0857 934.9811 1.4706 0.6418 0.6932 1.5122 3.2752 16.1394 -3.0727 0.2631
Pedestrian -1 -1 3.3161 541.8879 785.6838 622.1484 930.2302 1.3614 0.7245 0.6889 -3.8803 3.0528 15.3418 3.0575 0.2476
Pedestrian -1 -1 -1.6439 1020.7367 810.6044 1062.3300 929.0302 1.6167 0.5679 0.5256 1.1507 4.3203 21.5076 -1.5751 0.2433
Pedestrian -1 -1 -0.3184 1139.4136 758.0505 1238.9567 1006.6949 1.6506 0.5980 0.5513 1.6098 2.6259 10.6194 -0.1375 0.2398
Pedestrian -1 -1 -1.2552 0.0000 734.3032 151.8339 1216.0000 1.5428 0.5474 0.5358 -2.9858 1.9255 4.8806 -1.9520 0.2248
Pedestrian -1 -1 -2.3587 103.9491 767.0432 355.9229 1187.9728 1.4602 0.5753 0.6601 -2.8095 2.0433 5.7807 -2.9172 0.2110
Pedestrian -1 -1 -1.5504 957.0606 816.1216 997.4224 927.1635 1.5017 0.5620 0.5442 0.2330 4.2857 21.4878 -1.5267 0.2025
Cyclist -1 -1 -1.5683 754.2859 768.7836 846.4654 975.6409 1.6616 0.8215 1.8652 -1.5377 3.1340 14.3327 -1.6748 0.7072
Car -1 -1 -1.3518 227.7010 764.1336 635.4628 1103.4543 1.4614 1.8382 4.2664 -3.4166 2.6474 10.5054 -1.6978 0.9028
Car -1 -1 -1.4089 383.1427 775.8466 595.9711 958.5997 1.4191 1.7188 3.5879 -5.1179 3.2920 16.6541 -1.7188 0.3573
Car -1 -1 1.6799 571.0134 865.5621 678.7750 973.4716 1.5086 1.7899 3.7231 -7.0202 6.8942 31.5217 1.4676 0.2326
Car -1 -1 1.9952 0.0000 744.7557 40.6236 846.2134 1.4062 1.7856 4.1189 -19.1383 3.8324 28.0836 1.3875 0.2175
Car -1 -1 1.6256 895.4232 795.9186 999.4595 899.9468 1.3915 1.7092 3.7439 -0.1979 4.8401 28.2356 1.6308 0.2020
Car -1 -1 1.9665 92.8504 779.4393 227.0385 852.8776 1.4598 1.7984 3.9786 -21.5978 5.8563 40.4795 1.4775 0.1984
Car -1 -1 -1.6323 896.5356 792.2602 974.9413 871.9120 1.4495 1.7689 3.7857 -0.6857 5.8476 37.3503 -1.6384 0.1895
