Pedestrian -1 -1 1.4490 1004.7313 825.7795 1063.1400 968.8594 1.6065 0.6415 0.6181 0.8707 4.0733 18.0368 1.5128 0.5914
Pedestrian -1 -1 1.4532 933.4073 826.8137 960.9454 893.5262 1.6638 0.6715 0.5996 -0.3763 7.0650 39.6671 1.4568 0.3870
Pedestrian -1 -1 -1.2260 1714.3667 670.3875 1915.6146 1132.8960 1.8556 0.6089 0.4721 3.6797 2.0638 6.4600 -0.5932 0.2520
Pedestrian -1 -1 -1.8251 1472.6887 738.2020 1616.4424 1072.7672 1.6357 0.6167 0.5405 3.0481 2.2553 7.8548 -1.3788 0.2427
Cyclist -1 -1 -1.6331 856.2186 764.8719 944.9396 960.9958 1.7116 0.8086 1.8861 -0.6527 3.2470 15.4253 -1.6682 0.7630
Car -1 -1 -1.3608 256.7067 751.5690 726.5414 1158.3341 1.4763 1.8503 4.3624 -2.5005 2.4376 9.0912 -1.6635 0.8687
Car -1 -1 1.9848 0.0000 803.0220 156.7784 921.1417 1.4364 1.8441 4.1245 -16.2673 4.8982 26.8954 1.4340 0.3602
Car -1 -1 -1.4895 687.3161 805.7764 773.7865 889.5589 1.5209 1.8242 4.1330 -5.8651 6.4232 38.4126 -1.6321 0.3141
Car -1 -1 2.0846 77.3117 834.8060 253.7734 932.6456 1.4775 1.7761 3.7638 -17.2708 6.3298 32.6641 1.5981 0.3074
Car -1 -1 1.7565 50.5121 785.8152 155.5200 863.1229 1.6607 1.9106 4.4460 -25.5017 6.7177 44.5831 1.2396 0.2607
Car -1 -1 -1.3573 451.2872 791.3595 705.1422 993.5232 1.3901 1.7628 3.9203 -3.8146 3.3428 15.5518 -1.6069 0.2590
Car -1 -1 -1.4862 693.1459 792.6913 766.9387 860.7720 1.4923 1.8155 3.9172 -6.8600 6.7317 44.6873 -1.6291 0.2434
