Pedestrian -1 -1 1.4959 1008.3463 813.0867 1066.9869 960.2451 1.6339 0.6581 0.6300 0.8998 3.9056 17.7347 1.5622 0.5305
Pedestrian -1 -1 -2.2412 1742.1503 637.2289 1936.0000 1094.5680 1.8320 0.6318 0.5326 3.7326 1.8859 6.2749 -1.5825 0.3628
Pedestrian -1 -1 1.4685 924.7026 819.6727 951.7204 887.9884 1.7000 0.6598 0.6594 -0.6140 6.9106 39.6436 1.4659 0.3589
Pedestrian -1 -1 1.2686 1487.2672 708.5563 1643.4744 1069.3228 1.7086 0.6233 0.5631 3.0377 2.1500 7.5623 1.7317 0.3580
Cyclist -1 -1 -1.6081 856.2859 765.9612 942.2303 954.6089 1.6723 0.8413 1.8944 -0.6770 3.2445 15.6914 -1.6440 0.6481
Car -1 -1 -1.3616 246.7073 748.4897 720.9008 1161.0209 1.4750 1.8394 4.2777 -2.4887 2.3938 8.8972 -1.6707 0.8518
Car -1 -1 -1.4083 446.9880 751.5497 698.6226 975.5161 1.5747 1.8092 4.1599 -3.7423 3.0363 15.1043 -1.6620 0.5180
Car -1 -1 -1.4504 685.7482 806.4017 776.9347 888.6353 1.4963 1.7914 3.9678 -5.7901 6.3583 38.0559 -1.5926 0.4409
Car -1 -1 -1.4843 701.3859 790.4851 775.4626 858.8392 1.4963 1.8084 3.9660 -6.5930 6.6570 44.5806 -1.6217 0.3931
Car -1 -1 2.0637 0.0000 775.3900 136.9235 888.1119 1.4052 1.7687 3.9149 -16.2076 4.2292 26.0452 1.4977 0.3205
Car -1 -1 1.8390 57.8234 826.8649 204.7168 928.8723 1.4974 1.8251 3.6802 -17.5995 6.0744 31.8874 1.3335 0.2835
