Pedestrian -1 -1 1.4644 981.8826 817.7889 1048.1056 979.5847 1.6191 0.6575 0.5945 0.5697 3.7276 16.0318 1.5145 0.5460
Pedestrian -1 -1 0.9931 1320.9634 709.7491 1498.8014 1073.4016 1.6355 0.6247 0.5709 2.1574 2.0656 7.2337 1.3522 0.3971
Pedestrian -1 -1 1.4976 899.5743 800.4701 926.4366 870.0599 1.6752 0.6462 0.6435 -1.2329 6.1918 38.1196 1.4773 0.3600
Pedestrian -1 -1 -2.3120 1497.8842 686.2857 1696.4233 1117.7925 1.7563 0.5973 0.5288 2.7552 2.0370 6.5087 -1.8136 0.3520
Pedestrian -1 -1 1.5645 921.8398 804.0692 947.4861 872.3934 1.6324 0.6390 0.5773 -0.6664 6.1668 37.5543 1.5593 0.2693
Pedestrian -1 -1 -1.4175 1417.5858 715.2753 1559.5908 1075.4778 1.7313 0.5912 0.5310 2.7402 2.2235 7.7622 -1.0057 0.2594
Cyclist -1 -1 -1.6085 826.0813 777.0540 907.0915 959.4979 1.6703 0.8166 1.8279 -1.0507 3.4175 16.2231 -1.6673 0.6856
Cyclist -1 -1 2.0691 253.5578 763.5474 443.4297 1000.4336 1.6651 0.7304 1.8025 -5.0783 2.9127 12.5279 1.6553 0.4289
Cyclist -1 -1 1.9023 278.3089 790.9351 467.4156 1075.7606 1.6150 0.7309 1.8139 -4.0713 2.8839 10.4970 1.4965 0.2689
Car -1 -1 -1.2539 7.2472 732.0110 659.9573 1216.0000 1.4712 1.8294 4.2165 -2.6917 2.1677 7.5457 -1.6558 0.9121
Car -1 -1 -1.4617 669.9922 790.7704 748.1357 860.8845 1.4865 1.7716 3.9259 -7.2312 6.4991 43.1880 -1.6188 0.4653
Car -1 -1 -1.4671 640.7315 809.9265 732.3366 893.5913 1.4480 1.7854 3.8877 -6.6866 6.2401 36.7305 -1.6394 0.3620
Car -1 -1 -1.4997 672.2077 772.4196 738.3988 834.8986 1.5512 1.8109 3.8030 -8.2450 6.5230 48.4257 -1.6593 0.2802
Car -1 -1 1.9684 0.0000 768.0967 171.9377 865.6199 1.4643 1.7711 3.9822 -17.9123 4.6036 30.6922 1.4350 0.2571
