Pedestrian -1 -1 1.4249 957.9328 785.4841 1033.7776 973.7224 1.7123 0.6601 0.6259 0.3293 3.3113 14.5435 1.4608 0.5796
Pedestrian -1 -1 1.0002 1348.2314 671.0782 1556.7545 1096.8599 1.6752 0.6467 0.5578 2.0490 1.8794 6.2847 1.4013 0.4804
Pedestrian -1 -1 1.4834 867.8004 806.0403 897.6120 878.2690 1.6670 0.6833 0.6650 -1.9342 6.1653 36.7624 1.4422 0.3848
Pedestrian -1 -1 1.5447 882.0687 809.7674 910.3135 881.8905 1.6391 0.6686 0.5798 -1.5639 6.1125 35.8779 1.5128 0.2541
Cyclist -1 -1 -1.4845 789.4765 773.3716 880.4626 950.9556 1.6944 0.8476 1.8730 -1.3888 3.4537 16.7804 -1.5624 0.6336
Cyclist -1 -1 -1.4987 380.8427 776.9636 460.7196 963.5540 1.6658 0.6949 1.8563 -5.7386 3.3883 15.9511 -1.8596 0.5809
Car -1 -1 -1.2381 0.0000 729.9783 568.4691 1216.0000 1.4694 1.8074 4.0655 -2.8401 2.0787 6.5184 -1.7334 0.9229
Car -1 -1 -1.3804 294.1030 755.2779 614.7634 1034.1099 1.5819 1.8490 4.2466 -4.1003 2.8929 12.8045 -1.7121 0.7595
Car -1 -1 -1.4739 603.7988 803.9462 697.2603 893.4169 1.5161 1.7735 3.9509 -7.3363 6.0262 35.6154 -1.6703 0.6154
Car -1 -1 -1.4348 624.8208 808.5791 707.7979 881.2440 1.4610 1.7447 3.8813 -8.2417 6.8709 42.0644 -1.6198 0.4111
Car -1 -1 1.6581 862.3887 792.3015 939.2195 865.5335 1.5648 1.8364 4.0370 -1.7081 6.6647 43.4887 1.6309 0.4006
Car -1 -1 1.7256 414.7178 811.2454 512.0740 892.0105 1.6456 2.0040 4.5127 -14.5267 7.4092 43.8672 1.4124 0.2709
