Pedestrian -1 -1 -0.3474 1342.8481 659.7966 1511.1216 1069.5902 1.7692 0.6416 0.5830 2.1120 1.9366 6.8412 0.0275 0.5990
Pedestrian -1 -1 1.4519 963.6661 775.2638 1035.9597 957.2104 1.7342 0.6675 0.6811 0.3848 3.3020 15.2257 1.4905 0.5249
Pedestrian -1 -1 1.4654 883.9941 800.8002 912.2772 870.8292 1.6648 0.6562 0.6316 -1.5944 6.1420 37.7054 1.4349 0.4280
Cyclist -1 -1 -1.5729 794.2996 762.2158 880.9199 948.6492 1.7333 0.8907 1.9597 -1.3533 3.3328 16.4072 -1.6508 0.6969
Cyclist -1 -1 2.2526 140.8593 752.5521 378.7167 1008.3433 1.6660 0.7322 1.8124 -5.4068 2.7438 11.6639 1.7820 0.3120
Cyclist -1 -1 -2.6296 139.8759 728.1743 473.3805 1012.4088 1.6988 0.7613 1.8313 -4.2012 2.3971 9.6813 -3.0864 0.2224
Car -1 -1 -1.2163 0.0000 718.5054 624.0269 1216.0000 1.5188 1.8703 4.2877 -2.7823 2.0924 6.9373 -1.6711 0.9416
Car -1 -1 -1.4865 645.4421 811.1748 721.9907 885.0959 1.4883 1.7744 3.9722 -7.8418 7.0429 42.5354 -1.6600 0.6671
Car -1 -1 -1.4611 619.6470 799.6645 713.6423 886.1754 1.4974 1.7756 3.9711 -7.0683 5.9676 36.2038 -1.6468 0.5588
Car -1 -1 -1.4595 638.2348 775.3654 707.4183 836.9409 1.5155 1.7485 3.6676 -9.2020 6.5288 47.9353 -1.6406 0.2593
Car -1 -1 1.7126 430.7694 820.1729 524.2465 896.9008 1.5660 2.0200 4.2271 -14.2342 7.6338 44.2196 1.4082 0.2244
