Pedestrian -1 -1 1.5075 995.6578 798.2099 1056.7245 962.0493 1.7499 0.6628 0.6834 0.7329 3.7648 17.0422 1.5655 0.5316
Pedestrian -1 -1 -0.4700 1325.5015 732.6562 1484.1667 1058.9030 1.6384 0.6379 0.6208 2.3873 2.2475 8.0987 -0.1221 0.3993
Pedestrian -1 -1 1.4877 935.0711 813.1580 962.4113 881.1310 1.6638 0.6676 0.6020 -0.3271 6.5816 38.7385 1.4922 0.3524
Pedestrian -1 -1 3.3211 631.5067 769.1180 709.7622 954.5923 1.5379 0.6161 0.5823 -2.5577 2.8415 13.2029 3.1197 0.3150
Pedestrian -1 -1 -1.6853 1503.2451 711.3068 1642.1786 1084.6946 1.6674 0.5976 0.5302 2.9281 2.1035 7.1946 -1.2127 0.2866
Pedestrian -1 -1 0.0245 1237.5142 795.1734 1319.9264 970.8207 1.4584 0.6313 0.6973 2.8888 3.0499 13.5812 0.2661 0.2607
Cyclist -1 -1 -1.5914 855.6101 765.7460 936.0975 949.3320 1.6830 0.8174 1.8694 -0.7183 3.2927 16.1343 -1.6286 0.6462
Car -1 -1 -1.3128 182.9571 746.5941 703.1919 1175.4374 1.4375 1.7673 4.0066 -2.5006 2.2775 8.2546 -1.6516 0.9422
Car -1 -1 -1.5122 699.9752 797.4492 767.1752 864.4857 1.4309 1.6957 3.7914 -6.6498 6.7296 43.9636 -1.6529 0.4924
Car -1 -1 1.9998 38.9061 836.2822 219.5355 942.6422 1.5417 1.9042 3.8222 -17.4173 6.2766 31.5194 1.4940 0.3352
Car -1 -1 1.6567 683.4881 805.9332 772.4962 891.2128 1.5218 1.8330 4.1249 -5.8287 6.3497 37.7685 1.5123 0.2792
Car -1 -1 -0.4868 0.0000 672.1017 398.3382 1216.0000 1.4523 1.6945 3.6326 -2.0533 1.5783 2.0653 -1.7290 0.2549
Car -1 -1 -1.4462 685.1766 779.0950 758.8830 844.4472 1.6468 1.8749 4.0677 -7.8584 6.9563 49.4381 -1.5942 0.2440
