Pedestrian -1 -1 1.4221 967.1093 802.2375 1035.7528 971.1790 1.6615 0.6471 0.6011 0.4167 3.5679 15.7422 1.4623 0.5495
Pedestrian -1 -1 0.8431 1319.3711 684.9801 1498.2550 1068.5764 1.7097 0.6202 0.5356 2.1285 2.0111 7.1400 1.2031 0.5171
Pedestrian -1 -1 1.4949 894.1923 801.2366 922.6186 873.6643 1.7207 0.6741 0.6985 -1.3380 6.2185 37.7636 1.4714 0.4009
Pedestrian -1 -1 -2.0558 1538.0345 666.8990 1738.2303 1119.3768 1.7872 0.6134 0.5109 2.7997 1.9696 6.2255 -1.5263 0.2820
Pedestrian -1 -1 0.1111 562.1797 767.8557 639.1149 972.3699 1.5478 0.6357 0.5508 -2.9247 2.7446 12.1660 -0.1420 0.2782
Cyclist -1 -1 -1.5980 810.1173 768.1833 891.0327 952.5701 1.7029 0.8299 1.8892 -1.2290 3.3602 16.3159 -1.6683 0.7456
Cyclist -1 -1 2.1226 222.3232 770.2919 421.4523 1008.1461 1.6345 0.7535 1.6903 -5.1813 2.9107 12.2422 1.6914 0.3864
Car -1 -1 -1.2504 0.0000 729.4789 642.5631 1216.0000 1.4704 1.8215 4.1681 -2.7160 2.1325 7.3035 -1.6708 0.8980
Car -1 -1 -1.4753 654.3839 812.4882 731.9305 884.7701 1.4491 1.7678 3.9958 -7.6037 7.0644 42.7088 -1.6424 0.5842
Car -1 -1 1.6604 638.1663 803.5022 725.2211 886.8470 1.4524 1.7233 3.8535 -6.7842 6.0616 36.5993 1.4846 0.4494
Car -1 -1 2.1988 0.0000 764.1102 2.2977 888.5472 1.4519 1.8058 3.9779 -17.5035 3.8667 23.9361 1.5540 0.2805
Car -1 -1 1.7104 682.0191 801.2821 756.4142 866.6897 1.6341 1.8871 4.2140 -8.1844 7.8860 50.8901 1.5612 0.2592
