Pedestrian -1 -1 1.4162 950.2071 786.3725 1031.5378 982.8040 1.7173 0.6722 0.7300 0.2712 3.2878 14.1409 1.4483 0.6200
Pedestrian -1 -1 1.0170 1366.7462 688.1029 1575.8572 1133.6454 1.6500 0.6118 0.5314 2.0064 1.9134 5.9286 1.4370 0.4438
Pedestrian -1 -1 -2.2079 1601.7109 661.6976 1856.1514 1184.4708 1.7228 0.6108 0.5369 2.6699 1.8587 5.2442 -1.5984 0.4014
Pedestrian -1 -1 1.5553 867.8831 797.4246 895.5253 869.8584 1.6315 0.6505 0.6095 -1.8924 5.7695 35.5449 1.5132 0.2864
Pedestrian -1 -1 1.8269 1123.6042 880.7947 1192.6592 1046.7806 1.6712 0.6338 0.5472 2.1877 4.5758 16.5970 1.9802 0.2848
Pedestrian -1 -1 1.7522 387.6330 850.2493 422.0437 931.2535 1.7085 0.6355 0.5526 -12.5292 6.8334 33.6834 1.3998 0.2750
Pedestrian -1 -1 0.9879 1495.3854 690.9561 1699.2671 1125.3397 1.7038 0.6021 0.5397 2.6407 1.9927 6.2480 1.4901 0.2483
Cyclist -1 -1 -1.5157 776.1284 769.7648 864.1255 950.8557 1.7207 0.8659 1.9107 -1.5504 3.4352 16.7295 -1.6043 0.7571
Cyclist -1 -1 -1.8422 311.2931 776.5804 439.0615 970.6830 1.6868 0.7143 1.9083 -6.0917 3.3560 15.4856 -2.2354 0.3384
Car -1 -1 -1.1866 0.0000 730.5964 541.7820 1216.0000 1.4455 1.7617 3.8606 -2.8438 2.0173 6.0472 -1.7247 0.9352
Car -1 -1 -1.4628 588.9360 807.0986 683.8109 895.6604 1.4803 1.7482 3.8128 -7.5710 6.0029 35.1377 -1.6685 0.6495
Car -1 -1 -1.3708 280.1526 752.9601 594.7574 1014.8365 1.4659 1.7623 3.8937 -4.1394 2.7066 12.4346 -1.7169 0.4972
Car -1 -1 -1.4695 611.4242 795.5061 687.6022 864.3134 1.3853 1.6769 3.7177 -8.6255 6.3528 41.6114 -1.6663 0.4930
