Pedestrian -1 -1 1.4679 994.2026 799.6076 1059.1433 962.7726 1.7102 0.6719 0.6377 0.7247 3.7027 16.7221 1.5263 0.5790
Pedestrian -1 -1 2.5661 1335.8951 724.0837 1485.8738 1074.2662 1.6970 0.6072 0.5178 2.3331 2.2378 7.8001 2.9208 0.5428
Pedestrian -1 -1 -1.8664 1518.5968 715.9771 1681.8597 1108.6229 1.6922 0.6002 0.5155 2.9317 2.1315 6.9014 -1.3728 0.3964
Pedestrian -1 -1 3.2636 614.9853 789.7301 697.6564 963.2824 1.3755 0.6435 0.6293 -2.6134 2.8317 12.8634 3.0515 0.3939
Pedestrian -1 -1 1.4800 922.6955 809.3570 950.0938 877.5068 1.6506 0.6567 0.6350 -0.6422 6.4357 38.4468 1.4759 0.3020
Cyclist -1 -1 -1.5691 841.0388 767.7075 922.3217 945.8836 1.6544 0.8347 1.8034 -0.8578 3.2967 16.2784 -1.6150 0.6678
Cyclist -1 -1 2.0328 346.7015 759.5571 545.5479 1018.9103 1.6362 0.7221 1.8274 -3.8568 2.7447 11.3643 1.6768 0.4440
Car -1 -1 -1.3130 133.4259 746.8691 690.8537 1206.1522 1.4600 1.8272 4.2676 -2.5769 2.3043 8.1401 -1.6667 0.8964
Car -1 -1 -1.5419 692.5491 804.4239 757.8231 873.0653 1.4218 1.7317 3.9065 -6.8535 6.9123 43.6948 -1.6881 0.4272
Car -1 -1 1.5646 685.2148 812.0742 764.8176 899.8399 1.5330 1.8580 4.0183 -5.8871 6.4710 37.3246 1.4169 0.3338
Car -1 -1 2.0532 44.2556 788.2191 239.0805 892.5388 1.5925 1.8478 4.2848 -17.2591 5.2955 31.7479 1.5526 0.3270
Car -1 -1 -1.4893 678.7110 775.5369 744.6982 837.1446 1.5545 1.8072 3.8594 -8.2105 6.7375 49.4623 -1.6445 0.2780
Car -1 -1 -0.2010 0.0000 0.0000 1936.0000 1216.0000 1.4665 1.7361 3.8440 -2.4029 1.5018 1.7869 -1.5968 0.2729
Car -1 -1 2.0382 0.0000 783.5401 54.0532 913.6382 1.5222 1.7780 3.9459 -16.8136 4.3573 24.6468 1.4286 0.2599
