Pedestrian -1 -1 1.1416 1340.4232 708.6771 1513.7296 1069.5081 1.6872 0.6518 0.6117 2.3097 2.1238 7.4685 1.5103 0.5947
Pedestrian -1 -1 1.4302 985.9832 796.1028 1055.0703 963.7726 1.7047 0.6732 0.6806 0.6396 3.6157 16.3242 1.4841 0.5583
Pedestrian -1 -1 0.1147 583.9522 762.2520 650.6818 965.9482 1.6024 0.5961 0.4877 -2.8748 2.7834 12.5310 -0.1258 0.3929
Pedestrian -1 -1 1.4842 908.3253 798.5974 935.9419 868.0590 1.6767 0.6583 0.7031 -1.0078 6.1809 38.3955 1.4702 0.3920
Pedestrian -1 -1 0.9997 1495.6089 688.9222 1690.8337 1119.4359 1.7820 0.6076 0.5460 2.7617 2.0761 6.5737 1.4937 0.3235
Cyclist -1 -1 -1.5614 829.7229 775.5631 914.5859 959.0885 1.6742 0.8604 1.8241 -0.9437 3.3898 16.0986 -1.6137 0.7387
Cyclist -1 -1 1.9857 281.1038 753.2534 486.4174 1032.4949 1.6597 0.7264 1.8500 -4.0593 2.6559 10.6749 1.5867 0.3335
Cyclist -1 -1 1.9968 309.4113 763.5326 479.6136 988.7681 1.6404 0.7234 1.8121 -4.8554 2.9258 12.9451 1.6127 0.2554
Car -1 -1 -1.2610 42.7579 743.3079 675.8419 1216.0000 1.4436 1.8225 4.1933 -2.6203 2.2200 7.6454 -1.6471 0.9119
Car -1 -1 1.6089 670.2778 807.9024 752.5795 895.1482 1.5264 1.8207 3.9962 -6.1285 6.3135 37.0275 1.4531 0.4214
Car -1 -1 -1.4209 670.6837 805.1757 755.0186 875.5782 1.4497 1.7796 4.0132 -7.1028 6.8876 43.0991 -1.5750 0.3258
Car -1 -1 1.8821 481.3523 820.3940 585.5566 892.7148 1.4987 1.8114 3.7252 -12.2815 7.3882 43.1531 1.6121 0.3008
Car -1 -1 -1.3989 670.2218 777.6208 746.3333 840.2731 1.5904 1.8139 3.7117 -8.2327 6.7793 48.9409 -1.5563 0.2826
Car -1 -1 1.8726 0.0000 788.1905 21.3548 880.5656 1.5791 1.9106 4.3051 -24.4875 5.7833 36.1650 1.2759 0.2765
