Pedestrian -1 -1 1.4794 1007.9240 815.3550 1069.1504 967.4771 1.6609 0.6681 0.5908 0.8927 3.9146 17.3917 1.5464 0.6152
Pedestrian -1 -1 1.4947 935.8046 814.6305 962.2335 881.0211 1.6330 0.6516 0.6287 -0.3225 6.6296 39.0456 1.4994 0.4272
Pedestrian -1 -1 -0.3371 1362.4185 748.0168 1522.0931 1059.3333 1.5811 0.6325 0.6859 2.6145 2.2819 8.1834 0.0363 0.4142
Pedestrian -1 -1 -0.7489 1479.6583 726.5226 1651.0917 1092.4121 1.6785 0.5872 0.5409 2.9842 2.2068 7.4167 -0.2839 0.3479
Cyclist -1 -1 -1.6012 855.1474 779.1210 933.6074 962.5500 1.6231 0.7781 1.8309 -0.7266 3.3448 15.7542 -1.6402 0.5140
Car -1 -1 -1.3181 189.8557 754.6658 714.5443 1185.5443 1.4409 1.8224 4.2049 -2.5037 2.3639 8.4710 -1.6468 0.8803
Car -1 -1 -1.4845 686.1379 808.0939 773.7123 893.9077 1.5469 1.8108 4.0721 -5.8084 6.4501 37.9408 -1.6275 0.4342
Car -1 -1 2.1066 0.0000 858.9486 70.7755 995.8354 1.5175 1.7884 3.7649 -16.8901 5.7532 25.1290 1.5082 0.3494
Car -1 -1 -1.4757 527.6629 813.9781 709.4938 993.4442 1.3569 1.7010 3.6558 -3.8425 3.7845 17.2779 -1.6989 0.3455
Car -1 -1 2.0002 54.0981 831.6107 235.3658 940.0837 1.5961 1.9020 3.9632 -17.2541 6.2776 31.8270 1.5028 0.2694
Car -1 -1 -1.4389 695.5466 791.0160 777.1285 860.7635 1.5159 1.8276 4.0097 -6.5772 6.6372 44.0927 -1.5776 0.2626
