Pedestrian -1 -1 1.4716 960.5770 792.7651 1032.8152 978.6246 1.7284 0.6633 0.7297 0.3467 3.4539 14.9872 1.5081 0.6101
Pedestrian -1 -1 0.9341 1333.8813 691.3003 1530.3387 1097.9789 1.6663 0.6285 0.5513 2.0612 1.9741 6.5861 1.3165 0.5068
Pedestrian -1 -1 1.5212 882.3801 812.0818 909.8913 882.7510 1.6577 0.6603 0.6074 -1.6209 6.3496 37.1548 1.4894 0.4875
Pedestrian -1 -1 -2.2551 1575.4783 685.4426 1800.1469 1169.4589 1.7110 0.5692 0.5298 2.7300 1.9519 5.6551 -1.6820 0.2773
Cyclist -1 -1 -1.5505 791.3124 776.9160 870.3384 959.6912 1.6984 0.8170 1.8680 -1.4094 3.4675 16.4459 -1.6317 0.6230
Cyclist -1 -1 -1.8341 381.1566 775.6396 502.7203 962.4537 1.6619 0.7171 1.9262 -5.5456 3.3649 15.9010 -2.1848 0.3630
Car -1 -1 -1.2454 0.0000 711.2458 594.3073 1216.0000 1.5757 1.8637 4.2905 -2.8370 2.0997 6.8173 -1.7167 0.9300
Car -1 -1 -1.4064 319.3195 741.8311 616.2261 1009.1959 1.6069 1.8386 4.0290 -4.0752 2.7898 12.9918 -1.7316 0.7000
Car -1 -1 -1.4559 610.4109 803.1892 708.1224 892.9907 1.5444 1.8244 3.9990 -7.1972 6.0791 35.9728 -1.6464 0.6892
Car -1 -1 -1.4776 636.4159 807.5878 714.7492 880.8410 1.4601 1.7724 4.0700 -8.0456 6.8973 42.4038 -1.6565 0.4709
Car -1 -1 1.7846 419.8692 816.0924 523.6626 894.3935 1.6142 2.0021 4.3097 -14.3265 7.5267 44.0056 1.4767 0.3434
