Pedestrian -1 -1 1.4363 984.1431 770.5055 1082.8167 1014.0027 1.6575 0.6478 0.6628 0.5189 2.7588 10.9564 1.4997 0.5599
Pedestrian -1 -1 -1.6549 795.6675 790.8721 821.8745 860.8423 1.7054 0.6280 0.5899 -3.9212 6.0092 38.4325 -1.7467 0.4895
Pedestrian -1 -1 -2.6060 368.7952 753.5318 504.3251 1031.1346 1.5485 0.6081 0.5473 -3.1469 2.3523 9.0021 -2.9866 0.4089
Pedestrian -1 -1 1.5477 888.5195 786.1470 918.9982 868.0470 1.6695 0.6463 0.6244 -1.2377 5.1665 32.1043 1.5203 0.3621
Pedestrian -1 -1 0.4710 418.7827 780.0051 544.8520 1003.9321 1.3727 0.6142 0.5976 -3.1897 2.4437 9.9841 0.1272 0.2979
Cyclist -1 -1 -1.5596 771.8190 766.4307 838.0962 924.9973 1.6655 0.7675 1.8093 -1.8988 3.4870 18.3113 -1.6591 0.7222
Car -1 -1 -0.8659 0.0000 686.6783 415.6436 1216.0000 1.4710 1.7293 3.7282 -2.8181 1.7165 3.9920 -1.6830 0.7132
Car -1 -1 -1.5215 635.8551 793.1686 702.8900 861.6804 1.5612 1.8309 4.2630 -9.1799 7.1335 47.2875 -1.7042 0.6336
Car -1 -1 -1.5145 610.2566 796.0344 687.7719 876.4637 1.5681 1.7615 3.6555 -8.1594 6.2887 39.3172 -1.7117 0.5865
Car -1 -1 -1.4990 539.3218 804.0477 662.7359 927.2047 1.4296 1.7354 3.7480 -5.9722 4.6787 25.1328 -1.7308 0.5821
Car -1 -1 1.8530 166.0287 781.1148 282.3357 854.2645 1.4777 1.8360 4.0026 -20.3379 6.0280 41.4311 1.3987 0.3478
