Pedestrian -1 -1 1.4102 978.0065 761.5325 1074.0332 998.3369 1.6601 0.6312 0.6835 0.4788 2.7253 11.2860 1.4679 0.7055
Pedestrian -1 -1 1.5155 862.7236 793.2527 893.2596 871.9056 1.6178 0.6372 0.6779 -1.8246 5.3416 32.7088 1.4705 0.4270
Pedestrian -1 -1 -1.6881 786.3192 794.5273 813.0409 862.7330 1.6536 0.6161 0.6950 -4.1819 6.0869 38.6786 -1.7860 0.4214
Cyclist -1 -1 -1.5499 761.8314 764.0168 834.6528 925.6395 1.7053 0.8416 1.8241 -1.9772 3.4999 18.3471 -1.6537 0.7249
Car -1 -1 -0.9388 0.0000 699.2379 425.7175 1216.0000 1.4353 1.7077 3.6498 -2.7904 1.7405 4.2134 -1.7103 0.8784
Car -1 -1 -1.4996 626.9386 785.4259 696.4326 852.3693 1.5507 1.8273 4.2711 -9.4742 6.8942 47.5515 -1.6876 0.6510
Car -1 -1 -1.4936 597.5402 794.1407 677.6848 870.4825 1.4616 1.7513 3.8355 -8.5109 6.1682 39.5738 -1.6983 0.5671
Car -1 -1 -1.3341 175.1684 758.7956 555.9209 1067.8860 1.3856 1.6841 3.7035 -3.8794 2.4894 10.3655 -1.7299 0.5212
Car -1 -1 -1.4641 563.0555 793.2922 665.1710 887.5101 1.5021 1.7719 3.8065 -7.5821 5.4372 32.9546 -1.6853 0.3617
Car -1 -1 -1.5712 851.9894 793.3452 980.5018 932.0713 1.4504 1.7440 3.7977 -0.6468 4.1669 22.2014 -1.5899 0.3458
Car -1 -1 -1.4737 526.5098 807.2930 653.8107 930.1802 1.4443 1.7273 3.7230 -6.2129 4.7785 25.3729 -1.7124 0.3045
Car -1 -1 1.8716 150.3680 782.8189 273.8792 858.6822 1.5243 1.9002 4.1511 -20.6529 6.1295 41.4092 1.4110 0.2801
