Pedestrian -1 -1 1.3335 951.2887 772.9891 1053.5743 994.5034 1.6062 0.6468 0.8362 0.3170 2.8364 11.9499 1.3733 0.6430
Pedestrian -1 -1 1.5311 848.2589 793.6130 878.3207 871.5583 1.6393 0.6501 0.6566 -2.1886 5.4431 33.3581 1.4760 0.4088
Pedestrian -1 -1 0.1770 349.5780 734.2275 463.1248 1020.7765 1.6565 0.6449 0.5818 -3.4410 2.3649 9.3120 -0.2211 0.2710
Cyclist -1 -1 -1.5314 738.5712 762.8584 817.7532 930.2381 1.7185 0.8621 1.8982 -2.1719 3.4649 17.9498 -1.6494 0.5656
Cyclist -1 -1 1.3295 950.1409 773.7802 1055.5067 1000.4958 1.6287 0.6492 0.9166 0.3180 2.8679 11.9325 1.3695 0.1142
Car -1 -1 -1.0033 0.0000 697.8833 427.5373 1216.0000 1.4819 1.7836 3.9320 -2.9025 1.8044 4.5196 -1.7420 0.9284
Car -1 -1 -1.4490 582.3268 791.4913 672.0879 871.0130 1.5663 1.8512 3.9600 -8.9006 6.2647 40.1205 -1.6602 0.6130
Car -1 -1 -1.3385 157.5394 755.8893 536.7079 1072.1375 1.4840 1.7371 3.7916 -4.1409 2.5985 10.7058 -1.7440 0.5130
Car -1 -1 -1.5236 620.9461 796.9999 689.4156 869.1268 1.6685 1.9064 4.4632 -9.7984 7.4779 48.1343 -1.7153 0.4702
Car -1 -1 -1.4536 553.1340 794.5868 657.1762 887.0349 1.4744 1.7902 3.9574 -7.9041 5.5092 33.4938 -1.6803 0.4545
