Pedestrian -1 -1 1.3730 948.0929 778.7236 1033.7460 976.5034 1.6465 0.6498 0.7297 0.2590 3.0784 13.5067 1.4048 0.5831
Pedestrian -1 -1 -2.1886 1675.8015 673.8977 1936.0000 1216.0000 1.6576 0.5980 0.4998 2.6513 1.8200 4.6889 -1.5087 0.4485
Pedestrian -1 -1 -2.0405 1362.1931 675.6082 1573.1775 1157.5178 1.6847 0.5922 0.5271 1.8662 1.8827 5.5631 -1.6169 0.4208
Pedestrian -1 -1 1.5083 851.9984 804.2549 883.0416 879.9834 1.6603 0.6899 0.6754 -2.1934 5.8955 34.9378 1.4565 0.3641
Pedestrian -1 -1 3.3197 276.8694 818.7011 332.1065 932.4551 1.4480 0.6441 0.6018 -9.0993 4.1851 20.7348 2.8961 0.3182
Pedestrian -1 -1 1.8020 364.0194 835.1949 400.4576 916.8052 1.6955 0.6373 0.5667 -12.7974 6.3904 33.0621 1.4352 0.2666
Pedestrian -1 -1 2.9950 1010.6911 779.9387 1042.6932 866.8257 1.7090 0.6878 0.5791 1.3570 4.9713 31.0977 3.0529 0.2584
Cyclist -1 -1 -1.5528 750.7763 783.4998 828.3512 957.9610 1.6990 0.8428 1.8534 -1.9617 3.6329 17.2733 -1.6630 0.6461
Car -1 -1 -1.1451 0.0000 719.5320 525.2297 1216.0000 1.4289 1.7906 4.2446 -2.8689 1.9300 5.6852 -1.7245 0.9459
Car -1 -1 -1.4635 573.5079 803.2432 671.4512 894.6495 1.5143 1.7815 3.8533 -7.7806 5.8847 34.6351 -1.6785 0.6970
Car -1 -1 -1.4540 604.1437 795.8132 682.8304 864.4969 1.3726 1.6758 3.6432 -8.6961 6.2919 41.1563 -1.6548 0.5378
Car -1 -1 -1.5037 548.7335 808.6660 660.1337 921.6044 1.4054 1.6811 3.5789 -6.3003 4.9202 26.7004 -1.7329 0.4773
Car -1 -1 -1.4729 633.4503 799.0800 706.2163 869.2943 1.6977 1.9044 4.2727 -9.5590 7.7002 49.3259 -1.6548 0.3927
Car -1 -1 0.7958 341.6326 787.6312 665.8147 943.9703 1.3716 1.6105 3.6530 -5.5089 3.4959 17.9535 0.4887 0.2845
