Pedestrian -1 -1 1.4705 935.3778 766.2396 1020.3157 982.5867 1.6469 0.6336 0.7719 0.1264 2.8509 12.3288 1.4922 0.5064
Pedestrian -1 -1 1.5340 861.6473 802.2178 891.6137 878.2850 1.6176 0.6577 0.5957 -1.9064 5.6443 33.6356 1.4883 0.3784
Pedestrian -1 -1 -1.6633 777.4721 848.0288 802.3815 915.9254 1.6477 0.5978 0.5943 -4.4634 7.5097 38.9387 -1.7667 0.3632
Pedestrian -1 -1 1.5087 839.9191 798.9540 870.5433 877.1486 1.6854 0.6662 0.6634 -2.4315 5.7147 34.2494 1.4483 0.2308
Cyclist -1 -1 -1.5431 750.2443 768.5899 828.4938 939.3447 1.7383 0.8679 1.8997 -2.0273 3.5488 17.8599 -1.6531 0.6872
Car -1 -1 -1.0411 0.0000 703.8419 465.6889 1216.0000 1.4635 1.8115 4.1721 -2.9331 1.8393 4.9188 -1.7254 0.9300
Car -1 -1 -1.4286 584.5570 804.8038 672.8427 880.2235 1.4606 1.7684 3.8456 -8.9210 6.5561 40.3775 -1.6386 0.6088
Car -1 -1 -1.5049 615.7380 792.4603 686.9188 862.4955 1.6311 1.9226 4.5073 -9.9899 7.3265 48.4715 -1.6992 0.5695
Car -1 -1 -1.4208 554.8721 804.9224 660.5490 894.9695 1.4460 1.7517 3.8192 -7.9358 5.7593 33.8607 -1.6456 0.5223
Car -1 -1 1.3743 0.0000 758.8120 177.3507 944.7274 1.3931 1.6622 3.7960 -9.8719 2.9927 15.9279 0.7921 0.2656
