Pedestrian -1 -1 1.4378 940.1931 769.5392 1024.4091 973.0246 1.6256 0.6454 0.6848 0.1722 2.9052 12.8552 1.4630 0.4680
Pedestrian -1 -1 -1.4440 1682.0785 624.3034 1936.0000 1216.0000 1.6770 0.6302 0.6100 2.4898 1.6755 4.2227 -0.7192 0.4593
Pedestrian -1 -1 1.4913 850.1398 802.1000 881.4374 881.5009 1.7004 0.6667 0.7196 -2.1879 5.8023 34.2162 1.4382 0.3720
Pedestrian -1 -1 -1.6547 775.0603 860.3271 801.0964 932.1036 1.7339 0.6288 0.6234 -4.5056 7.9131 38.8857 -1.7590 0.2914
Pedestrian -1 -1 1.2890 1346.4049 922.3460 1432.4998 1125.5061 1.6644 0.6235 0.5627 3.8275 4.3871 13.3972 1.6044 0.2571
Cyclist -1 -1 -1.5231 748.8982 768.7393 825.6669 934.2848 1.6681 0.8062 1.8431 -2.0301 3.4575 17.6577 -1.6349 0.6719
Car -1 -1 -1.0726 0.0000 713.1182 479.0076 1216.0000 1.4484 1.7948 4.1248 -2.9236 1.8795 5.1313 -1.7264 0.9457
Car -1 -1 -1.4396 589.7748 801.4817 673.1031 872.1797 1.3740 1.7072 3.7568 -8.9200 6.4074 40.6882 -1.6481 0.5571
Car -1 -1 -1.5293 617.7581 797.9808 687.2651 871.9971 1.6997 1.9706 4.8272 -10.0025 7.6333 48.7321 -1.7225 0.5269
Car -1 -1 -1.3755 527.5194 792.3091 643.1778 884.2075 1.4339 1.7052 3.5766 -7.9252 5.1990 31.8080 -1.6158 0.3506
