Pedestrian -1 -1 1.3803 951.6324 783.6885 1035.8807 974.3113 1.6153 0.6513 0.7794 0.2911 3.1304 13.8337 1.4143 0.6201
Pedestrian -1 -1 1.4803 865.6535 801.1944 896.2349 874.7485 1.6372 0.6748 0.5932 -1.8959 5.8326 35.2492 1.4377 0.3739
Pedestrian -1 -1 -2.1298 1339.2629 687.6271 1538.5214 1146.6793 1.6811 0.5769 0.5042 1.8557 1.9390 5.8525 -1.7323 0.3553
Pedestrian -1 -1 -2.2109 1635.2649 672.0123 1906.0240 1216.0000 1.6999 0.6029 0.5468 2.6599 1.8648 4.9605 -1.5676 0.3460
Pedestrian -1 -1 3.2349 291.9915 823.3043 338.7071 938.6823 1.4908 0.6226 0.5524 -9.0742 4.3308 21.0228 2.8183 0.2747
Pedestrian -1 -1 1.4739 853.5347 800.3633 884.3469 873.9045 1.6563 0.6832 0.6600 -2.2166 5.9074 35.8548 1.4231 0.2721
Pedestrian -1 -1 1.7620 381.6165 852.6959 415.9847 933.6761 1.6891 0.6206 0.5628 -12.5474 6.8224 33.3704 1.4058 0.2716
Cyclist -1 -1 -1.6333 772.0215 799.6539 856.1239 981.1855 1.7273 0.8486 1.8796 -1.7113 3.8465 17.1398 -1.7286 0.6198
Cyclist -1 -1 -1.7419 308.8841 784.9172 421.9662 983.1381 1.6818 0.7240 1.9190 -6.1236 3.4275 15.3111 -2.1412 0.5002
Car -1 -1 -1.1679 0.0000 723.0584 538.7720 1216.0000 1.4527 1.7854 4.0659 -2.8426 1.9794 5.8805 -1.7224 0.9419
Car -1 -1 -1.4596 584.7220 805.3239 679.5890 894.1389 1.4941 1.7349 3.6888 -7.6150 5.9338 34.8785 -1.6683 0.7678
Car -1 -1 -1.4730 606.6529 801.6788 684.8754 872.9748 1.3903 1.7081 3.9784 -8.6950 6.5366 41.4694 -1.6719 0.6222
Car -1 -1 -1.4867 637.0125 794.2673 706.9123 863.4192 1.6982 1.8856 4.1406 -9.5096 7.5385 49.4157 -1.6674 0.3076
