Pedestrian -1 -1 1.3884 950.4373 767.9534 1035.5226 968.5524 1.6363 0.6365 0.7213 0.2706 2.9357 13.1789 1.4215 0.5867
Pedestrian -1 -1 -0.8158 1424.4346 715.1457 1677.6462 1216.0000 1.5920 0.6006 0.5750 2.0536 1.9315 5.2486 -0.3246 0.4348
Pedestrian -1 -1 -2.2015 1712.7629 662.9822 1936.0000 1216.0000 1.6584 0.6309 0.5281 2.6422 1.7776 4.3899 -1.4765 0.4324
Pedestrian -1 -1 1.4971 851.2952 802.1432 881.3937 876.6294 1.6152 0.6538 0.6626 -2.1966 5.7551 34.5593 1.4444 0.4033
Pedestrian -1 -1 1.3209 1346.9818 911.2801 1432.7157 1118.5370 1.7111 0.6394 0.5525 3.8496 4.3459 13.4625 1.6364 0.3317
Pedestrian -1 -1 3.0134 997.4777 778.5940 1029.4900 864.7321 1.6774 0.6726 0.5850 1.0706 4.8755 30.7593 3.0620 0.2871
Cyclist -1 -1 -1.4958 750.4622 779.9128 835.7153 951.5787 1.7017 0.8442 1.9221 -1.9468 3.6227 17.5579 -1.6030 0.5708
Car -1 -1 -1.0837 0.0000 713.5911 491.8323 1216.0000 1.4783 1.8231 4.3079 -2.9386 1.9248 5.2626 -1.7228 0.9643
Car -1 -1 -1.4754 590.9861 800.2329 670.4117 871.5264 1.3744 1.7225 3.8655 -8.9595 6.3916 40.7741 -1.6844 0.5453
Car -1 -1 1.6585 623.8151 799.0942 694.5237 868.7025 1.6493 1.8497 4.2466 -9.7820 7.5769 48.6811 1.4694 0.5158
Car -1 -1 -1.4820 531.5798 799.2812 647.1819 909.3834 1.3916 1.6747 3.4029 -6.5045 4.6853 26.4371 -1.7216 0.4496
Car -1 -1 -1.5082 564.8448 795.9249 659.1121 889.5137 1.5346 1.8368 4.0132 -7.9730 5.7146 34.4226 -1.7303 0.3904
