Pedestrian -1 -1 1.3779 961.3724 758.4107 1064.6202 993.8680 1.6840 0.6725 0.7881 0.3905 2.7617 11.6318 1.4256 0.6843
Pedestrian -1 -1 1.5234 848.0355 788.3765 878.6137 869.0006 1.7050 0.6594 0.7206 -2.2045 5.4217 33.6072 1.4683 0.4020
Pedestrian -1 -1 1.6157 876.1337 790.4882 906.3871 867.8768 1.6315 0.6369 0.5694 -1.5442 5.3225 33.0461 1.5800 0.3437
Pedestrian -1 -1 -1.7254 774.7949 826.0196 802.4002 893.8543 1.6302 0.6221 0.6493 -4.4669 6.8835 38.6673 -1.8302 0.3078
Cyclist -1 -1 -1.5299 755.0966 765.0081 834.3435 929.9634 1.7314 0.8788 1.8697 -2.0117 3.5353 18.2918 -1.6360 0.7339
Cyclist -1 -1 1.3754 960.9879 757.7386 1067.2047 999.5256 1.7143 0.6780 0.8666 0.3965 2.7879 11.6071 1.4238 0.1080
Car -1 -1 -0.9783 0.0000 711.6512 437.1569 1216.0000 1.4046 1.7284 3.8529 -2.8744 1.7842 4.5131 -1.7136 0.9454
Car -1 -1 -1.5073 621.3595 788.5965 690.2130 856.3647 1.5563 1.8387 4.4373 -9.7234 7.0491 47.8607 -1.6989 0.6297
Car -1 -1 -1.3489 139.0629 739.5952 533.8026 1063.1261 1.5029 1.7992 3.9394 -4.1272 2.4728 10.5424 -1.7604 0.6090
Car -1 -1 -1.4904 591.3074 790.7939 674.2599 869.7695 1.5521 1.8294 3.8663 -8.7228 6.2115 39.9678 -1.6981 0.5429
Car -1 -1 1.9786 121.6392 791.0015 254.7208 863.8432 1.4855 1.8638 4.0299 -21.6281 6.3823 42.0157 1.5056 0.2751
