Pedestrian -1 -1 1.2006 1052.7749 762.4368 1190.7012 1041.0825 1.6365 0.6487 0.8340 1.0300 2.5766 9.7406 1.3314 0.6900
Pedestrian -1 -1 1.4923 902.7075 778.0401 934.8535 861.9837 1.6608 0.6294 0.6174 -0.8882 4.8859 31.1557 1.4752 0.4770
Pedestrian -1 -1 -1.6948 818.7872 790.7134 846.5909 862.2980 1.7130 0.6351 0.6170 -3.2562 5.9497 37.8446 -1.7703 0.4548
Cyclist -1 -1 -1.6389 787.6893 764.3680 857.9137 917.9983 1.6589 0.7657 1.8062 -1.7629 3.5037 18.8283 -1.7275 0.6372
Cyclist -1 -1 1.1945 1051.6172 762.1861 1194.4954 1047.8850 1.6626 0.6499 0.9081 1.0344 2.6028 9.7212 1.3261 0.1369
Car -1 -1 -0.6761 0.0000 664.6853 359.4382 1216.0000 1.4466 1.7886 4.0671 -2.6581 1.5821 2.9554 -1.7074 0.7846
Car -1 -1 -1.5566 658.2668 785.7479 722.3872 853.7432 1.5218 1.8691 4.4274 -8.4349 6.8098 46.8319 -1.7258 0.7281
Car -1 -1 -1.4717 629.3621 793.7115 715.6817 875.7766 1.5625 1.7844 3.8030 -7.3850 6.1356 38.5421 -1.6534 0.5936
Car -1 -1 1.8885 167.1214 771.9637 295.3102 848.8918 1.5379 1.8973 4.1788 -19.6737 5.7361 40.4931 1.4377 0.4158
Car -1 -1 1.9724 28.0469 759.6255 186.7430 847.5466 1.4718 1.6880 3.8759 -18.8843 4.6508 33.2618 1.4524 0.3555
Car -1 -1 -1.4446 595.0283 799.8552 702.6036 898.1592 1.5193 1.7662 3.8609 -6.6524 5.5171 32.1818 -1.6428 0.3217
Car -1 -1 2.1742 0.0000 771.1417 54.3577 879.6932 1.4407 1.7895 3.9200 -18.5142 4.2836 27.1057 1.5658 0.3104
