Pedestrian -1 -1 1.2847 1083.4790 730.6317 1211.1799 1022.1803 1.6949 0.6250 0.7548 1.1568 2.3897 9.4116 1.4355 0.6501
Pedestrian -1 -1 -1.7373 817.5212 805.1782 846.1042 875.4259 1.6564 0.6196 0.6897 -3.2723 6.2593 37.7721 -1.8132 0.4257
Pedestrian -1 -1 1.4468 915.8854 777.5713 951.0612 864.0950 1.6667 0.6455 0.6827 -0.5710 4.8226 30.5315 1.4398 0.2843
Cyclist -1 -1 -1.6146 792.6890 764.1482 864.3502 923.3762 1.7232 0.8283 1.9044 -1.7014 3.5784 18.9263 -1.6991 0.7623
Cyclist -1 -1 1.2944 1075.7516 729.2906 1210.4050 1029.0691 1.7206 0.6404 0.8873 1.1248 2.4104 9.3998 1.4416 0.1177
Car -1 -1 -0.4869 0.0000 653.3034 359.7527 1216.0000 1.4788 1.8064 4.1561 -2.7610 1.5702 2.6975 -1.6069 0.8142
Car -1 -1 -1.5246 673.6557 786.6064 739.0853 851.7818 1.4677 1.7768 4.1366 -7.8833 6.7318 46.5264 -1.6833 0.5946
Car -1 -1 -1.4674 632.6711 793.9781 718.7712 873.0342 1.4823 1.7557 3.7856 -7.2670 6.0395 38.3529 -1.6472 0.5038
Car -1 -1 -1.4625 596.9161 782.1968 705.8876 882.4348 1.5585 1.8225 4.0388 -6.5357 5.1350 31.9100 -1.6593 0.3811
Car -1 -1 2.0851 0.0000 780.7078 60.0402 896.2822 1.5109 1.8212 3.8931 -18.2322 4.5358 27.0133 1.4829 0.3258
Car -1 -1 1.9360 200.2473 781.8181 329.5590 857.9426 1.5358 1.8488 4.1414 -19.0324 6.0686 41.0700 1.5044 0.2854
