Pedestrian -1 -1 1.0186 1220.7653 728.6080 1418.4983 1097.2983 1.6117 0.6374 0.7816 1.7193 2.1468 7.2560 1.3090 0.6038
Pedestrian -1 -1 -1.7226 856.7935 773.8019 885.7736 846.5533 1.6870 0.6214 0.6669 -2.2085 5.3760 36.6593 -1.7722 0.5481
Pedestrian -1 -1 1.5295 939.2725 757.4066 973.6572 849.8856 1.6971 0.6435 0.7522 -0.0972 4.2955 28.9381 1.5382 0.3737
Pedestrian -1 -1 -1.7456 1084.1631 743.2095 1187.8208 1018.9023 1.6887 0.5916 0.5554 1.1232 2.4783 9.6936 -1.6032 0.2941
Cyclist -1 -1 -1.5312 820.5052 740.5471 894.0233 895.0400 1.7725 0.8703 1.9347 -1.3389 3.3636 19.5969 -1.5928 0.6816
Car -1 -1 -1.4521 668.7263 775.1036 757.4033 854.1101 1.5001 1.7306 3.5508 -6.0987 5.4046 37.0677 -1.6077 0.7201
Car -1 -1 -1.5158 700.0267 776.3406 768.7526 842.4195 1.4907 1.7972 3.9281 -6.7945 6.2632 45.0931 -1.6563 0.6451
Car -1 -1 -1.4254 631.8546 781.1489 748.1797 883.2112 1.5439 1.7695 3.7560 -5.4296 4.9127 30.3418 -1.5970 0.6030
Car -1 -1 -1.1771 0.0000 716.6177 582.2507 1152.3263 1.5409 1.7935 3.8889 -3.3472 2.1611 8.1201 -1.6280 0.5564
Car -1 -1 -1.5069 561.2109 774.2991 697.3569 908.8681 1.4616 1.7663 3.8007 -4.9524 3.9325 22.7208 -1.7216 0.3329
Car -1 -1 -1.5198 715.2307 778.1665 777.7242 840.1560 1.5810 1.8466 4.0660 -7.2281 6.9853 50.6298 -1.6516 0.2703
