Pedestrian -1 -1 -1.7458 830.8273 787.5980 857.9138 856.3807 1.6285 0.5846 0.6151 -2.9351 5.7507 37.5202 -1.8135 0.4718
Pedestrian -1 -1 1.2836 1116.2104 731.0518 1249.7751 1028.6632 1.6633 0.6398 0.7021 1.3225 2.3304 9.0149 1.4625 0.4202
Pedestrian -1 -1 -1.6754 1050.0035 742.7130 1143.9491 987.8345 1.6864 0.6317 0.6447 0.9812 2.5726 10.9247 -1.5641 0.3633
Pedestrian -1 -1 1.4520 919.1906 773.2725 953.2764 858.5725 1.6671 0.6368 0.6567 -0.5200 4.7655 30.8631 1.4469 0.3625
Pedestrian -1 -1 1.4552 932.7844 775.3956 966.9504 862.6577 1.6629 0.6268 0.5895 -0.2314 4.7107 29.9567 1.4596 0.2692
Cyclist -1 -1 -1.5763 800.9752 760.2891 869.4692 916.5522 1.7102 0.8249 1.8687 -1.6011 3.5183 19.0059 -1.6548 0.7601
Car -1 -1 -0.4625 0.0000 638.7921 309.2288 1216.0000 1.5147 1.8129 4.0476 -2.6880 1.5566 2.4127 -1.6603 0.8136
Car -1 -1 -1.4658 612.0172 787.2974 714.3361 882.8715 1.4854 1.7181 3.6089 -6.2088 5.1059 31.4691 -1.6553 0.7137
Car -1 -1 -1.4282 643.5558 784.0440 733.5730 863.8079 1.5555 1.7430 3.5470 -6.9003 5.8053 38.1363 -1.5997 0.6715
Car -1 -1 -1.5378 668.4150 773.2562 734.2811 841.7642 1.6005 1.8284 3.9318 -7.9426 6.3651 45.9594 -1.7002 0.5400
Car -1 -1 -1.1718 0.0000 788.8008 136.1163 891.7113 1.3560 1.6572 3.6784 -16.9722 4.6211 27.8462 -1.7261 0.2970
Car -1 -1 -1.5597 693.8826 778.6714 749.8980 839.2424 1.5693 1.8292 4.1000 -8.2587 7.1221 51.8460 -1.7079 0.2431
