Pedestrian -1 -1 1.2631 1038.3423 754.4683 1160.4673 1020.4986 1.6504 0.6444 0.7188 0.9207 2.5611 10.0964 1.3768 0.5078
Pedestrian -1 -1 1.4968 889.2198 784.5197 921.7827 868.3232 1.6678 0.6441 0.7476 -1.1861 5.0952 31.7061 1.4705 0.4427
Pedestrian -1 -1 -1.7230 806.9981 790.9907 833.8342 860.2467 1.6603 0.5941 0.6524 -3.5900 5.9339 38.0916 -1.8069 0.3968
Pedestrian -1 -1 0.4100 389.9875 776.6899 530.6289 1012.6265 1.3592 0.6312 0.6511 -3.1254 2.3441 9.3719 0.0479 0.3100
Cyclist -1 -1 -1.6071 779.4634 760.7087 846.7871 918.7689 1.7150 0.7837 1.8317 -1.8851 3.5125 18.8341 -1.7025 0.7397
Car -1 -1 -0.7309 0.0000 670.9891 386.9462 1216.0000 1.4612 1.7691 3.9196 -2.6859 1.6246 3.2527 -1.6879 0.8248
Car -1 -1 -1.5369 648.4102 784.8290 714.3512 851.9497 1.5097 1.8427 4.3858 -8.7274 6.7716 46.9016 -1.7121 0.6965
Car -1 -1 -1.4529 617.1160 797.2292 704.9961 879.6501 1.5832 1.7716 3.7213 -7.7067 6.2606 38.6705 -1.6421 0.5619
Car -1 -1 1.8955 159.4002 785.3521 279.3192 856.6424 1.4243 1.7963 3.8920 -20.3285 6.0582 41.1415 1.4386 0.3714
Car -1 -1 2.0347 9.6808 765.5271 183.1308 855.8212 1.5048 1.7450 4.0015 -19.1736 4.8346 33.3592 1.5098 0.3249
