Pedestrian -1 -1 -1.7593 847.1368 779.3679 874.6346 851.5148 1.6863 0.5774 0.6138 -2.4789 5.5355 36.8970 -1.8158 0.4921
Pedestrian -1 -1 1.2134 1169.8600 716.6599 1334.7391 1058.1235 1.6188 0.6304 0.7705 1.4866 2.1194 7.7364 1.4495 0.4317
Pedestrian -1 -1 -1.6520 1082.4089 732.0970 1180.5195 998.5275 1.6894 0.6227 0.6002 1.1340 2.4330 10.0555 -1.5138 0.4287
Pedestrian -1 -1 1.5101 951.6769 766.9714 984.7694 852.9603 1.5901 0.6134 0.5797 0.1315 4.3700 28.9579 1.5270 0.3831
Cyclist -1 -1 -1.5800 817.6541 748.3032 883.9721 897.9217 1.6763 0.8126 1.8678 -1.4283 3.3488 19.3053 -1.6477 0.6832
Car -1 -1 -1.4386 664.9989 771.9578 753.9833 849.9649 1.5018 1.7105 3.5829 -6.2496 5.3620 37.4404 -1.5967 0.8537
Car -1 -1 -1.5530 690.9230 774.8800 755.9520 841.3212 1.4845 1.8337 4.1279 -7.1660 6.2504 45.3545 -1.7007 0.6894
Car -1 -1 -1.4195 562.9649 775.1802 716.0374 906.2968 1.4723 1.7519 3.6900 -4.8561 3.9756 23.0192 -1.6269 0.6874
Car -1 -1 -1.4288 625.4392 780.2668 738.7363 880.7980 1.5483 1.7560 3.6669 -5.6521 4.9266 30.6536 -1.6058 0.6560
Car -1 -1 -0.1736 0.0000 0.0000 1936.0000 1216.0000 1.4073 1.7368 3.7544 -2.7659 1.5015 1.7795 -1.5926 0.3669
Car -1 -1 -1.5877 717.0392 779.8042 773.7825 842.5898 1.6091 1.8342 3.9756 -7.3452 7.0896 50.8056 -1.7213 0.3362
Car -1 -1 1.9589 178.5810 771.7234 324.0801 853.3943 1.5754 1.9326 4.2776 -18.3575 5.6087 38.8934 1.5190 0.3023
