Pedestrian -1 -1 1.2875 1128.4937 733.2944 1269.7914 1044.1127 1.6322 0.6434 0.6816 1.3340 2.2735 8.4786 1.4802 0.5586
Pedestrian -1 -1 -1.7504 834.2764 781.9072 861.8361 851.3161 1.6339 0.5809 0.6833 -2.8355 5.6051 37.4225 -1.8156 0.3929
Pedestrian -1 -1 1.4506 934.5040 770.7614 968.9799 859.4996 1.6746 0.6226 0.5958 -0.1919 4.5982 29.6426 1.4562 0.3516
Pedestrian -1 -1 -1.6673 1062.2793 754.4082 1154.5083 1003.2111 1.6444 0.6029 0.5562 1.0209 2.5756 10.4664 -1.5468 0.3464
Pedestrian -1 -1 1.4810 921.9844 765.7908 955.3724 851.6975 1.6653 0.6319 0.6534 -0.4642 4.5729 30.5072 1.4774 0.3342
Cyclist -1 -1 -1.5657 802.7380 755.5410 877.2139 910.5450 1.7116 0.9039 1.9153 -1.5426 3.4719 19.1634 -1.6403 0.6862
Car -1 -1 -1.4588 650.4744 775.6124 738.0940 854.5494 1.5160 1.7509 3.7094 -6.7071 5.5252 37.8800 -1.6267 0.6438
Car -1 -1 -0.5155 0.0000 468.7426 282.8510 1216.0000 1.5981 1.8094 3.8832 -2.4907 1.5822 2.2256 -1.7516 0.6162
Car -1 -1 -1.4337 611.8621 774.5671 727.6340 874.3743 1.5582 1.8360 3.8119 -5.9944 4.8694 31.1369 -1.6188 0.5055
Car -1 -1 -1.5843 680.5654 778.6258 744.0748 846.0070 1.5454 1.8314 3.8058 -7.5957 6.4409 45.5928 -1.7405 0.4679
Car -1 -1 1.9632 196.9597 776.2994 332.6009 850.6775 1.4490 1.8319 4.0628 -18.3551 5.6686 39.6122 1.5308 0.3413
Car -1 -1 -1.5625 701.1978 783.2646 758.7123 847.1325 1.6401 1.8776 4.1803 -7.9231 7.3262 51.4960 -1.7051 0.2942
Car -1 -1 1.8889 292.7910 777.7169 394.2143 839.5981 1.4561 1.7986 3.9467 -19.4473 6.4913 47.2436 1.5030 0.2799
