Pedestrian -1 -1 1.0643 1269.0951 726.0016 1461.4869 1103.4160 1.5823 0.6182 0.6899 1.8392 2.0738 6.8754 1.3926 0.5873
Pedestrian -1 -1 -1.7747 866.8305 775.9333 896.0703 847.5449 1.6473 0.5929 0.6818 -1.9509 5.3747 36.5034 -1.8173 0.5325
Pedestrian -1 -1 1.4911 952.5219 758.0428 988.1566 851.1135 1.6754 0.6298 0.6926 0.1679 4.2302 28.3300 1.5094 0.3585
Cyclist -1 -1 -1.4789 827.6303 754.0967 902.5486 903.3677 1.7104 0.8041 1.8439 -1.2438 3.4926 19.6918 -1.5349 0.6583
Car -1 -1 -1.4537 677.7686 772.2676 770.7109 856.5568 1.6093 1.8183 3.6346 -5.7828 5.4221 36.8462 -1.6017 0.7444
Car -1 -1 -1.5603 712.7641 773.7273 774.8943 837.8873 1.4340 1.7631 3.8445 -6.4714 6.0928 44.7953 -1.6946 0.6983
Car -1 -1 2.0477 0.0000 743.8654 60.9165 876.7427 1.5756 1.8934 4.3785 -16.5589 3.6793 24.1462 1.4334 0.4946
Car -1 -1 -1.4784 721.1273 785.0981 786.3218 845.9874 1.5518 1.7850 3.8080 -6.9278 7.1390 50.2217 -1.6053 0.3624
Car -1 -1 -1.4377 640.2787 779.5878 752.3209 878.1584 1.5001 1.7501 3.6688 -5.3293 4.8449 30.4717 -1.6053 0.3479
Car -1 -1 1.9065 0.6614 759.3295 128.9650 833.2050 1.5231 1.7572 4.0994 -24.4648 5.4023 40.9684 1.3680 0.3145
