Pedestrian -1 -1 1.2784 1157.1747 696.1080 1311.5740 1036.6489 1.7017 0.6390 0.8069 1.4552 2.1065 8.0760 1.4991 0.6655
Pedestrian -1 -1 -1.6184 1065.4614 735.3287 1158.9701 995.7708 1.7007 0.6262 0.5973 1.0375 2.4894 10.3596 -1.4949 0.4878
Pedestrian -1 -1 -1.7399 835.7928 775.9182 863.2018 846.4916 1.6571 0.5821 0.6607 -2.7803 5.4499 37.1678 -1.8043 0.4536
Pedestrian -1 -1 1.4393 935.3148 767.0956 970.6409 855.3709 1.6415 0.6213 0.6285 -0.1657 4.4598 29.2889 1.4456 0.3666
Cyclist -1 -1 -1.6176 808.2144 753.7347 875.5568 903.5292 1.6673 0.7879 1.8522 -1.5585 3.4114 19.2765 -1.6926 0.7132
Cyclist -1 -1 1.2724 1157.2750 694.3394 1317.1050 1044.1698 1.7301 0.6444 0.8671 1.4605 2.1244 8.0338 1.4952 0.1002
Car -1 -1 -1.4952 663.6859 771.4276 744.7019 850.1699 1.5292 1.7221 3.5342 -6.4319 5.4034 37.7046 -1.6569 0.7794
Car -1 -1 -1.5601 690.8504 776.3050 753.8160 841.8155 1.4722 1.8154 4.0833 -7.2532 6.3144 45.6789 -1.7086 0.6718
Car -1 -1 1.9703 183.9137 765.0719 329.7585 844.0072 1.5410 1.9175 4.3195 -18.3495 5.4193 39.1819 1.5333 0.5469
Car -1 -1 -0.3242 0.0000 0.0000 1936.0000 1216.0000 1.4786 1.8171 3.9190 -2.7396 1.5164 1.9708 -1.6751 0.5465
Car -1 -1 -1.4368 554.5020 777.1566 703.9120 908.2421 1.4740 1.7688 3.7857 -5.0804 4.0476 23.3202 -1.6508 0.3816
Car -1 -1 1.8974 296.4573 774.7758 402.6184 838.9704 1.5055 1.8519 4.0811 -19.1172 6.4169 46.9160 1.5150 0.3263
Car -1 -1 2.0145 44.8322 747.1637 216.4916 834.7779 1.4567 1.7438 3.9509 -17.9632 4.2838 32.5513 1.5059 0.3220
Car -1 -1 -1.5565 708.9928 785.0891 765.4738 845.6114 1.5389 1.8167 4.0364 -7.6507 7.2644 51.3352 -1.6944 0.3024
