Pedestrian -1 -1 -1.6480 880.9803 772.8838 907.3652 846.3381 1.6813 0.5933 0.6439 -1.6180 5.2791 36.0041 -1.6818 0.5276
Pedestrian -1 -1 1.0067 1322.7888 679.2108 1559.2211 1116.0469 1.6478 0.6511 0.7621 1.9570 1.8879 6.1795 1.3990 0.5113
Pedestrian -1 -1 1.4190 985.0896 766.5828 1024.0865 863.6021 1.6843 0.6323 0.6192 0.7873 4.3037 27.3045 1.4613 0.4130
Pedestrian -1 -1 1.4775 967.5644 765.6765 1004.4809 862.7200 1.7203 0.6367 0.6693 0.4577 4.3793 27.8919 1.5068 0.2863
Cyclist -1 -1 -1.5138 848.3309 750.5884 918.4681 902.4053 1.7502 0.8025 1.9060 -1.0081 3.4937 19.7856 -1.5567 0.6645
Car -1 -1 -1.4707 649.3688 772.9261 764.1786 878.3259 1.5423 1.8268 4.0180 -4.9805 4.6892 29.7311 -1.6311 0.7830
Car -1 -1 -1.5268 716.3936 774.0421 784.4918 841.0313 1.4921 1.7851 3.8312 -6.1767 6.0916 44.1336 -1.6567 0.4308
Car -1 -1 -1.4586 680.3190 775.6113 773.6294 860.3339 1.5406 1.7699 3.7191 -5.5503 5.3391 35.8021 -1.6049 0.4124
Car -1 -1 -1.5395 739.9716 784.6309 803.8083 851.3098 1.6420 1.9095 4.1298 -6.1853 7.1258 49.2030 -1.6541 0.3815
Car -1 -1 1.9126 220.9873 779.2281 348.5029 854.8051 1.4343 1.7860 3.9039 -17.3921 5.6297 38.6355 1.4911 0.3091
