Pedestrian -1 -1 -1.7392 881.9592 767.0992 911.3877 839.3173 1.6145 0.5989 0.6548 -1.5279 5.0083 35.3108 -1.7715 0.6502
Pedestrian -1 -1 1.4283 1005.9496 764.9209 1047.6997 866.7841 1.6638 0.6415 0.6306 1.1228 4.1026 25.7054 1.4862 0.4098
Pedestrian -1 -1 0.8325 1477.0795 673.7817 1791.4905 1216.0000 1.6892 0.6267 0.7220 2.1409 1.8604 4.8271 1.3914 0.3956
Pedestrian -1 -1 2.6705 1382.3387 803.8256 1592.2362 1062.0566 1.1968 0.6973 0.8292 2.7295 2.1777 7.8243 3.0775 0.3908
Pedestrian -1 -1 1.5592 910.1146 783.7869 928.9918 838.9513 1.8324 0.6505 0.6310 -1.4466 7.3777 51.8672 1.5439 0.3270
Cyclist -1 -1 -1.5428 844.9566 745.8328 911.4285 889.4431 1.7102 0.8341 1.8506 -1.1077 3.4283 20.3131 -1.5895 0.6070
Car -1 -1 -1.4573 647.6799 764.4555 767.5712 872.4239 1.5563 1.8094 3.9002 -4.7866 4.4196 28.6917 -1.6176 0.7825
Car -1 -1 -1.5037 723.5542 775.1376 793.3454 839.4617 1.3868 1.7127 3.7914 -5.8209 5.9273 43.2534 -1.6283 0.6795
Car -1 -1 -1.4348 680.7656 766.8047 778.8567 851.1398 1.5232 1.7607 3.6954 -5.3732 5.0309 35.1096 -1.5795 0.5667
Car -1 -1 2.0382 59.3709 772.9325 258.4294 875.3565 1.4926 1.8394 4.1694 -15.9527 4.6704 29.9942 1.5448 0.2356
Car -1 -1 1.8773 216.4303 765.6108 354.1255 850.9897 1.6057 1.9405 4.3843 -17.0528 5.3927 37.9581 1.4561 0.2252
