Pedestrian -1 -1 -1.6475 907.6631 760.8293 936.7143 837.8524 1.6593 0.6163 0.6106 -0.8840 4.7547 33.7219 -1.6623 0.5647
Pedestrian -1 -1 1.5226 936.6771 764.2949 957.5978 818.9454 1.7186 0.6642 0.6646 -0.4667 6.3320 49.1457 1.5257 0.4859
Pedestrian -1 -1 1.4989 1054.1326 759.7769 1099.5748 876.4141 1.6991 0.6581 0.6385 1.7623 3.7909 22.8662 1.5921 0.4385
Cyclist -1 -1 -1.5481 858.9672 760.5358 924.2255 906.6258 1.7356 0.8336 1.9459 -0.9367 3.6894 20.5628 -1.5849 0.6587
Car -1 -1 -1.4448 694.6945 765.6808 794.9261 856.2050 1.5677 1.7421 3.5074 -4.7375 4.8531 33.1380 -1.5796 0.7536
Car -1 -1 -1.3928 645.4609 754.2715 783.5027 866.1899 1.5177 1.7558 3.7958 -4.3075 3.9871 26.6272 -1.5491 0.4686
Car -1 -1 -1.5637 727.8131 764.3888 797.7516 836.1777 1.4833 1.8060 3.9078 -5.3920 5.4882 40.8905 -1.6861 0.4506
Car -1 -1 -2.5962 1651.0985 675.8270 1936.0000 1216.0000 1.5943 1.8364 4.0382 3.7121 1.7969 3.8923 -1.6139 0.3467
Car -1 -1 -1.5706 761.5446 777.1354 816.7222 836.0554 1.4665 1.7288 3.6525 -5.6159 6.6465 48.9779 -1.6745 0.2880
Car -1 -1 -1.6571 1029.7678 759.2881 1235.0343 985.4297 1.6185 1.7670 3.9178 1.5869 3.1511 15.0628 -1.5315 0.2279
