Pedestrian -1 -1 0.7827 1654.0419 592.0267 1936.0000 1216.0000 1.7465 0.6605 0.6478 2.3139 1.6674 3.9414 1.5220 0.4806
Pedestrian -1 -1 1.5059 1010.5375 765.6529 1051.3470 871.9092 1.6999 0.6526 0.6417 1.1650 4.0927 25.1005 1.5668 0.4676
Pedestrian -1 -1 -1.6977 892.3193 767.9061 922.3425 843.9684 1.6892 0.6324 0.6246 -1.2617 5.0615 34.9080 -1.7227 0.4322
Pedestrian -1 -1 -3.3622 1314.6185 780.0659 1413.4912 992.3834 1.6250 0.6161 0.6833 3.2938 2.9330 12.2703 -3.0601 0.2726
Pedestrian -1 -1 1.5614 919.0947 775.3611 938.1112 828.4838 1.7340 0.6446 0.6545 -1.1138 6.9023 51.0345 1.5521 0.2440
Cyclist -1 -1 -1.5169 841.4560 752.9628 914.1971 895.2596 1.6959 0.8774 1.8955 -1.1201 3.5317 20.4857 -1.5636 0.5610
Car -1 -1 -1.4376 646.3036 775.0052 771.7917 885.6389 1.5428 1.7998 3.7606 -4.6296 4.5366 27.9226 -1.5969 0.8363
Car -1 -1 -1.4038 689.4286 780.9908 789.8896 864.7721 1.4646 1.7079 3.4606 -5.0454 5.2418 34.4335 -1.5417 0.6666
Car -1 -1 -1.5534 730.0591 774.7900 796.9792 842.8536 1.4122 1.7679 4.0261 -5.5526 5.8664 42.3447 -1.6746 0.4700
Car -1 -1 2.1934 0.0000 792.4510 202.8947 895.5257 1.4843 1.8596 4.0786 -17.5946 5.1440 30.5440 1.6668 0.2882
Car -1 -1 -1.5079 743.9778 777.3207 807.6032 838.8026 1.5080 1.7604 3.7741 -5.9335 6.6143 48.1702 -1.6204 0.2661
