Pedestrian -1 -1 0.9573 1431.0980 641.8066 1725.4303 1182.8179 1.7175 0.6622 0.7593 2.1055 1.7808 5.1853 1.4671 0.7203
Pedestrian -1 -1 -1.6866 881.0112 774.1906 907.7113 846.2662 1.6332 0.5762 0.5966 -1.5962 5.2234 35.6249 -1.7203 0.5974
Pedestrian -1 -1 1.4610 988.9042 764.5934 1029.9695 868.2003 1.7266 0.6559 0.7306 0.8438 4.2237 26.3465 1.5067 0.5009
Pedestrian -1 -1 2.3033 0.0000 549.0291 271.5145 1205.2179 1.7721 0.6584 0.5352 -2.4488 1.5672 4.3190 1.6100 0.3609
Pedestrian -1 -1 -0.1496 901.1072 703.2486 1060.0168 1084.6665 1.7132 0.6120 0.6858 0.0792 2.1090 7.2078 -0.1298 0.3454
Cyclist -1 -1 -1.6301 836.8574 753.6523 901.6234 904.0204 1.7567 0.7713 1.8480 -1.2547 3.5684 20.0803 -1.6852 0.6396
Car -1 -1 -1.4653 649.8901 772.9525 768.2188 882.1804 1.5632 1.8201 3.9942 -4.8073 4.6348 28.9828 -1.6242 0.7782
Car -1 -1 -1.5413 716.6180 776.2643 784.2943 843.9643 1.4591 1.7920 3.9425 -6.0793 6.0650 43.4541 -1.6711 0.6320
Car -1 -1 -1.4713 680.4236 771.4227 773.3533 858.6052 1.5805 1.7798 3.6823 -5.4762 5.2248 35.3137 -1.6178 0.5061
Car -1 -1 -1.4689 741.1743 783.4274 810.5476 846.1694 1.5526 1.8186 3.8084 -5.9797 6.9062 48.5886 -1.5810 0.2784
Car -1 -1 2.0233 69.3802 801.9590 260.9948 908.5137 1.5591 1.8764 4.1510 -16.3636 5.4782 30.9932 1.5351 0.2637
