Pedestrian -1 -1 -1.7263 893.7805 768.1110 922.7307 842.9722 1.6481 0.5900 0.5922 -1.2284 4.9932 34.5849 -1.7506 0.5614
Pedestrian -1 -1 0.8424 1678.1287 604.1333 1936.0000 1216.0000 1.6954 0.6452 0.5759 2.1878 1.6493 3.6182 1.6207 0.3339
Pedestrian -1 -1 1.4338 1027.2604 769.8848 1071.5286 876.8142 1.6611 0.6520 0.6213 1.4370 4.0645 24.4586 1.5077 0.3179
Pedestrian -1 -1 1.5630 927.7195 765.6056 946.9925 819.4465 1.7402 0.6455 0.6653 -0.8049 6.5167 50.4286 1.5595 0.2525
Cyclist -1 -1 -1.5119 847.0939 755.7506 915.6425 902.1830 1.7334 0.8051 1.8685 -1.0646 3.5939 20.3227 -1.5562 0.7026
Car -1 -1 -1.4440 647.3360 770.4140 773.4713 881.5672 1.5313 1.8009 3.8033 -4.5458 4.4031 27.5834 -1.6025 0.7448
Car -1 -1 -1.4111 686.6663 775.2396 789.6297 861.9423 1.5082 1.7456 3.5308 -5.0098 5.1036 33.9805 -1.5501 0.6529
Car -1 -1 -1.5611 727.8435 770.4575 795.1520 841.1929 1.4850 1.7923 4.0374 -5.5913 5.7951 42.1737 -1.6838 0.6327
Car -1 -1 -1.5312 745.8106 774.0472 806.8354 834.0735 1.4527 1.7501 3.8044 -5.8835 6.4252 47.8965 -1.6434 0.2533
Car -1 -1 2.2023 0.0000 790.4405 212.8048 895.2972 1.4908 1.8682 4.1401 -17.2657 5.0770 30.2375 1.6793 0.2122
