Pedestrian -1 -1 -1.7741 883.6146 774.2094 913.3694 847.7526 1.6331 0.5931 0.5973 -1.4727 5.1662 35.0270 -1.8051 0.5346
Pedestrian -1 -1 0.6638 1592.4445 665.2620 1936.0000 1216.0000 1.6709 0.6299 0.6732 2.3122 1.7982 4.3127 1.3347 0.5191
Pedestrian -1 -1 1.4710 1007.3155 760.9567 1049.1490 866.4769 1.7049 0.6556 0.6579 1.1323 4.0458 25.3871 1.5299 0.3901
Pedestrian -1 -1 1.5321 918.0819 785.2436 937.9224 840.1693 1.8085 0.6671 0.6383 -1.1484 7.3695 51.5297 1.5225 0.2947
Cyclist -1 -1 -1.5668 836.6078 749.8230 900.8972 892.6317 1.7021 0.8374 1.8706 -1.2535 3.4901 20.4495 -1.6206 0.5848
Car -1 -1 -1.4667 649.4374 778.7501 772.3556 891.4780 1.5451 1.8498 4.1724 -4.6757 4.6915 28.4511 -1.6242 0.7929
Car -1 -1 -1.5692 726.6424 779.3208 792.2887 847.1335 1.4074 1.7760 4.0632 -5.7553 6.0505 42.8400 -1.6935 0.6638
Car -1 -1 -1.4782 687.9288 774.7838 780.2889 861.7712 1.5344 1.7558 3.6435 -5.2076 5.1952 34.6617 -1.6199 0.5862
Car -1 -1 -1.4336 570.3776 764.3809 737.4700 911.3132 1.5204 1.7941 3.8043 -4.2348 3.6740 21.1362 -1.6318 0.4165
Car -1 -1 2.1074 37.0703 784.7166 248.4676 890.1882 1.5210 1.8681 4.1536 -16.3110 4.9594 30.0652 1.6063 0.2923
Car -1 -1 -1.4979 741.8092 785.0926 808.7286 848.1168 1.5128 1.8103 3.9222 -5.9301 6.8724 48.0372 -1.6105 0.2757
