Pedestrian -1 -1 0.9792 1377.4314 699.0900 1642.3512 1187.7186 1.6569 0.6493 0.7691 2.0346 1.9572 5.6269 1.4298 0.6872
Pedestrian -1 -1 1.4595 989.4870 767.2451 1029.2393 869.5436 1.7335 0.6464 0.6762 0.8543 4.3088 26.6974 1.5052 0.5213
Pedestrian -1 -1 -1.4438 859.1644 708.1110 999.2613 1069.8618 1.7097 0.6323 0.6332 -0.1493 2.1508 7.5780 -1.4610 0.4621
Pedestrian -1 -1 -1.7073 881.0233 772.1637 906.7567 842.2504 1.5947 0.5430 0.6200 -1.6179 5.1604 35.8567 -1.7414 0.4561
Cyclist -1 -1 -1.5838 849.7812 752.0408 911.8511 901.9517 1.7166 0.7778 1.8680 -1.0645 3.4727 19.7000 -1.6300 0.6955
Car -1 -1 -1.4575 652.4072 781.4143 769.0134 886.7012 1.5056 1.7926 3.9109 -4.8323 4.7814 29.3052 -1.6153 0.8363
Car -1 -1 -1.4697 682.6479 772.9417 772.6767 855.0764 1.4874 1.7304 3.6433 -5.5117 5.1998 35.6416 -1.6157 0.4571
Car -1 -1 1.8925 209.2533 760.8527 352.5172 844.9194 1.5664 1.9654 4.4618 -17.0350 5.2034 37.6865 1.4685 0.3751
Car -1 -1 -1.5379 722.9207 782.7629 789.8788 852.3683 1.5153 1.7717 3.8750 -5.9403 6.3396 43.6895 -1.6636 0.3251
Car -1 -1 1.7633 579.3313 770.0406 751.1473 906.2585 1.4667 1.7727 3.8243 -4.2643 3.7971 22.0964 1.5734 0.3197
Car -1 -1 2.0429 41.0575 756.0487 247.3199 859.9605 1.5845 1.9203 4.4062 -16.5994 4.4692 30.6625 1.5420 0.2935
Car -1 -1 -1.5507 746.6419 786.7771 808.1393 853.0592 1.6546 1.8785 3.7809 -5.9737 7.1622 48.9114 -1.6617 0.2906
