Pedestrian -1 -1 -1.6423 935.1407 778.0341 964.7543 862.4208 1.7133 0.5961 0.5901 -0.2437 5.0036 31.8175 -1.6377 0.5336
Pedestrian -1 -1 1.4980 1099.4850 765.7429 1153.9779 904.0052 1.6830 0.6630 0.7434 2.1379 3.5457 19.3875 1.6270 0.3913
Pedestrian -1 -1 1.5295 968.8692 787.6508 991.0975 848.5010 1.7743 0.6617 0.6687 0.5701 6.7914 45.7601 1.5553 0.3419
Cyclist -1 -1 -1.4863 869.4792 759.1184 941.0078 900.5399 1.7347 0.8357 1.8734 -0.7696 3.7166 21.1231 -1.5133 0.6764
Cyclist -1 -1 -1.6507 1553.7666 783.9943 1626.4418 943.1895 1.7066 0.7723 1.9159 8.0179 3.8514 19.1276 -1.2173 0.4896
Car -1 -1 -1.4018 644.1024 775.7552 794.8421 903.5011 1.5022 1.7511 3.6925 -3.7622 4.0947 23.8392 -1.5546 0.8813
Car -1 -1 -1.4155 703.5527 770.7424 816.4683 867.6092 1.5146 1.7325 3.5492 -4.0528 4.6749 30.6043 -1.5401 0.8099
Car -1 -1 -1.6086 760.4612 780.1223 831.5393 852.7852 1.3659 1.7106 3.7579 -4.3017 5.5727 38.5494 -1.7105 0.6807
Car -1 -1 2.1708 0.0000 747.2124 190.4083 865.9839 1.5825 1.8800 4.3827 -15.9589 3.9555 26.7743 1.6241 0.4011
Car -1 -1 -0.1533 0.0000 630.4751 202.2801 1216.0000 1.5201 1.8082 3.9167 -3.2098 1.5362 2.2555 -1.4498 0.3549
Car -1 -1 1.8485 395.1964 769.6560 497.2555 835.8299 1.6006 1.9561 4.3879 -16.5237 6.4829 48.1992 1.5239 0.3548
Car -1 -1 1.9574 298.8294 781.9355 428.4531 855.4131 1.4605 1.8434 4.0901 -16.1232 5.9362 40.5661 1.5823 0.3214
Car -1 -1 1.9651 160.4747 775.8437 320.9683 866.0004 1.4810 1.8319 4.0203 -16.0343 5.0707 33.5075 1.5174 0.3184
