Pedestrian -1 -1 -1.6741 919.3560 769.5412 948.8813 846.7846 1.5921 0.5863 0.6143 -0.5915 4.7610 32.4250 -1.6807 0.5474
Pedestrian -1 -1 1.5059 1070.3695 776.5613 1121.6395 911.0226 1.7325 0.6661 0.7490 1.8432 3.8542 20.5327 1.6130 0.4662
Pedestrian -1 -1 1.5071 958.0402 786.6711 979.7755 845.2810 1.7382 0.6448 0.6429 0.2354 6.8092 46.5409 1.5253 0.3859
Cyclist -1 -1 -1.5676 850.3597 759.5588 914.5461 903.2445 1.7375 0.8549 1.9329 -1.0899 3.7089 20.9093 -1.6113 0.5575
Car -1 -1 -1.4546 699.5837 773.1522 804.7922 865.4448 1.4568 1.7414 3.6371 -4.3139 4.7428 31.3157 -1.5845 0.7109
Car -1 -1 -1.4536 647.2446 780.5244 784.9099 902.2455 1.4373 1.7722 3.8803 -3.9547 4.2102 24.6738 -1.6085 0.6821
Car -1 -1 -1.6053 751.8496 781.6135 823.0926 855.2211 1.4207 1.7668 3.8102 -4.6253 5.7642 39.4374 -1.7128 0.6202
Car -1 -1 -0.3943 0.0000 0.0000 314.5958 1216.0000 1.7410 2.0086 4.4445 -3.0696 1.5416 2.5976 -1.5813 0.4972
Car -1 -1 1.8600 334.4536 777.4780 445.1696 848.4592 1.4922 1.8418 4.0447 -16.1525 6.0380 42.4715 1.5005 0.3256
Car -1 -1 -1.4970 771.9703 779.5905 839.8625 843.1575 1.4372 1.7151 3.7395 -4.6188 6.2739 44.8724 -1.5893 0.2933
