Pedestrian -1 -1 -1.6903 905.6436 759.5144 936.4038 836.3699 1.6379 0.6233 0.6356 -0.9038 4.6836 33.4780 -1.7060 0.5456
Pedestrian -1 -1 1.4906 936.6736 777.9915 958.0021 832.9049 1.6992 0.6496 0.6819 -0.4558 6.7194 48.6738 1.4940 0.3908
Pedestrian -1 -1 1.4539 1040.4645 762.4025 1089.8475 886.6096 1.7537 0.6597 0.8375 1.5558 3.8614 22.4937 1.5389 0.2980
Cyclist -1 -1 -1.6064 863.7546 762.4376 917.4047 897.8707 1.6246 0.6941 1.8299 -0.9984 3.6224 20.7834 -1.6459 0.7058
Car -1 -1 -1.4265 640.2029 761.6277 778.5007 880.4792 1.5677 1.8208 3.9494 -4.3365 4.1531 26.2886 -1.5858 0.8143
Car -1 -1 -1.4534 694.7402 765.4686 793.1596 854.6805 1.5235 1.7136 3.4641 -4.7079 4.7702 32.7925 -1.5890 0.7817
Car -1 -1 -1.5412 726.6826 763.3679 800.5149 836.7872 1.4704 1.8004 4.0887 -5.2428 5.3758 40.0590 -1.6627 0.4817
Car -1 -1 2.0731 0.0000 762.4952 183.1432 871.0409 1.4874 1.8799 4.2238 -16.5857 4.2686 28.0806 1.5322 0.4079
Car -1 -1 -1.4630 754.8013 768.9869 824.6473 829.0298 1.4335 1.7301 3.7115 -5.2895 6.0919 46.4882 -1.5664 0.3232
Car -1 -1 -1.6916 1034.6464 769.8054 1254.4044 987.8294 1.4818 1.7323 3.8476 1.6556 3.0909 14.6709 -1.5577 0.2858
