Pedestrian -1 -1 1.5281 1070.0229 767.0715 1120.7960 902.0340 1.7756 0.6882 0.7608 1.8699 3.8030 20.9229 1.6346 0.5641
Pedestrian -1 -1 -1.6902 910.3735 762.7883 941.9069 843.5029 1.6780 0.6209 0.6797 -0.7727 4.7332 32.7573 -1.7023 0.4593
Pedestrian -1 -1 1.4772 947.2190 785.9473 969.5514 844.9932 1.7769 0.6549 0.6727 -0.0937 6.9145 47.3431 1.4882 0.3898
Cyclist -1 -1 -1.5584 860.7283 766.6164 919.2604 905.6628 1.6553 0.7665 1.8441 -0.9652 3.6990 20.6341 -1.5965 0.6982
Car -1 -1 -1.4117 639.7868 774.9225 781.6644 896.8399 1.5180 1.7532 3.6331 -4.0870 4.1991 24.9087 -1.5704 0.8674
Car -1 -1 -1.4213 692.2048 772.5460 806.7988 875.0483 1.6780 1.8450 3.6660 -4.4136 4.9863 31.6587 -1.5525 0.7318
Car -1 -1 -1.6172 746.1958 774.8788 818.5286 848.5156 1.4505 1.7591 3.7756 -4.7812 5.6244 39.6159 -1.7282 0.6777
Car -1 -1 -0.5695 0.0000 485.4354 336.3242 1216.0000 1.6995 1.9162 4.3467 -2.9684 1.6322 2.9597 -1.6440 0.3723
Car -1 -1 -1.5283 765.9333 781.7555 830.2410 846.9825 1.4921 1.7387 3.7253 -4.9012 6.4428 45.2915 -1.6258 0.3306
Car -1 -1 1.8326 335.9277 777.0974 443.7167 848.6661 1.5008 1.8509 4.0682 -16.1522 6.0383 42.4692 1.4730 0.3136
