Pedestrian -1 -1 1.4786 1115.2134 772.5364 1173.1895 921.2898 1.7134 0.6559 0.7106 2.2354 3.5601 18.3335 1.6203 0.4902
Pedestrian -1 -1 -1.6003 949.7365 777.5767 979.1161 861.4496 1.6754 0.6036 0.5671 0.0631 4.8911 31.2093 -1.5857 0.3909
Pedestrian -1 -1 1.5207 981.0353 785.0981 1003.4226 844.3566 1.6956 0.6485 0.6321 0.9260 6.5343 44.8479 1.5548 0.3522
Cyclist -1 -1 -1.5670 873.8904 755.3076 943.0265 898.1833 1.7601 0.9347 1.9492 -0.7350 3.6949 21.2036 -1.5921 0.6352
Cyclist -1 -1 -1.8358 1559.2295 782.1793 1656.7996 939.9778 1.6598 0.7075 1.9061 8.0657 3.7345 18.7258 -1.3914 0.3072
Car -1 -1 -1.4246 641.6428 774.7375 801.3766 913.4052 1.5538 1.8432 4.0606 -3.6091 4.0811 23.1885 -1.5754 0.8230
Car -1 -1 -1.4310 706.5042 774.2623 819.0263 871.8792 1.4661 1.7094 3.6245 -3.8982 4.6326 29.8769 -1.5538 0.7377
Car -1 -1 -1.5327 758.0134 783.0974 832.7790 856.7524 1.3531 1.6949 3.7956 -4.1421 5.5559 37.7822 -1.6326 0.6462
Car -1 -1 1.9867 154.3095 772.0005 327.5335 867.2061 1.5398 1.8979 4.1788 -15.7017 4.9797 32.8519 1.5391 0.4128
Car -1 -1 2.2448 0.0000 749.3498 143.6260 872.2181 1.5679 1.8036 3.9036 -15.9014 3.8369 25.2328 1.6714 0.4076
Car -1 -1 1.9646 288.7286 781.4503 420.4824 855.0423 1.4369 1.8275 4.0596 -16.1082 5.8304 39.9268 1.5839 0.3350
