Pedestrian -1 -1 -1.6554 906.3974 762.9927 936.5031 843.2576 1.7042 0.6244 0.6623 -0.8912 4.8174 33.3534 -1.6707 0.6015
Pedestrian -1 -1 1.4634 937.3031 771.0528 958.4810 824.5422 1.6428 0.6257 0.6208 -0.4326 6.3807 48.1362 1.4670 0.4520
Pedestrian -1 -1 1.5289 1062.9595 763.9154 1109.7494 892.1522 1.7639 0.6589 0.6421 1.8052 3.8077 21.6461 1.6290 0.2475
Pedestrian -1 -1 1.4909 1035.7820 760.6633 1081.3267 880.0231 1.7294 0.6495 0.7060 1.4794 3.8336 22.8247 1.5712 0.2418
Cyclist -1 -1 -1.5744 856.8779 763.8476 917.8121 906.1577 1.7178 0.8115 1.8820 -1.0269 3.7469 20.8802 -1.6149 0.7804
Car -1 -1 -1.4314 640.8442 773.8997 780.1581 893.5963 1.5172 1.8209 3.9878 -4.2615 4.3053 25.9721 -1.5897 0.7840
Car -1 -1 -1.4375 698.3094 773.1753 798.8821 863.5765 1.5109 1.6841 3.4017 -4.5333 4.8801 32.2784 -1.5699 0.7512
Car -1 -1 -1.5518 734.9775 774.9956 803.4077 843.9167 1.3745 1.7102 3.6461 -5.0931 5.5789 39.9912 -1.6696 0.6186
Car -1 -1 -1.4998 759.1989 775.0428 825.6543 836.5559 1.4336 1.7366 3.8626 -5.1911 6.2849 46.3625 -1.6012 0.5774
Car -1 -1 -1.6985 1039.3617 768.5554 1269.6299 995.2527 1.4801 1.7280 3.8350 1.6780 3.0233 14.1364 -1.5579 0.3507
Car -1 -1 -1.6211 621.6838 773.4547 781.0435 945.2484 1.4508 1.6901 3.6918 -3.2242 3.4424 18.0592 -1.7994 0.2986
Car -1 -1 2.1527 0.0000 764.6366 231.6983 875.6429 1.4948 1.8693 4.2325 -15.6160 4.2927 27.7725 1.6333 0.2395
