Pedestrian -1 -1 -1.6207 935.0500 779.4136 963.7520 860.4281 1.6561 0.5935 0.6148 -0.2577 5.0073 32.1137 -1.6166 0.4632
Pedestrian -1 -1 1.4814 1079.9607 767.7169 1133.4642 906.8760 1.7534 0.6613 0.7123 1.9342 3.6940 19.9554 1.5961 0.4254
Pedestrian -1 -1 1.5141 967.5808 786.4797 990.3409 846.4868 1.7584 0.6721 0.6928 0.5427 6.7781 46.1007 1.5392 0.4165
Pedestrian -1 -1 -0.6046 1474.1776 721.6940 1699.8309 1163.6121 1.5997 0.6137 0.6001 2.4468 2.0032 5.8971 -0.1037 0.3155
Cyclist -1 -1 -1.6128 1541.5031 783.6222 1605.1028 935.5842 1.6652 0.7330 1.8719 7.9675 3.8408 19.4923 -1.1892 0.6060
Cyclist -1 -1 -1.4967 853.4296 764.9257 924.9628 908.7301 1.7562 0.8520 1.8942 -0.9946 3.8217 21.0978 -1.5349 0.5131
Car -1 -1 -1.3877 632.5614 771.8577 790.4537 901.7742 1.5417 1.8112 3.9181 -3.9413 4.1156 24.2101 -1.5455 0.8925
Car -1 -1 -1.4255 699.6313 779.9624 811.9833 879.4963 1.5570 1.7638 3.6159 -4.1781 4.9502 30.9001 -1.5526 0.7361
Car -1 -1 -1.5692 752.1008 781.1202 821.7729 853.3776 1.3650 1.7088 3.8131 -4.5017 5.6279 38.8213 -1.6755 0.6427
Car -1 -1 1.6564 550.5215 777.0788 737.1341 962.3287 1.4186 1.7076 3.7123 -3.4012 3.3053 16.5949 1.4492 0.5806
Car -1 -1 1.8790 394.2667 769.2544 499.3542 834.7775 1.5954 1.9513 4.3670 -16.5386 6.4701 48.3000 1.5548 0.3700
Car -1 -1 2.1386 0.0000 752.5711 199.7714 867.3309 1.5599 1.8543 4.2641 -15.9592 4.0742 27.2914 1.6012 0.3500
Car -1 -1 2.0057 277.8702 780.1176 411.5425 851.8975 1.4329 1.8239 4.0606 -16.7691 5.8920 40.8881 1.6195 0.3293
