Pedestrian -1 -1 1.4689 1107.6725 779.5773 1165.3728 920.4217 1.6413 0.6553 0.7642 2.1819 3.6144 18.6833 1.6050 0.5385
Pedestrian -1 -1 1.5175 978.8024 789.8068 1001.7204 850.4641 1.7516 0.6688 0.6262 0.8747 6.7759 45.2428 1.5504 0.5184
Pedestrian -1 -1 -1.6000 939.1532 775.0462 968.1929 861.4446 1.7402 0.6022 0.6279 -0.1633 4.9406 31.5554 -1.5929 0.3834
Pedestrian -1 -1 0.2043 172.9785 716.5947 308.2204 1071.1825 1.7126 0.6183 0.5562 -3.7411 2.2140 7.7987 -0.3123 0.2843
Cyclist -1 -1 -1.5682 873.0010 763.8073 934.5255 901.1684 1.6873 0.8328 1.8326 -0.8024 3.7399 21.1711 -1.5967 0.5319
Cyclist -1 -1 -1.6636 1567.8165 781.0713 1643.0046 943.6800 1.7060 0.7566 1.9453 8.0445 3.7718 18.7374 -1.2206 0.4903
Car -1 -1 -1.4220 646.1142 769.6335 796.7012 900.4404 1.5320 1.7793 3.7350 -3.6788 3.9896 23.5231 -1.5736 0.8612
Car -1 -1 -1.4263 703.7501 772.5535 815.9920 870.2154 1.5038 1.7266 3.4871 -3.9902 4.6505 30.1098 -1.5511 0.8132
Car -1 -1 -1.6035 762.6476 781.8926 833.3062 856.0817 1.3611 1.6974 3.9097 -4.2105 5.5830 38.1651 -1.7040 0.6546
Car -1 -1 2.2019 0.0000 760.3386 183.3573 882.4055 1.5676 1.8755 4.3734 -15.9679 4.1683 26.4614 1.6501 0.4146
Car -1 -1 1.9932 144.5804 762.7057 325.8261 858.3326 1.5347 1.9295 4.3618 -15.6801 4.7397 32.5714 1.5422 0.3412
Car -1 -1 1.8571 388.2209 779.3616 488.6709 845.0074 1.5502 1.8777 4.2062 -16.5462 6.6811 47.5336 1.5279 0.2991
