Pedestrian -1 -1 -1.6547 948.3720 775.8740 983.3477 866.5765 1.7920 0.6815 0.6541 0.0917 4.9629 31.0589 -1.6391 0.5513
Pedestrian -1 -1 1.4125 1119.9944 769.6145 1185.0515 926.1259 1.7643 0.6748 0.7834 2.2915 3.5430 17.9846 1.5602 0.4262
Pedestrian -1 -1 1.4951 989.8698 795.3987 1013.2959 855.7352 1.6930 0.6531 0.6477 1.1887 6.7695 44.1908 1.5357 0.3798
Cyclist -1 -1 -1.5177 880.8851 761.2148 948.2761 898.6486 1.6915 0.8388 1.8406 -0.6412 3.7084 21.1917 -1.5382 0.7119
Cyclist -1 -1 -1.8235 1591.0314 784.8342 1690.4678 947.4139 1.6664 0.7167 1.9187 8.2968 3.7356 18.3346 -1.3595 0.3122
Car -1 -1 -1.4192 644.9788 774.5481 798.7513 908.3704 1.4968 1.7429 3.6933 -3.5396 3.9535 22.7036 -1.5707 0.8833
Car -1 -1 -1.4257 714.7550 774.5900 827.0125 873.9202 1.4914 1.6843 3.3982 -3.6755 4.6030 29.3645 -1.5431 0.8530
Car -1 -1 -1.5998 766.4509 780.0165 840.5677 858.4234 1.4198 1.7427 3.9371 -3.9735 5.5030 37.3026 -1.6966 0.7094
Car -1 -1 -1.5594 797.9009 786.6435 858.2491 851.4706 1.4567 1.7489 3.9567 -4.0358 6.6270 45.7721 -1.6365 0.5138
Car -1 -1 2.1956 0.0000 759.4565 163.4920 885.8651 1.5573 1.8230 4.2647 -15.6177 4.0262 25.2555 1.6313 0.4805
Car -1 -1 1.9932 129.5319 768.0371 311.0682 864.2863 1.5006 1.8915 4.2500 -15.6721 4.7601 31.8946 1.5337 0.4155
Car -1 -1 1.9646 284.8383 779.5123 416.3460 852.5749 1.4211 1.8114 4.0189 -16.1040 5.7294 39.6517 1.5813 0.3429
