Pedestrian -1 -1 -1.6760 984.7065 774.1700 1021.8081 873.3140 1.7485 0.6295 0.6959 0.7777 4.5648 27.8470 -1.6345 0.5827
Pedestrian -1 -1 1.5342 1044.9817 766.9893 1071.7383 839.1815 1.7960 0.6799 0.6424 2.5199 5.5203 38.8611 1.6136 0.5200
Pedestrian -1 -1 1.4025 1215.9479 757.8633 1306.5552 970.6235 1.7022 0.6639 0.7947 2.5754 2.8864 12.9021 1.6314 0.4634
Pedestrian -1 -1 1.5511 1016.7117 804.2839 1038.0697 860.9344 1.7042 0.6722 0.6422 2.0953 7.4343 47.4350 1.6094 0.4358
Cyclist -1 -1 -1.5402 900.5999 763.5898 966.0565 900.4648 1.7029 0.8617 1.8889 -0.3812 3.7848 21.4938 -1.5473 0.4823
Car -1 -1 -1.3744 619.1546 777.3651 816.9646 944.4744 1.4962 1.7316 3.7136 -2.9263 3.5989 18.7327 -1.5287 0.9319
Car -1 -1 -1.4645 713.2756 777.9669 841.7035 899.7141 1.5518 1.7625 3.6070 -3.0463 4.3389 25.4204 -1.5775 0.9198
Car -1 -1 -1.5878 780.6903 774.2545 862.4049 861.9084 1.4651 1.7143 3.6154 -3.1247 4.9799 33.3069 -1.6723 0.7376
Car -1 -1 -1.5176 840.9854 775.2905 903.3612 835.2406 1.4975 1.7979 3.9745 -2.8987 6.6605 49.3462 -1.5647 0.5453
Car -1 -1 -1.5329 802.9055 779.3375 872.0977 848.4356 1.3597 1.6345 3.4916 -3.1969 5.5830 39.1220 -1.6043 0.5290
Car -1 -1 2.0375 127.5488 765.3387 325.0245 869.3546 1.5333 1.8265 4.2735 -14.5960 4.5507 29.9842 1.5805 0.5259
Car -1 -1 2.0718 266.6587 767.1207 422.5328 849.6695 1.4754 1.7304 4.0786 -14.8150 5.1174 36.1708 1.6838 0.5183
Car -1 -1 2.0621 334.9707 772.6191 474.3528 850.9323 1.6427 1.8734 4.2438 -15.5490 6.0142 42.0228 1.7117 0.4817
Car -1 -1 -1.2833 369.1934 751.6678 733.8985 1031.3193 1.4625 1.7142 3.5921 -2.8708 2.5714 11.2713 -1.5546 0.3933
