Pedestrian -1 -1 1.5031 984.0593 814.6121 1004.6548 868.2386 1.7569 0.6778 0.5998 1.1374 8.3299 51.5020 1.5391 0.4916
Pedestrian -1 -1 -1.5750 965.7866 785.0633 996.1255 870.6664 1.6482 0.6073 0.5950 0.4006 4.9190 30.2354 -1.5487 0.4207
Pedestrian -1 -1 1.5346 992.4774 798.0275 1015.7280 860.3233 1.7040 0.6539 0.6233 1.2281 6.7144 42.9644 1.5770 0.4065
Pedestrian -1 -1 1.3710 1132.5928 770.1472 1199.9048 932.1317 1.7103 0.6365 0.6915 2.2941 3.3760 16.7916 1.5291 0.3920
Cyclist -1 -1 -1.6036 886.8824 743.7265 953.2592 885.4951 1.7762 0.9046 1.9925 -0.6129 3.5625 21.4621 -1.6224 0.6029
Car -1 -1 -1.4093 645.0291 773.3721 807.3588 915.8702 1.5433 1.7553 3.6992 -3.3482 3.9058 21.9347 -1.5578 0.8842
Car -1 -1 -1.4280 718.8093 773.9636 833.1635 876.2463 1.5032 1.6849 3.3287 -3.4789 4.5207 28.5848 -1.5422 0.8571
Car -1 -1 -1.5690 773.3668 787.0526 847.2326 864.8193 1.3910 1.7023 3.6109 -3.6548 5.5450 36.4361 -1.6594 0.6638
Car -1 -1 2.1613 0.0000 745.9648 163.0572 866.3380 1.5019 1.7587 4.0139 -15.2165 3.6720 24.7748 1.5987 0.4895
Car -1 -1 1.9804 117.5363 766.1754 307.2859 868.9156 1.5501 1.9331 4.3509 -15.3354 4.6801 30.9065 1.5163 0.4017
Car -1 -1 1.9758 274.6310 768.9502 419.9616 848.9127 1.5297 1.9125 4.3186 -15.7572 5.4609 38.6333 1.5905 0.3805
Car -1 -1 1.8480 475.5756 757.8403 571.4456 823.1771 1.7343 1.9618 4.4631 -14.8604 6.4674 51.0099 1.5713 0.3178
