Pedestrian -1 -1 -1.6551 968.7980 785.3041 1000.0509 872.8658 1.6562 0.5807 0.5978 0.4577 4.8814 29.7535 -1.6265 0.4903
Pedestrian -1 -1 1.5220 993.5218 813.0474 1014.0113 866.7442 1.7255 0.6713 0.6241 1.4349 8.1278 50.5725 1.5643 0.4335
Pedestrian -1 -1 1.5585 1006.5460 775.3674 1030.3986 840.1379 1.7354 0.6643 0.6611 1.6071 5.9967 42.0074 1.6106 0.4013
Pedestrian -1 -1 1.4387 1140.4417 767.0569 1204.5876 930.2610 1.7006 0.6344 0.6313 2.3202 3.2976 16.4748 1.6014 0.3784
Pedestrian -1 -1 1.4322 1171.7169 768.1678 1240.5677 939.6177 1.6912 0.6448 0.5964 2.5453 3.2147 15.5887 1.6194 0.3734
Cyclist -1 -1 -1.5977 895.2606 759.8953 961.4176 901.3869 1.7644 0.9085 1.9277 -0.4898 3.7938 21.5009 -1.6101 0.6558
Car -1 -1 -1.4056 642.4495 775.1186 810.6313 921.0305 1.5109 1.7450 3.6928 -3.2211 3.8252 21.1777 -1.5540 0.9105
Car -1 -1 -1.4424 721.7093 776.8115 837.4319 883.9321 1.5252 1.6898 3.3711 -3.3146 4.5232 27.8126 -1.5540 0.8608
Car -1 -1 -1.5565 771.1440 782.2005 849.1793 863.9344 1.4477 1.7580 3.6692 -3.5576 5.4002 35.6807 -1.6465 0.7506
Car -1 -1 2.0143 298.9342 768.3096 446.6042 849.4120 1.5268 1.8648 4.1520 -14.7976 5.3620 37.8540 1.6436 0.3680
Car -1 -1 -1.4331 785.9097 789.2196 867.3917 859.1744 1.4103 1.6903 3.5088 -3.5916 6.0488 40.4128 -1.5114 0.2860
Car -1 -1 1.9107 437.6488 763.2652 548.4205 831.3146 1.6511 1.9738 4.4832 -14.9011 6.2898 47.8513 1.6148 0.2761
Car -1 -1 1.9953 131.9806 768.2725 328.3545 873.5543 1.5539 1.9465 4.3762 -14.6796 4.6737 30.3247 1.5410 0.2704
Car -1 -1 -1.5567 806.9839 784.8475 869.9472 852.8530 1.5211 1.7765 3.8527 -3.6295 6.5134 44.7033 -1.6268 0.2688
