Pedestrian -1 -1 -1.6490 986.4179 778.1257 1021.0825 872.9002 1.6944 0.6117 0.6496 0.7961 4.6138 28.1571 -1.6071 0.4352
Pedestrian -1 -1 1.4962 1198.8047 758.3509 1277.9384 964.3832 1.7465 0.6776 0.9280 2.5507 3.0266 13.8382 1.7075 0.4165
Pedestrian -1 -1 1.4873 1034.9745 765.7929 1062.8674 837.6550 1.8076 0.6870 0.6617 2.2981 5.5383 39.2626 1.5602 0.3862
Cyclist -1 -1 -1.5245 900.4790 765.1765 970.5732 905.0020 1.7345 0.8973 1.9413 -0.3482 3.8460 21.5217 -1.5299 0.5730
Cyclist -1 -1 1.5450 1200.7061 759.5354 1279.0898 968.5527 1.7344 0.6787 0.9763 2.5437 3.0124 13.6519 1.7587 0.1266
Car -1 -1 -1.3911 621.5472 778.1442 812.8431 940.5593 1.4889 1.7566 3.7357 -3.0096 3.6462 19.1633 -1.5459 0.9254
Car -1 -1 -1.4646 715.0067 790.6216 837.8241 905.5666 1.4479 1.7009 3.5353 -3.1073 4.4956 25.7273 -1.5783 0.8781
Car -1 -1 -1.5817 782.7494 776.9623 861.9833 861.4247 1.4275 1.6828 3.4915 -3.1252 5.0325 33.6356 -1.6652 0.6761
Car -1 -1 2.0617 264.7169 771.2401 420.2020 855.3020 1.5079 1.7232 4.2165 -15.0479 5.3051 36.6182 1.6730 0.6354
Car -1 -1 -1.4900 797.5745 779.6047 875.2930 851.8264 1.4229 1.6942 3.5485 -3.1996 5.6292 38.8782 -1.5619 0.5776
Car -1 -1 -1.5152 838.6221 779.5843 901.7730 841.1202 1.5567 1.8298 3.8837 -2.9783 6.8862 49.5754 -1.5636 0.5363
Car -1 -1 2.0685 95.6992 772.3481 295.1156 876.1765 1.4969 1.7648 4.0874 -14.9659 4.6078 29.4864 1.5943 0.5241
Car -1 -1 -1.2757 361.0024 748.5731 725.1370 1024.7386 1.5005 1.7475 3.6629 -3.0309 2.6150 11.6281 -1.5519 0.4035
Car -1 -1 -1.0770 357.7908 767.4281 490.5252 842.5296 1.6255 1.8291 4.1063 -15.2786 5.9089 42.7729 -1.4159 0.3997
