Pedestrian -1 -1 1.5064 1033.0251 771.5446 1059.8851 841.8538 1.7837 0.6788 0.6983 2.2614 5.7168 39.7567 1.5776 0.4621
Pedestrian -1 -1 -1.5898 991.2757 778.1668 1021.7205 869.1930 1.6430 0.5701 0.5902 0.8545 4.5756 28.3116 -1.5460 0.4520
Pedestrian -1 -1 1.5320 1005.5291 801.7999 1026.4344 855.7473 1.6513 0.6590 0.6768 1.7668 7.4126 48.3614 1.5825 0.3937
Cyclist -1 -1 -1.5515 898.7344 765.1534 966.7440 907.5285 1.7627 0.9139 1.9393 -0.3866 3.8622 21.4110 -1.5589 0.7027
Car -1 -1 -1.3771 623.4107 772.2074 816.2985 932.0735 1.5022 1.7685 3.7443 -3.0252 3.6082 19.4727 -1.5301 0.9512
Car -1 -1 -1.4500 711.4339 780.2550 841.2834 902.5273 1.6049 1.7905 3.6212 -3.1444 4.5013 26.0636 -1.5635 0.8183
Car -1 -1 -1.5645 780.1714 777.8356 859.8920 862.2783 1.4348 1.7078 3.5772 -3.1761 5.0968 33.9585 -1.6486 0.7909
Car -1 -1 2.1180 260.0133 769.2508 421.3186 851.9725 1.4869 1.7394 4.1557 -15.1300 5.2415 36.7075 1.7282 0.5868
Car -1 -1 1.9730 142.1598 767.5792 318.7101 867.4418 1.4857 1.7583 4.0733 -14.6715 4.5725 30.2727 1.5179 0.5159
Car -1 -1 -1.3062 398.1692 748.5314 748.6471 1020.1761 1.5090 1.7785 3.8554 -2.8895 2.6619 12.0077 -1.5602 0.4468
Car -1 -1 -1.5212 437.7741 763.0419 506.3550 827.3784 1.4867 1.7805 3.9154 -14.9295 5.9123 45.7870 -1.8313 0.3974
Car -1 -1 -1.4959 801.1449 784.0751 876.9242 855.7050 1.4366 1.7005 3.4835 -3.1845 5.8265 39.4975 -1.5659 0.3948
Car -1 -1 -1.4969 836.7576 780.6634 904.9412 844.7654 1.5949 1.9091 4.3117 -2.9737 7.0284 49.9843 -1.5446 0.3596
