Pedestrian -1 -1 1.5095 1176.1667 761.9748 1247.6820 948.4808 1.7153 0.6716 0.7880 2.4747 3.1142 14.8270 1.7012 0.5072
Pedestrian -1 -1 1.5737 1028.2135 769.8213 1052.1923 834.3011 1.6797 0.6426 0.6297 2.1561 5.6668 40.8061 1.6407 0.5046
Pedestrian -1 -1 1.5204 1003.8681 811.1014 1024.9323 864.6182 1.6880 0.6765 0.6115 1.7601 7.9027 49.6060 1.5699 0.4771
Pedestrian -1 -1 -1.6350 984.6561 782.3013 1016.1562 870.0577 1.6173 0.5801 0.6700 0.7588 4.7194 29.1302 -1.5955 0.4061
Cyclist -1 -1 -1.5861 897.2499 766.3188 963.1395 904.9307 1.7301 0.9084 1.8819 -0.4524 3.8592 21.5615 -1.5965 0.6610
Car -1 -1 -1.4043 638.9174 775.0305 813.7576 927.8751 1.5169 1.7401 3.6451 -3.0818 3.7383 20.2897 -1.5531 0.9364
Car -1 -1 -1.4692 722.1208 781.9011 836.1783 891.6888 1.4962 1.6770 3.4122 -3.2226 4.5107 26.9990 -1.5812 0.8865
Car -1 -1 -1.5399 774.3923 779.9604 855.0527 862.5705 1.4293 1.7187 3.6813 -3.3633 5.2373 34.8397 -1.6269 0.7441
Car -1 -1 -1.4537 793.9062 784.7618 873.4698 856.5070 1.4478 1.6801 3.4410 -3.3471 5.8855 39.7568 -1.5273 0.4377
Car -1 -1 1.9178 438.1989 759.7075 548.0446 826.1082 1.6297 1.9642 4.4059 -14.9757 6.1678 48.0908 1.6218 0.3089
Car -1 -1 1.9661 259.6565 774.1639 406.9813 855.9176 1.4867 1.8719 4.2089 -15.4288 5.3890 36.9903 1.5722 0.2912
Car -1 -1 2.2071 0.0000 777.2059 167.0866 914.2184 1.4761 1.8460 4.1211 -14.2971 4.0277 22.9356 1.6371 0.2768
