Pedestrian -1 -1 -1.6890 952.1960 771.9706 985.8551 861.7910 1.7464 0.6226 0.6643 0.1554 4.7937 30.6234 -1.6713 0.4308
Pedestrian -1 -1 1.4108 1127.2115 767.3760 1193.4592 926.7064 1.7419 0.6648 0.7749 2.3124 3.4403 17.4362 1.5643 0.3732
Pedestrian -1 -1 1.5635 982.0834 813.5002 1001.8265 867.5394 1.7864 0.6805 0.5857 1.0656 8.3634 51.8473 1.5979 0.3430
Cyclist -1 -1 -1.5459 885.2242 748.9010 949.1100 888.1149 1.7388 0.8430 1.8685 -0.6078 3.5814 21.2842 -1.5647 0.6016
Car -1 -1 -1.3948 644.7999 768.7182 807.6652 908.6664 1.5599 1.7660 3.6146 -3.4020 3.8771 22.2630 -1.5434 0.9230
Car -1 -1 -1.4042 709.4417 774.6636 828.7196 876.6949 1.5084 1.7212 3.4562 -3.6680 4.5961 29.0644 -1.5228 0.7509
Car -1 -1 -1.5796 767.0347 779.9833 841.8324 858.9577 1.4175 1.7358 3.8951 -3.8594 5.4473 36.8313 -1.6747 0.7316
Car -1 -1 2.1833 0.0000 743.5366 142.3333 866.4251 1.5339 1.7852 3.9970 -15.5237 3.6480 24.6181 1.6085 0.4883
Car -1 -1 1.9998 132.7315 764.7180 322.6141 864.8676 1.5504 1.9461 4.3939 -15.3489 4.7105 31.5769 1.5444 0.4405
Car -1 -1 -1.5100 789.5739 790.3033 859.6706 859.1605 1.4686 1.7324 3.7220 -3.8659 6.4088 42.7884 -1.5895 0.3858
Car -1 -1 -2.0072 1496.7761 792.4026 1936.0000 1216.0000 1.3746 1.6610 3.5682 3.3707 2.2754 6.1365 -1.3873 0.3642
