Pedestrian -1 -1 -1.6358 968.2852 778.7789 999.7704 866.8238 1.6794 0.5995 0.5962 0.4522 4.7894 29.9143 -1.6077 0.5028
Pedestrian -1 -1 1.4642 1148.2006 779.6434 1213.0098 945.1021 1.6684 0.6357 0.7038 2.3597 3.3773 16.1441 1.6328 0.4103
Pedestrian -1 -1 1.5358 1003.8898 776.8564 1027.1179 839.3746 1.6958 0.6450 0.6094 1.5344 6.0336 42.3792 1.5858 0.3812
Pedestrian -1 -1 1.4061 1127.8651 785.4639 1189.9053 935.9836 1.6146 0.6177 0.6235 2.2440 3.4771 17.0305 1.5588 0.2748
Pedestrian -1 -1 1.5061 984.5834 813.4240 1005.5473 865.7214 1.6833 0.6810 0.6650 1.1489 8.1486 50.9428 1.5424 0.2672
Cyclist -1 -1 -1.5952 894.1157 755.8460 963.4720 897.7966 1.7734 0.9525 1.9613 -0.4814 3.7452 21.5205 -1.6072 0.6495
Car -1 -1 -1.4492 719.7549 775.2859 834.8257 883.9570 1.5815 1.7242 3.4064 -3.4051 4.5902 28.2081 -1.5623 0.9050
Car -1 -1 -1.4096 642.7397 775.8279 808.4694 919.1806 1.5131 1.7649 3.7260 -3.3019 3.8826 21.6042 -1.5585 0.8593
Car -1 -1 -1.5730 770.7250 784.6141 848.0640 865.8500 1.4378 1.7608 3.7539 -3.6487 5.5007 36.0906 -1.6643 0.7311
Car -1 -1 1.9732 142.1663 772.3155 314.1248 868.3577 1.4907 1.8307 4.0243 -15.3669 4.8074 31.5876 1.5177 0.3502
Car -1 -1 1.9243 467.9598 755.1867 573.0073 821.0942 1.7322 1.9610 4.4766 -14.8751 6.3523 50.7241 1.6457 0.3074
Car -1 -1 1.9584 281.4659 767.3606 427.1292 848.9085 1.5514 1.9335 4.3732 -15.4409 5.4094 38.3050 1.5771 0.2903
Car -1 -1 -1.4871 791.8305 787.2493 866.2682 856.6934 1.4567 1.7296 3.6155 -3.6391 6.1770 41.6658 -1.5637 0.2795
