Pedestrian -1 -1 1.5690 1030.4550 773.5182 1056.4952 843.8543 1.8131 0.6944 0.6720 2.2248 5.8662 40.4247 1.6384 0.4956
Pedestrian -1 -1 -1.5616 986.6165 775.0393 1018.8748 869.6658 1.7348 0.6068 0.6393 0.8024 4.6613 28.8137 -1.5202 0.4850
Pedestrian -1 -1 1.3994 1169.8578 767.9882 1249.8240 957.9057 1.6931 0.6536 0.7298 2.3608 3.0934 14.2628 1.5902 0.4231
Pedestrian -1 -1 1.4954 1005.3448 806.3971 1026.5034 859.0560 1.6413 0.6578 0.6009 1.7904 7.6316 49.0479 1.5459 0.4031
Pedestrian -1 -1 -1.8892 1356.0598 807.0825 1504.5895 1166.4320 1.5225 0.5480 0.4855 2.1376 2.3892 6.8561 -1.5128 0.3478
Cyclist -1 -1 -1.5704 901.6532 773.1959 967.4866 911.9244 1.7156 0.9044 1.9105 -0.3726 3.9427 21.5002 -1.5769 0.5901
Car -1 -1 -1.4058 633.8976 773.5522 815.9079 926.1110 1.4465 1.7576 3.9587 -3.0504 3.6383 20.0562 -1.5550 0.9327
Car -1 -1 -1.4368 715.0302 778.4591 840.2599 892.3129 1.5305 1.7317 3.4724 -3.1929 4.4408 26.5884 -1.5497 0.8951
Car -1 -1 -1.5240 771.9880 776.9464 856.0302 860.4827 1.4529 1.7293 3.6377 -3.3558 5.1599 34.6065 -1.6115 0.7388
Car -1 -1 -1.4831 837.4390 784.5407 904.7823 847.2760 1.5850 1.8655 4.0362 -2.9874 7.1729 50.2903 -1.5306 0.4671
Car -1 -1 2.0049 128.7863 767.9195 317.7849 871.4356 1.5555 1.8368 4.2876 -14.9740 4.6911 30.6208 1.5466 0.4332
Car -1 -1 -1.4811 798.3741 783.1204 875.6232 856.4277 1.4885 1.7028 3.5430 -3.2675 5.8955 39.8660 -1.5524 0.3164
