Pedestrian -1 -1 1.5506 1016.9691 770.7311 1041.5591 837.8683 1.7776 0.6750 0.6567 1.8810 5.8500 41.4194 1.6100 0.5199
Pedestrian -1 -1 1.4091 1175.8329 774.2238 1245.4923 943.6411 1.6192 0.6196 0.6078 2.5204 3.1640 15.1573 1.5998 0.5177
Pedestrian -1 -1 -1.6651 969.8632 785.8168 1002.6768 873.3888 1.6364 0.5987 0.6124 0.4894 4.8419 29.4641 -1.6354 0.4577
Pedestrian -1 -1 1.4802 994.4434 808.5691 1015.4097 861.1389 1.6685 0.6563 0.6056 1.4577 7.8493 50.0057 1.5233 0.3841
Cyclist -1 -1 -1.5712 894.6911 766.3695 963.9966 908.7733 1.7858 0.9609 1.9822 -0.4531 3.9357 21.7293 -1.5814 0.6310
Car -1 -1 -1.4100 638.4411 774.9985 811.2014 925.8795 1.5315 1.7725 3.7342 -3.1801 3.8067 20.7911 -1.5595 0.9443
Car -1 -1 -1.4700 721.7786 778.0208 835.1998 887.1457 1.5331 1.7076 3.3641 -3.2909 4.5170 27.4497 -1.5824 0.8447
Car -1 -1 -1.5525 774.6954 783.4485 854.0363 866.4702 1.4266 1.7579 3.9415 -3.4300 5.4014 35.4636 -1.6395 0.7603
Car -1 -1 1.9545 426.3530 760.5778 542.3620 829.2996 1.6463 1.9485 4.4034 -14.9326 6.1243 47.0813 1.6531 0.3408
Car -1 -1 -1.4941 800.4045 786.4995 875.1916 857.5852 1.4620 1.7194 3.5667 -3.3141 6.0511 40.6780 -1.5648 0.3134
Car -1 -1 -1.5616 831.9036 783.8030 891.8966 848.0165 1.6650 1.9658 4.1447 -3.3699 7.3463 51.3526 -1.6154 0.2653
