Pedestrian -1 -1 1.5045 1061.2667 767.5366 1091.4886 845.5738 1.7128 0.6602 0.6606 2.6444 5.0263 34.4006 1.5964 0.6264
Pedestrian -1 -1 1.4845 1027.0377 770.2221 1051.5925 833.0121 1.7295 0.6605 0.6640 2.2464 5.9505 43.0975 1.5507 0.4085
Pedestrian -1 -1 -1.5640 994.0359 771.0400 1032.9247 881.7016 1.7725 0.6430 0.7084 0.8878 4.2819 25.3063 -1.5149 0.4077
Pedestrian -1 -1 1.2905 1328.9330 743.1226 1468.4655 1050.8147 1.7073 0.6455 0.7985 2.6234 2.4546 9.0354 1.6276 0.3659
Car -1 -1 -1.3562 544.6495 760.9873 790.5271 965.4241 1.5211 1.7427 3.5855 -2.8698 3.0835 15.3548 -1.5466 0.9466
Car -1 -1 -1.4040 678.2436 771.3156 832.5186 904.3717 1.4784 1.6998 3.3854 -2.9617 3.8143 22.1336 -1.5330 0.8407
Car -1 -1 -1.5022 759.8958 774.1454 859.0789 870.6748 1.4535 1.6954 3.5390 -2.9688 4.6095 29.8348 -1.5932 0.7159
Car -1 -1 -1.4803 824.1603 772.1113 903.5814 845.9093 1.6996 1.9805 4.6154 -2.9447 6.4721 46.1366 -1.5327 0.7140
Car -1 -1 2.1184 0.0000 744.9658 216.6854 867.9869 1.5804 1.8448 4.1912 -14.6547 3.7920 25.4371 1.5856 0.5416
Car -1 -1 1.9826 213.7030 776.7625 377.9405 868.9069 1.5127 1.8582 4.0922 -14.7320 5.1087 33.3603 1.5661 0.4084
Car -1 -1 2.2599 0.0000 748.0809 14.2745 891.1907 1.3873 1.7449 3.9467 -14.7889 3.1941 19.9367 1.6011 0.3580
