Pedestrian -1 -1 1.5671 1054.1799 768.1018 1082.5540 844.5461 1.7727 0.6808 0.6562 2.6070 5.2889 36.3642 1.6536 0.5549
Pedestrian -1 -1 1.3233 1270.4199 742.5262 1383.6018 993.6295 1.6811 0.6469 0.7759 2.6221 2.5606 10.7833 1.6034 0.5167
Pedestrian -1 -1 1.5263 1022.3208 786.2336 1044.7620 846.4656 1.7305 0.6556 0.6207 2.1711 6.6168 44.9759 1.5887 0.4175
Pedestrian -1 -1 -1.6593 995.0922 776.2000 1029.9266 873.3815 1.6312 0.5705 0.6166 0.9016 4.3362 26.4164 -1.6113 0.4059
Cyclist -1 -1 -1.5695 910.8602 755.9617 967.8837 888.8613 1.7038 0.8000 1.8311 -0.3091 3.7031 21.8960 -1.5728 0.6512
Car -1 -1 -1.3783 589.6135 773.9842 804.6439 952.2529 1.4321 1.7145 3.6934 -2.8716 3.3130 17.0010 -1.5477 0.9412
Car -1 -1 -1.4132 699.0348 774.5516 845.3676 906.6854 1.5816 1.7472 3.5050 -2.9168 4.1356 23.7343 -1.5300 0.8873
Car -1 -1 -1.5221 773.6101 777.7068 863.6069 867.8795 1.4181 1.6788 3.5869 -2.9519 4.8248 31.5175 -1.6067 0.7701
Car -1 -1 -1.4878 838.6332 771.4093 910.6680 837.0172 1.5482 1.8754 4.4764 -2.7104 6.4449 47.7089 -1.5330 0.6848
Car -1 -1 2.1629 20.7750 755.1832 259.4535 869.9055 1.5441 1.8238 4.0782 -14.6874 4.0830 27.0320 1.6575 0.5447
Car -1 -1 2.0773 225.7141 758.2645 400.6831 849.8541 1.5733 1.8491 4.2475 -14.7531 4.8304 34.3165 1.6707 0.4497
Car -1 -1 2.2240 0.0000 788.6095 59.4199 939.6892 1.4206 1.7973 4.0602 -14.5440 3.8942 20.5476 1.5910 0.3811
