Pedestrian -1 -1 1.5503 1056.7808 759.3968 1083.2256 829.8112 1.6215 0.6307 0.6422 2.6215 4.8974 36.0830 1.6377 0.6000
Pedestrian -1 -1 1.3659 1279.3970 739.2170 1385.8153 989.6458 1.6700 0.6265 0.7586 2.6533 2.5221 10.7434 1.6502 0.4572
Pedestrian -1 -1 -2.3877 0.0000 753.9968 281.7243 1216.0000 1.4430 0.6010 0.6703 -2.4547 1.8459 4.3438 -3.0720 0.4383
Pedestrian -1 -1 -1.8096 990.2824 781.4326 1031.2699 881.9149 1.6505 0.5832 0.6594 0.8611 4.4248 26.1250 -1.7628 0.3925
Pedestrian -1 -1 1.4848 1024.1890 778.7638 1047.0042 837.1725 1.6652 0.6365 0.6399 2.2184 6.2963 44.6836 1.5485 0.3619
Cyclist -1 -1 -1.6038 908.3080 768.5635 964.4552 900.5644 1.6426 0.7681 1.8488 -0.3764 3.8072 21.5924 -1.6105 0.7476
Car -1 -1 -1.3593 588.9532 780.4793 805.5141 957.0873 1.3799 1.6558 3.5092 -2.8102 3.2950 16.6212 -1.5293 0.8965
Car -1 -1 -1.4271 700.1779 784.5709 841.6746 909.0437 1.4328 1.6954 3.3901 -2.8909 4.1075 23.3341 -1.5451 0.7696
Car -1 -1 -1.4681 835.8938 771.5118 913.6645 841.0427 1.6334 1.9437 4.5914 -2.6823 6.5089 47.3815 -1.5131 0.6886
Car -1 -1 -1.5322 773.0175 781.6569 863.4244 871.7974 1.3770 1.7072 3.7423 -2.9452 4.8678 31.3924 -1.6170 0.6663
Car -1 -1 2.1353 19.3171 759.7996 246.4699 870.2486 1.4586 1.6985 3.9787 -14.6688 4.0548 26.7474 1.6256 0.6160
Car -1 -1 2.0924 225.2390 760.9131 408.9229 858.3278 1.6398 1.8739 4.3888 -14.4567 4.9273 33.8557 1.6883 0.4095
Car -1 -1 2.3291 0.0000 746.4313 42.8608 890.5257 1.4239 1.7702 4.0055 -14.7859 3.2507 20.3896 1.6821 0.3388
