Pedestrian -1 -1 -1.6085 993.0764 771.7776 1033.7236 882.0702 1.7452 0.6616 0.7100 0.8658 4.2336 24.9771 -1.5600 0.5049
Pedestrian -1 -1 1.4960 1064.1412 768.8744 1094.1107 845.3125 1.6568 0.6416 0.6413 2.6739 4.9589 33.9715 1.5898 0.4879
Pedestrian -1 -1 1.2707 1362.5292 723.8313 1526.2795 1072.9141 1.7497 0.6751 0.8327 2.6202 2.3203 8.1852 1.6446 0.3844
Pedestrian -1 -1 1.5280 1028.1970 770.9071 1052.5264 835.4586 1.7553 0.6729 0.6952 2.2516 5.9521 42.6291 1.5949 0.3840
Cyclist -1 -1 -1.6451 887.8063 739.4039 951.3683 876.5739 1.7888 0.8173 1.9521 -0.6386 3.5658 22.1979 -1.6641 0.3478
Car -1 -1 -1.3364 532.7920 757.9913 787.2876 967.0165 1.5235 1.7223 3.4657 -2.8590 3.0076 14.9113 -1.5327 0.9488
Car -1 -1 -1.4207 678.0528 765.3965 833.3344 905.6772 1.5483 1.7152 3.4655 -2.9027 3.7574 21.7631 -1.5495 0.9211
Car -1 -1 -1.5167 758.1741 769.2565 854.8414 865.7854 1.4415 1.6753 3.5400 -2.9970 4.4652 29.5221 -1.6099 0.7222
Car -1 -1 -1.4863 822.8483 773.6169 901.1636 847.6553 1.7047 1.9666 4.3947 -2.9704 6.4613 45.6039 -1.5401 0.7044
Car -1 -1 2.1365 0.0000 752.4834 207.9793 873.1605 1.4916 1.8131 4.1861 -14.6352 3.8115 25.0761 1.5976 0.6174
Car -1 -1 -1.4601 786.0240 770.7186 873.5358 847.3629 1.3761 1.6525 3.6089 -3.0827 5.0310 35.6507 -1.5369 0.4976
Car -1 -1 1.9812 191.8224 771.9074 357.6307 864.0282 1.4668 1.7983 4.0163 -14.7155 4.8409 32.2986 1.5519 0.3881
