Pedestrian -1 -1 1.5242 1019.0079 806.7610 1039.7330 862.3810 1.6589 0.6295 0.5671 2.1278 7.3818 46.7719 1.5839 0.4734
Pedestrian -1 -1 -1.6188 987.9844 771.7627 1024.8864 874.2870 1.7909 0.6545 0.7309 0.8273 4.5317 27.5414 -1.5751 0.4678
Pedestrian -1 -1 1.4020 1234.5026 752.4816 1326.3658 979.5217 1.7143 0.6377 0.6976 2.5670 2.7767 12.0814 1.6461 0.4488
Pedestrian -1 -1 1.5685 1049.1122 773.7845 1075.1825 845.1382 1.7272 0.6524 0.6320 2.5634 5.5409 37.9645 1.6508 0.3965
Cyclist -1 -1 -1.5691 903.9811 757.6288 961.2531 896.2606 1.7272 0.7849 1.9417 -0.3989 3.7190 21.4687 -1.5771 0.5265
Car -1 -1 -1.3696 608.2967 770.9133 814.4095 944.6718 1.5311 1.7518 3.7342 -2.9285 3.5015 18.2777 -1.5285 0.9346
Car -1 -1 -1.4473 710.7815 780.5555 844.3000 904.0331 1.5394 1.7547 3.5713 -2.9877 4.3246 24.9636 -1.5602 0.8184
Car -1 -1 -1.5463 777.5263 771.1622 860.6487 857.8230 1.4281 1.6913 3.6586 -3.0717 4.8252 32.8558 -1.6307 0.6783
Car -1 -1 -1.4851 834.6855 776.7766 902.5348 839.2776 1.5254 1.8117 4.0862 -2.9693 6.6777 48.6564 -1.5345 0.6693
Car -1 -1 2.0942 251.0189 774.0828 412.5831 859.9323 1.5020 1.7778 3.9755 -14.8408 5.2511 35.4965 1.6988 0.5406
Car -1 -1 2.0464 68.8043 770.8932 271.1183 879.5895 1.5327 1.7801 3.9965 -14.9423 4.5109 28.4958 1.5579 0.4821
Car -1 -1 2.0487 354.6675 764.4628 487.7535 837.8918 1.5349 1.7896 4.0691 -14.9113 5.6097 41.5238 1.7075 0.3765
Car -1 -1 -1.5196 799.4074 776.3580 871.6724 847.2297 1.3874 1.6397 3.4403 -3.1899 5.4566 38.4395 -1.5923 0.3717
