Pedestrian -1 -1 1.2621 1304.0221 739.4777 1437.2955 1023.6007 1.7019 0.6465 0.8058 2.6343 2.4752 9.6890 1.5766 0.4835
Pedestrian -1 -1 1.5184 1058.6636 773.6874 1087.5735 850.1173 1.6959 0.6474 0.6198 2.5964 5.1861 34.7575 1.6081 0.4811
Pedestrian -1 -1 -1.4999 1006.4277 772.6656 1045.2667 878.7912 1.7042 0.6046 0.6714 1.1015 4.2528 25.4214 -1.4423 0.4670
Pedestrian -1 -1 1.5300 1025.5068 786.4564 1049.6005 850.6901 1.7778 0.6823 0.6991 2.2184 6.5210 43.5472 1.5952 0.4492
Cyclist -1 -1 -1.5574 901.1385 762.4190 957.9275 895.9979 1.7131 0.7914 1.8861 -0.4505 3.8293 22.0680 -1.5673 0.4085
Cyclist -1 -1 1.2459 1305.5751 735.9181 1448.9874 1032.2485 1.7320 0.6631 0.8837 2.6263 2.4715 9.5170 1.5655 0.1104
Car -1 -1 -1.3562 556.0939 776.8500 793.6705 969.4816 1.4131 1.7057 3.5728 -2.8548 3.1859 15.6374 -1.5414 0.9637
Car -1 -1 -1.4074 682.9990 776.6482 836.0956 910.4242 1.5012 1.7213 3.4184 -2.9452 3.9579 22.4701 -1.5333 0.8941
Car -1 -1 -1.4992 828.2209 771.2966 903.6607 842.7670 1.6512 1.9562 4.6363 -2.9041 6.4288 46.4652 -1.5503 0.6877
Car -1 -1 -1.5399 763.9460 784.7659 854.1805 876.6087 1.3348 1.6664 3.7240 -3.0253 4.7769 30.2892 -1.6311 0.6637
Car -1 -1 2.1616 0.0000 757.9878 224.1179 877.4873 1.5156 1.7636 4.1390 -14.7250 4.0017 25.8128 1.6339 0.5295
Car -1 -1 2.0501 230.2311 776.3932 409.3568 873.6667 1.6042 1.9283 4.3676 -14.4273 5.2693 33.9278 1.6481 0.4645
