Pedestrian -1 -1 -1.6677 989.7634 772.0734 1031.2312 880.8563 1.7840 0.6604 0.7296 0.8489 4.3742 25.9374 -1.6212 0.5322
Pedestrian -1 -1 1.3551 1287.3091 731.3624 1402.7213 1002.8967 1.7287 0.6367 0.8335 2.6277 2.4938 10.3067 1.6493 0.5190
Pedestrian -1 -1 1.5041 1055.8594 769.1110 1085.4115 845.6530 1.7374 0.6677 0.6051 2.5873 5.1831 35.4216 1.5920 0.4126
Pedestrian -1 -1 1.5220 1024.0868 780.6516 1047.0620 840.3508 1.6860 0.6573 0.6442 2.1969 6.3307 44.2680 1.5858 0.4062
Cyclist -1 -1 -1.5626 899.2339 767.9547 958.8942 903.7281 1.7129 0.8326 1.9009 -0.4513 3.8915 21.8226 -1.5727 0.5148
Cyclist -1 -1 1.3478 1287.6873 729.1136 1411.2351 1009.4191 1.7462 0.6586 0.9209 2.6172 2.4879 10.1594 1.6453 0.1387
Car -1 -1 -1.3487 566.1021 773.4766 804.6044 968.1785 1.4843 1.7468 3.7008 -2.8391 3.2784 16.1696 -1.5259 0.9501
Car -1 -1 -1.4485 698.9493 779.4837 836.5217 906.4423 1.4626 1.6756 3.3555 -2.8990 4.0133 22.9966 -1.5690 0.8769
Car -1 -1 -1.5096 835.5402 771.9729 908.5587 843.6075 1.6829 1.9542 4.6085 -2.7464 6.5302 46.9693 -1.5564 0.7254
Car -1 -1 -1.5244 766.6966 777.5520 857.8620 867.2081 1.3608 1.6668 3.6079 -3.0121 4.6920 30.7953 -1.6135 0.6344
Car -1 -1 2.2149 0.0000 758.9791 240.5005 874.4349 1.4900 1.6991 4.0066 -14.6573 4.0321 26.2587 1.6971 0.5758
Car -1 -1 1.9876 200.4779 796.0584 368.6655 892.7159 1.5507 1.8814 4.2417 -15.1049 5.6448 33.6451 1.5658 0.4471
Car -1 -1 -1.5047 797.3881 780.3570 876.9547 855.7609 1.3819 1.6670 3.5434 -2.9823 5.3617 36.5079 -1.5763 0.3169
