Pedestrian -1 -1 1.4854 1066.3676 764.0049 1098.9742 846.0460 1.7316 0.6722 0.7069 2.6857 4.8467 33.1318 1.5818 0.6288
Pedestrian -1 -1 -1.6111 996.0524 772.7307 1034.9293 883.2523 1.7176 0.6177 0.6309 0.8809 4.1624 24.4120 -1.5610 0.6280
Pedestrian -1 -1 1.5542 1028.3416 774.1737 1052.5973 840.3702 1.7630 0.6714 0.6792 2.2122 5.9702 41.7914 1.6213 0.4005
Pedestrian -1 -1 1.2649 1368.3605 726.7200 1535.5966 1071.3127 1.6882 0.6616 0.8973 2.6239 2.2703 8.0771 1.6447 0.3621
Cyclist -1 -1 -1.5445 903.1037 748.6683 958.8055 880.7850 1.6952 0.7459 1.8754 -0.4267 3.5860 21.9010 -1.5536 0.5308
Cyclist -1 -1 1.2669 1370.2974 723.4116 1551.6548 1086.1648 1.7241 0.6892 1.0249 2.6203 2.2826 7.9396 1.6532 0.1201
Car -1 -1 -1.3922 664.0650 761.9456 830.2315 906.8202 1.5554 1.7183 3.4359 -2.9319 3.6524 21.1281 -1.5271 0.8767
Car -1 -1 -1.3519 512.1432 750.0927 780.9037 976.0519 1.5844 1.7662 3.6639 -2.8618 2.9422 14.3739 -1.5568 0.8659
Car -1 -1 -1.4510 818.3683 772.5494 900.4614 846.8563 1.7029 1.9278 4.1533 -3.0022 6.3456 44.8879 -1.5066 0.7535
Car -1 -1 -1.5156 753.4650 769.8455 854.5497 870.0174 1.4676 1.7196 3.5580 -2.9847 4.4506 28.9644 -1.6106 0.7321
Car -1 -1 -1.4677 782.0319 774.4531 870.1877 854.6046 1.4217 1.6630 3.5530 -3.1138 5.1040 35.0244 -1.5470 0.6020
Car -1 -1 2.1419 0.0000 755.8797 198.2650 882.5044 1.5261 1.8693 4.2415 -14.6068 3.8684 24.5994 1.5950 0.3736
