Pedestrian -1 -1 1.5449 1051.0181 770.8351 1078.4244 846.4003 1.8142 0.6803 0.6641 2.5986 5.5190 37.6125 1.6287 0.5596
Pedestrian -1 -1 1.4226 1245.1334 751.2773 1335.7960 976.2563 1.6675 0.6270 0.7389 2.6147 2.7098 11.9332 1.6741 0.5152
Pedestrian -1 -1 1.5395 1021.6934 799.6340 1044.3018 857.6183 1.7044 0.6872 0.6164 2.2133 7.1396 46.1974 1.6016 0.4611
Pedestrian -1 -1 -1.6591 990.9188 774.2804 1029.0192 876.1533 1.7645 0.6466 0.6596 0.8834 4.5210 27.2517 -1.6128 0.3960
Cyclist -1 -1 -1.4772 903.4646 756.0322 973.6277 894.3188 1.7313 0.8149 1.9435 -0.3069 3.7163 21.6323 -1.4806 0.4975
Car -1 -1 -1.3704 602.3103 775.3191 811.0009 946.5296 1.4607 1.7464 3.7304 -2.9351 3.4610 17.9893 -1.5328 0.9017
Car -1 -1 -1.4104 704.4534 779.0289 846.5228 901.0637 1.4822 1.7406 3.6066 -2.9795 4.2134 24.6572 -1.5247 0.8670
Car -1 -1 -1.4787 839.6198 775.0531 908.8902 837.5338 1.5113 1.8171 4.1495 -2.7722 6.5885 48.4512 -1.5243 0.6993
Car -1 -1 -1.5251 781.4976 775.8631 867.9961 862.2246 1.4096 1.6712 3.4876 -2.9044 4.8567 32.3754 -1.6055 0.6651
Car -1 -1 2.0098 239.3103 771.0728 397.6932 858.8264 1.5266 1.8186 4.1531 -14.9982 5.1681 35.1464 1.6067 0.6353
Car -1 -1 2.0090 82.2212 757.1940 270.8117 860.9091 1.4769 1.6837 3.8776 -14.7341 4.1567 28.3155 1.5229 0.6310
Car -1 -1 2.0112 392.3438 762.9948 520.5491 835.0838 1.6077 1.9087 4.3516 -14.8821 5.9129 44.3454 1.6922 0.4559
Car -1 -1 -1.5005 803.6406 777.7416 879.3678 849.1741 1.3845 1.6415 3.3335 -2.9845 5.4175 37.7916 -1.5692 0.4110
