Pedestrian -1 -1 1.3708 1259.7028 731.7985 1361.4271 974.3083 1.7300 0.6395 0.7849 2.6593 2.5777 11.4455 1.6376 0.6304
Pedestrian -1 -1 0.1887 56.9466 777.2802 404.7361 1202.2874 1.2198 0.6853 1.0153 -2.4737 1.7978 5.1644 -0.3843 0.4870
Pedestrian -1 -1 1.5238 1052.2681 771.6266 1078.6454 842.1629 1.6777 0.6354 0.6200 2.5908 5.3620 37.2287 1.6081 0.4696
Pedestrian -1 -1 1.5061 1021.8001 796.7055 1044.1158 855.1130 1.7083 0.6533 0.5950 2.1928 7.0035 45.7922 1.5682 0.4642
Pedestrian -1 -1 -1.6492 992.1540 774.7214 1028.4969 875.9591 1.7334 0.6132 0.6560 0.8799 4.4665 26.9423 -1.6027 0.4283
Cyclist -1 -1 -1.4384 910.8445 747.1013 988.4968 887.5020 1.7874 0.8641 1.9258 -0.1460 3.6528 21.8148 -1.4339 0.5804
Cyclist -1 -1 3.3315 47.2529 782.6475 400.8438 1208.4818 1.2089 0.7530 1.0293 -2.5051 1.8135 5.1896 2.7560 0.2048
Cyclist -1 -1 1.3626 1256.8645 730.6937 1362.2856 978.3922 1.7632 0.6496 0.8715 2.6594 2.6080 11.4868 1.6284 0.1006
Car -1 -1 -1.4216 705.1886 771.7382 846.1246 897.4022 1.5461 1.7468 3.4656 -2.9333 4.1031 24.2792 -1.5362 0.9081
Car -1 -1 -1.3565 603.6974 778.9979 815.0156 952.1661 1.4455 1.7087 3.5719 -2.8364 3.4442 17.5671 -1.5174 0.8783
Car -1 -1 -1.5589 772.2169 772.3712 854.6188 859.9844 1.4083 1.6605 3.5503 -3.1278 4.7493 32.0455 -1.6476 0.7956
Car -1 -1 -1.4854 841.4264 772.1645 912.0692 836.7141 1.5530 1.8581 4.2753 -2.6677 6.5014 48.0751 -1.5293 0.6975
Car -1 -1 2.0035 241.6513 764.2379 402.4750 853.6708 1.5602 1.8441 4.2121 -14.7944 5.0085 34.8736 1.6023 0.6106
Car -1 -1 2.1414 46.7681 753.7267 274.9741 863.1420 1.5077 1.7951 4.1242 -14.6924 4.0800 27.7345 1.6472 0.5924
Car -1 -1 2.0764 396.7362 776.1661 530.7659 846.8379 1.5435 1.9241 4.3798 -14.8771 6.3296 44.9829 1.7624 0.4296
Car -1 -1 2.0637 314.1371 771.7145 460.3730 851.8911 1.6180 1.8918 4.2934 -15.5171 5.8331 40.6815 1.7026 0.3904
