Pedestrian -1 -1 1.5731 1028.1656 773.1420 1053.4231 840.3441 1.7758 0.6879 0.6606 2.2056 5.9178 41.4302 1.6405 0.5827
Pedestrian -1 -1 -1.6871 993.9252 773.8774 1034.1167 883.9107 1.6915 0.5908 0.6020 0.8490 4.1319 24.1765 -1.6381 0.5785
Pedestrian -1 -1 1.5062 1069.3816 767.9656 1100.4738 849.1111 1.6936 0.6470 0.6582 2.7044 4.8593 32.7499 1.6041 0.4978
Cyclist -1 -1 -1.5638 901.5437 759.5008 955.8937 891.3536 1.6864 0.7630 1.8275 -0.4603 3.7408 21.9101 -1.5744 0.6879
Cyclist -1 -1 0.6140 1339.3085 710.6305 1809.8325 1191.7932 1.7576 0.8080 1.9265 2.7152 2.2112 6.8730 1.0781 0.3518
Car -1 -1 -1.3857 657.2678 762.8442 824.8436 906.6418 1.5075 1.6806 3.4431 -2.9700 3.5891 20.8089 -1.5250 0.9508
Car -1 -1 -1.3420 499.7272 745.7449 778.2437 975.5910 1.5909 1.7857 3.6252 -2.8721 2.8784 14.1032 -1.5523 0.8626
Car -1 -1 -1.4835 746.1160 769.1121 856.8128 871.7252 1.4775 1.7615 3.8661 -3.0196 4.4545 28.9293 -1.5798 0.7167
Car -1 -1 -1.4791 819.9451 775.4772 897.5814 847.9362 1.6364 1.8911 4.1455 -3.0062 6.3421 44.6281 -1.5352 0.7152
Car -1 -1 -1.4800 778.9771 776.1160 866.5705 856.6209 1.4106 1.6706 3.5297 -3.1562 5.0921 34.6350 -1.5615 0.5322
Car -1 -1 2.1413 0.0000 751.4723 195.0460 880.0338 1.5443 1.8857 4.3143 -14.5960 3.7958 24.4245 1.5912 0.3766
