Pedestrian -1 -1 1.5027 1098.9227 774.7866 1133.5891 865.5239 1.6590 0.6318 0.5764 2.9657 4.5611 28.6510 1.6226 0.4516
Pedestrian -1 -1 1.5090 1049.9067 783.6534 1077.7053 855.4509 1.7082 0.6636 0.6912 2.5673 5.7258 37.4922 1.5923 0.3918
Pedestrian -1 -1 0.9391 1706.1765 577.3325 1936.0000 1216.0000 1.7898 0.6880 0.7270 2.6335 1.6663 4.2822 1.6820 0.3589
Pedestrian -1 -1 -1.6301 1018.3832 767.5046 1061.9803 891.0919 1.7079 0.6046 0.5755 1.1369 3.7978 21.6262 -1.5626 0.3567
Cyclist -1 -1 -1.5952 904.1442 741.2997 964.7048 878.9984 1.7174 0.8220 1.9078 -0.3953 3.4469 21.2528 -1.6035 0.3492
Car -1 -1 -1.3683 601.4688 754.5828 820.7130 936.1119 1.5867 1.8206 3.8171 -2.8408 3.2991 17.7992 -1.5273 0.9305
Car -1 -1 -1.4490 732.0124 774.8742 864.9594 891.4383 1.4571 1.7764 3.8884 -2.7135 4.2328 25.7134 -1.5473 0.8504
Car -1 -1 -1.2891 357.4402 736.6721 738.3878 1037.9907 1.5672 1.7674 3.5466 -2.7821 2.5134 10.8790 -1.5631 0.8373
Car -1 -1 -1.4123 815.6517 778.8566 907.1018 856.5734 1.6088 1.8650 4.1105 -2.7181 6.1101 41.5813 -1.4665 0.7014
Car -1 -1 2.1695 62.9006 761.5718 290.8056 870.0009 1.5055 1.8358 4.0912 -14.6905 4.2860 28.2871 1.6845 0.5300
Car -1 -1 -1.4879 767.6283 785.8718 865.4897 880.4816 1.4790 1.7139 3.6792 -2.9868 5.0667 31.4881 -1.5735 0.4533
Car -1 -1 2.0047 259.9717 775.6570 417.7148 863.4963 1.5160 1.8671 4.0412 -14.4361 5.2455 34.9355 1.6135 0.3753
Car -1 -1 2.2208 0.0000 793.5987 109.6195 935.1578 1.4547 1.7959 4.0943 -14.9161 4.2216 22.4377 1.6209 0.3357
