Pedestrian -1 -1 -1.6473 994.2145 766.6091 1036.5728 881.4672 1.7381 0.6329 0.7107 0.8597 4.0365 23.8909 -1.5974 0.5558
Pedestrian -1 -1 1.5244 1073.5059 764.1572 1105.1869 849.0408 1.7446 0.6599 0.6445 2.7533 4.7739 32.1907 1.6254 0.5197
Pedestrian -1 -1 1.5259 1030.8906 766.3519 1055.6063 829.4709 1.6511 0.6556 0.6178 2.2370 5.5457 40.8563 1.5949 0.4534
Cyclist -1 -1 -1.6170 901.1352 761.5197 957.7733 892.2962 1.6516 0.7581 1.8276 -0.4801 3.7260 21.7722 -1.6286 0.6696
Cyclist -1 -1 0.5301 1376.1642 699.7213 1915.4257 1216.0000 1.7456 0.8184 1.9184 2.7306 2.1082 6.2126 1.0489 0.3387
Car -1 -1 -1.3905 655.8466 760.8259 826.0365 906.4101 1.4975 1.6874 3.4338 -2.9100 3.5108 20.4004 -1.5299 0.9389
Car -1 -1 -1.3138 487.9648 751.0485 779.4987 986.1784 1.5660 1.7648 3.5210 -2.8294 2.8719 13.6844 -1.5280 0.8974
Car -1 -1 -1.4952 751.4316 769.6025 859.1897 871.4217 1.4387 1.7216 3.7725 -2.8972 4.3744 28.4375 -1.5891 0.7784
Car -1 -1 -1.4869 821.0654 770.2777 898.4342 842.8433 1.6319 1.8896 4.1614 -2.9461 6.1316 44.1789 -1.5424 0.7299
Car -1 -1 -1.4553 776.4415 765.3000 867.4662 843.8904 1.3612 1.6356 3.5439 -3.1260 4.7339 34.1248 -1.5376 0.5647
Car -1 -1 2.1193 0.0000 765.8999 180.2165 899.6420 1.5505 1.8940 4.2951 -14.6090 4.0204 24.0391 1.5619 0.3292
