Pedestrian -1 -1 0.9905 1714.0806 655.6655 1936.0000 1216.0000 1.7106 0.6582 0.7791 2.6661 1.8088 4.3357 1.7285 0.4978
Pedestrian -1 -1 1.5191 1049.1053 782.9579 1075.2079 853.7803 1.7152 0.6385 0.6049 2.5556 5.7565 37.9236 1.6012 0.4688
Pedestrian -1 -1 1.4880 1085.2655 772.1580 1120.2926 862.0162 1.6721 0.6406 0.6347 2.7614 4.5819 29.2231 1.5986 0.4378
Pedestrian -1 -1 -1.6145 1018.8771 770.6497 1057.8929 885.3800 1.6162 0.5580 0.4871 1.1286 3.7800 21.9512 -1.5483 0.3923
Cyclist -1 -1 -1.6249 899.2703 749.5227 960.7380 888.3817 1.7197 0.7885 1.8902 -0.4627 3.5695 21.2286 -1.6365 0.5713
Car -1 -1 -1.3819 611.9870 760.5588 820.7897 934.5279 1.5445 1.8047 3.8179 -2.8553 3.3747 18.2371 -1.5373 0.9588
Car -1 -1 -1.4600 736.2660 778.2753 863.9546 893.2103 1.4722 1.7754 3.7777 -2.7358 4.3471 26.1296 -1.5572 0.9075
Car -1 -1 -1.2688 385.3915 742.7815 754.2525 1024.8975 1.5254 1.7499 3.5892 -2.7801 2.5722 11.4475 -1.5271 0.7956
Car -1 -1 2.1557 96.7779 778.1320 306.6492 880.1802 1.4336 1.8017 3.8909 -14.6803 4.6297 29.1563 1.6847 0.5076
Car -1 -1 -1.4532 823.8611 780.8614 904.8276 850.7196 1.4565 1.7853 3.8589 -2.6729 6.0456 42.0195 -1.5056 0.4256
Car -1 -1 2.0863 273.7711 783.9935 432.6750 866.6846 1.4154 1.7703 3.9995 -14.4472 5.4448 35.7758 1.7038 0.3022
Car -1 -1 2.2045 0.0000 774.4476 113.5667 909.6344 1.4455 1.7868 4.0602 -14.9172 3.9131 22.6136 1.6075 0.2938
Car -1 -1 -1.4631 763.0712 787.3340 867.0676 882.6949 1.4859 1.7691 4.0846 -3.0956 5.2273 32.3838 -1.5493 0.2923
