Pedestrian -1 -1 -1.7075 997.0848 762.3495 1041.6324 881.5200 1.7485 0.6082 0.7082 0.8960 3.9150 23.1932 -1.6548 0.6128
Pedestrian -1 -1 1.4913 1076.3875 763.8552 1110.2170 850.8549 1.7215 0.6585 0.6356 2.7295 4.6284 30.9582 1.5952 0.5109
Pedestrian -1 -1 1.1799 1520.2179 667.8704 1769.2723 1166.3278 1.7821 0.6896 0.8195 2.6497 1.9641 5.8806 1.7169 0.4177
Pedestrian -1 -1 -3.4209 1376.8795 780.2914 1483.5408 969.3019 1.4771 0.6984 0.7183 3.9602 2.8325 12.6716 -3.0750 0.4174
Pedestrian -1 -1 1.4732 1033.2003 779.7015 1059.8706 844.9056 1.6498 0.6559 0.6570 2.2649 5.8021 39.7754 1.5445 0.4144
Cyclist -1 -1 -1.5902 900.6428 755.4206 956.6851 888.3197 1.6923 0.7828 1.8481 -0.4843 3.6782 21.8171 -1.6021 0.6303
Car -1 -1 -1.4000 636.2582 756.6393 823.7690 920.4384 1.6035 1.7926 3.6947 -2.9034 3.4873 19.5149 -1.5463 0.9543
Car -1 -1 -1.3558 464.4092 748.9603 753.9698 994.4495 1.5219 1.7144 3.4567 -2.8391 2.7264 12.7761 -1.5885 0.8639
Car -1 -1 -1.4773 735.4010 773.0724 856.0768 885.3601 1.5516 1.8302 3.7900 -2.9764 4.4729 27.5825 -1.5775 0.8200
Car -1 -1 -1.4596 779.6880 767.7032 870.6351 847.3660 1.3434 1.6076 3.5479 -2.9925 4.7106 33.4634 -1.5398 0.7401
Car -1 -1 -1.4848 816.7758 776.4733 896.8361 850.2164 1.5970 1.9095 4.2647 -2.9768 6.2168 43.4201 -1.5422 0.6882
