Pedestrian -1 -1 1.4477 1102.9144 769.8878 1139.6929 864.0291 1.6872 0.6262 0.5847 2.9922 4.4298 27.9951 1.5713 0.5098
Pedestrian -1 -1 1.5640 1052.8733 783.4357 1080.3022 857.6635 1.7180 0.6643 0.7311 2.5854 5.6471 36.6719 1.6494 0.4882
Pedestrian -1 -1 -1.6040 1021.6681 767.3367 1063.7655 890.7962 1.6716 0.5865 0.5773 1.1524 3.7229 21.2375 -1.5347 0.4510
Pedestrian -1 -1 -1.5262 615.6665 769.3497 661.2525 892.0822 1.6433 0.6057 0.6049 -4.5695 3.7241 21.1934 -1.7397 0.3869
Car -1 -1 -1.3704 590.7932 763.8525 815.5186 947.3930 1.5141 1.8021 3.8747 -2.8405 3.3031 17.2856 -1.5348 0.9318
Car -1 -1 -1.2692 343.3172 742.8557 734.3444 1048.9263 1.5009 1.6990 3.3564 -2.7019 2.4497 10.3338 -1.5515 0.8755
Car -1 -1 -1.4605 731.6661 777.8419 862.6459 893.4185 1.3983 1.7406 3.8629 -2.6782 4.1712 25.1711 -1.5599 0.8509
Car -1 -1 -1.3978 806.5809 777.9274 903.6166 857.9255 1.6137 1.8938 4.2676 -2.8398 6.0288 40.9182 -1.4562 0.7587
Car -1 -1 2.1524 54.8575 745.2645 282.1026 854.3229 1.5451 1.8205 4.0788 -14.6786 3.9664 27.9678 1.6620 0.4794
Car -1 -1 -1.4792 775.0388 789.7636 873.4668 880.9721 1.3991 1.6914 3.6056 -2.8091 5.0500 31.3037 -1.5596 0.3680
Car -1 -1 2.0527 249.3179 782.0994 415.6193 871.6496 1.5006 1.8533 4.0962 -14.4509 5.3636 34.6274 1.6579 0.3639
Car -1 -1 2.3238 0.0000 760.8111 22.4435 907.1492 1.4742 1.8298 4.0341 -15.5359 3.5791 21.0612 1.6706 0.3466
