Pedestrian -1 -1 1.4460 1082.5826 767.2034 1119.0681 859.5425 1.7482 0.6556 0.6205 2.7584 4.5948 29.5993 1.5552 0.5302
Pedestrian -1 -1 1.0676 1659.4520 636.0234 1936.0000 1216.0000 1.7815 0.6702 0.8423 2.5019 1.8175 4.3550 1.7703 0.4483
Pedestrian -1 -1 -1.6223 1016.0603 770.3666 1057.2626 888.7496 1.6793 0.5907 0.5812 1.1167 3.8707 22.2327 -1.5573 0.4406
Pedestrian -1 -1 1.5363 1047.9155 786.0666 1074.5128 858.4052 1.7607 0.6660 0.6437 2.5525 5.9181 38.2388 1.6178 0.3385
Cyclist -1 -1 -1.6420 899.8030 747.1876 961.2065 881.3935 1.6871 0.7694 1.8203 -0.4593 3.5178 21.4486 -1.6533 0.6480
Car -1 -1 -1.3971 622.3108 762.0637 817.6484 929.8870 1.5300 1.7585 3.6613 -2.8669 3.3965 18.5022 -1.5507 0.9582
Car -1 -1 -1.3346 421.8352 748.9305 739.6296 1011.7037 1.4760 1.6809 3.3687 -2.7973 2.5875 11.7024 -1.5881 0.9036
Car -1 -1 -1.4389 729.1678 772.2065 861.7714 888.7580 1.5278 1.8082 3.8893 -2.8599 4.3385 26.5611 -1.5391 0.8331
Car -1 -1 -1.4652 773.0617 778.7264 873.5479 870.1187 1.4848 1.7540 3.7068 -2.9351 5.0188 32.4810 -1.5462 0.5526
Car -1 -1 2.0780 111.5460 779.8358 307.6913 880.4992 1.4396 1.7890 3.8947 -14.6871 4.6982 29.4702 1.6115 0.3186
Car -1 -1 2.1665 0.0000 762.0715 134.2545 898.1210 1.4985 1.8454 4.0852 -14.5972 3.7651 22.6588 1.5802 0.2433
