Pedestrian -1 -1 1.5099 1035.7487 770.1361 1061.5848 836.7604 1.6661 0.6459 0.6636 2.2877 5.5055 39.1968 1.5827 0.4950
Pedestrian -1 -1 1.4608 1076.4263 761.2796 1111.7091 849.9005 1.7330 0.6618 0.6192 2.7060 4.5442 30.5143 1.5652 0.4945
Pedestrian -1 -1 -1.7247 1003.4705 767.3713 1046.4363 884.5177 1.6959 0.5715 0.6452 0.9686 3.9057 22.8463 -1.6680 0.4619
Pedestrian -1 -1 0.8205 1545.0953 654.0384 1894.2684 1206.8417 1.7944 0.7090 0.9509 2.7078 1.9106 5.4347 1.4140 0.2718
Cyclist -1 -1 -1.5808 905.9009 752.5302 957.9685 881.0287 1.6413 0.7278 1.7978 -0.4274 3.5797 21.8062 -1.5901 0.6573
Car -1 -1 -1.3876 631.1097 758.6039 826.4457 925.8552 1.5938 1.8028 3.7083 -2.8585 3.4747 19.1515 -1.5347 0.9427
Car -1 -1 -1.3398 440.1182 746.7317 748.2371 1005.3174 1.5497 1.7325 3.4134 -2.8418 2.6914 12.2974 -1.5830 0.8859
Car -1 -1 -1.4599 728.7596 769.2811 856.7791 885.5049 1.5797 1.8524 3.9150 -2.9786 4.3932 27.1752 -1.5619 0.8354
Car -1 -1 -1.4446 774.8962 769.6206 870.5953 852.4744 1.3845 1.6418 3.5561 -3.0136 4.7666 33.1349 -1.5264 0.5913
Car -1 -1 -1.4143 814.4658 773.3420 901.6877 844.7791 1.5433 1.8572 4.0998 -2.9313 6.0532 43.3013 -1.4709 0.3530
Car -1 -1 2.0239 272.4972 765.2584 434.0947 852.4839 1.5469 1.8897 4.2850 -14.4496 5.1155 35.8176 1.6413 0.3185
Car -1 -1 2.0596 132.4269 776.4464 319.9332 873.2313 1.4260 1.7835 3.8735 -14.6992 4.6801 30.1472 1.6023 0.3017
