Pedestrian -1 -1 -1.6208 996.5117 761.8821 1039.3278 883.2335 1.8137 0.6474 0.7151 0.8857 4.0008 23.5177 -1.5691 0.5883
Pedestrian -1 -1 1.4912 1074.6788 760.5981 1108.0865 846.8876 1.7385 0.6610 0.6497 2.7374 4.6276 31.5065 1.5936 0.5419
Pedestrian -1 -1 1.4955 1032.0676 779.7525 1057.8782 845.1620 1.6752 0.6540 0.6447 2.2448 5.8671 40.1578 1.5658 0.4925
Pedestrian -1 -1 1.1007 1494.6814 689.2886 1751.9954 1189.0157 1.7218 0.6638 0.7641 2.4698 1.9826 5.6565 1.6286 0.4766
Pedestrian -1 -1 -3.3957 1367.2108 761.9805 1448.6899 967.5285 1.6831 0.6222 0.5603 3.8796 2.9069 13.0190 -3.0653 0.2991
Cyclist -1 -1 -1.5572 904.6445 759.6747 958.1209 887.9263 1.6255 0.7335 1.8114 -0.4189 3.6693 21.7693 -1.5659 0.6058
Car -1 -1 -1.3834 637.4514 758.9598 822.5239 915.4582 1.5418 1.7454 3.6940 -2.9560 3.4888 19.8375 -1.5298 0.9477
Car -1 -1 -1.3280 470.1016 742.9402 765.8955 979.9516 1.5183 1.7371 3.4914 -2.8343 2.6907 13.0932 -1.5541 0.9027
Car -1 -1 -1.4725 735.8473 775.5361 856.7432 884.9278 1.4929 1.8213 4.0146 -3.0021 4.5106 27.9491 -1.5720 0.7881
Car -1 -1 -1.4689 816.1710 770.2607 897.5966 845.2510 1.6609 1.8998 4.2083 -2.9859 6.1053 43.5791 -1.5263 0.7749
Car -1 -1 -1.4740 776.1530 766.8011 866.6383 849.1376 1.4154 1.6567 3.5563 -3.0955 4.7799 33.6665 -1.5567 0.6575
Car -1 -1 1.9882 278.2401 792.5201 435.9819 885.2112 1.6138 1.9373 4.3217 -14.5036 5.9151 36.1775 1.6091 0.2998
