Pedestrian -1 -1 -1.5661 610.5984 769.2278 654.6765 893.7773 1.6435 0.5930 0.5800 -4.5871 3.6923 20.8822 -1.7839 0.5460
Pedestrian -1 -1 -1.5427 1020.9878 771.9270 1065.8950 900.0966 1.7006 0.6019 0.6057 1.1543 3.7913 20.9330 -1.4724 0.5344
Pedestrian -1 -1 1.5018 1095.2853 768.7952 1131.7394 868.7268 1.7525 0.6347 0.6876 2.8072 4.4445 27.6183 1.6200 0.5015
Pedestrian -1 -1 1.4842 1052.6748 787.9636 1083.0215 863.6563 1.7342 0.6822 0.7385 2.5778 5.7245 36.2246 1.5704 0.4902
Cyclist -1 -1 -1.5255 903.4030 763.8896 960.4077 897.1536 1.6829 0.7264 1.8145 -0.4096 3.7875 21.7243 -1.5338 0.4672
Car -1 -1 -1.3435 575.5559 759.1219 812.5054 948.0107 1.5208 1.7798 3.8734 -2.8608 3.2107 16.8440 -1.5143 0.9591
Car -1 -1 -1.2186 306.4437 740.3685 726.9105 1054.4069 1.4856 1.6819 3.3357 -2.7585 2.3934 10.0443 -1.5163 0.9321
Car -1 -1 -1.4194 724.2992 776.1179 866.7731 896.6720 1.4544 1.7658 3.7584 -2.6595 4.1550 24.7848 -1.5197 0.8461
Car -1 -1 -1.4401 811.5308 779.6212 901.4499 858.9319 1.6040 1.8698 4.0892 -2.7837 6.0200 40.5747 -1.4977 0.6026
Car -1 -1 2.0868 236.7705 752.0803 425.1535 846.7256 1.6268 2.0039 4.5693 -14.4107 4.7650 34.5118 1.6908 0.4559
Car -1 -1 2.1667 39.8281 746.4313 277.2353 858.5440 1.5501 1.8389 4.1614 -14.6191 3.9630 27.5272 1.6711 0.4265
Car -1 -1 2.2756 0.0000 762.0930 24.0423 907.4612 1.4499 1.7955 3.9487 -15.2112 3.5386 20.7480 1.6248 0.3547
