Pedestrian -1 -1 -1.5756 1037.6451 766.6473 1091.0967 923.3466 1.7248 0.6091 0.6096 1.2017 3.4036 17.3832 -1.4898 0.5621
Pedestrian -1 -1 1.4377 1075.4369 780.7670 1109.9224 868.1890 1.7010 0.6339 0.6172 2.6809 4.9183 30.5494 1.5412 0.5379
Pedestrian -1 -1 -1.3119 451.4704 743.6059 518.9359 893.7814 1.6317 0.6095 0.5802 -5.4190 3.0091 17.0444 -1.6325 0.5169
Pedestrian -1 -1 1.4681 1130.5870 772.3493 1178.6954 896.8906 1.7141 0.6422 0.6198 2.7974 3.8832 21.6748 1.6161 0.4414
Cyclist -1 -1 -1.5682 899.4890 759.7706 953.5059 894.0995 1.6635 0.7359 1.8399 -0.4828 3.6675 21.2973 -1.5806 0.4502
Car -1 -1 -1.2868 418.9209 736.4119 764.2967 1003.4718 1.5851 1.7971 3.7480 -2.8487 2.6508 12.3813 -1.5289 0.9443
Car -1 -1 -0.9678 0.0000 706.3876 576.6480 1216.0000 1.4869 1.7237 3.6261 -2.7927 1.8897 5.5609 -1.5490 0.8858
Car -1 -1 -1.4775 788.3141 766.0690 889.2463 861.0652 1.7151 1.9654 4.6706 -2.9008 5.3707 36.3666 -1.5470 0.8785
Car -1 -1 -1.3816 661.9986 760.7703 849.4559 916.7718 1.5682 1.8207 3.7903 -2.6850 3.5961 20.3723 -1.5096 0.8544
Car -1 -1 -1.5426 837.4713 784.8905 899.3884 848.3033 1.5019 1.8142 4.0892 -2.9307 6.8468 47.8951 -1.5921 0.4540
Car -1 -1 2.1874 0.0000 755.0776 181.5607 874.8065 1.4419 1.7188 3.8925 -14.6593 3.7352 24.3479 1.6338 0.4169
