Pedestrian -1 -1 -1.5447 1029.7024 762.8593 1080.1786 902.0490 1.7265 0.6336 0.6276 1.2311 3.5647 19.5795 -1.4660 0.5131
Pedestrian -1 -1 1.4854 1118.7694 769.5515 1159.8990 875.9512 1.7058 0.6480 0.5959 2.9895 4.1684 25.1439 1.6219 0.4529
Pedestrian -1 -1 1.4679 1062.2257 773.1658 1092.3912 848.8538 1.6483 0.6356 0.5806 2.6362 5.0496 34.0122 1.5606 0.3331
Cyclist -1 -1 -1.5277 907.9398 752.9299 964.9032 889.6038 1.6975 0.7102 1.8268 -0.3357 3.5948 21.2349 -1.5329 0.5557
Car -1 -1 -1.3180 535.0104 749.2168 806.2750 962.6610 1.5580 1.7925 3.7458 -2.7682 2.9726 15.0889 -1.5054 0.9552
Car -1 -1 -1.1479 106.6078 713.1509 691.9559 1124.3960 1.5607 1.7595 3.5681 -2.7736 2.1575 8.2854 -1.5204 0.9229
Car -1 -1 -1.4450 805.9872 775.6008 901.7558 861.2398 1.6666 1.9221 4.1862 -2.7238 5.7965 38.8297 -1.5043 0.8355
Car -1 -1 -1.4402 695.6127 760.2903 849.3942 897.2833 1.5785 1.8278 3.7907 -2.7951 3.8254 22.9104 -1.5568 0.7328
Car -1 -1 2.0898 134.5463 747.2343 348.1133 854.0015 1.6125 1.9064 4.4927 -14.3749 4.2703 30.1819 1.6411 0.5215
Car -1 -1 -1.5322 850.7031 786.9381 909.2866 847.6467 1.5533 1.7803 3.8634 -2.7080 7.2374 50.5236 -1.5737 0.3760
Car -1 -1 2.1916 0.0000 753.7259 213.1631 873.9938 1.4881 1.8030 4.1104 -14.6504 3.8397 25.1750 1.6542 0.3755
Car -1 -1 -1.4709 834.4911 784.6569 909.3384 853.2424 1.5336 1.8073 3.8563 -2.6183 6.5095 44.6049 -1.5181 0.3354
