Pedestrian -1 -1 -1.4864 1024.0660 769.8870 1073.2999 902.6069 1.7311 0.6210 0.5862 1.2071 3.7596 20.5836 -1.4123 0.6241
Pedestrian -1 -1 -1.5054 603.7960 770.4235 649.9233 894.4333 1.6194 0.5863 0.5329 -4.5934 3.6504 20.5625 -1.7273 0.4883
Pedestrian -1 -1 1.4883 1055.4872 781.9819 1085.3433 857.4244 1.7041 0.6624 0.7422 2.6022 5.4939 35.7061 1.5762 0.4386
Pedestrian -1 -1 1.5198 1098.3708 774.2962 1136.2742 877.4108 1.7592 0.6563 0.7044 2.8098 4.4911 26.9721 1.6407 0.4327
Cyclist -1 -1 -1.4916 903.7327 750.7953 973.1271 888.7490 1.7486 0.8385 1.9120 -0.3107 3.6617 21.7385 -1.4952 0.5119
Car -1 -1 -1.3372 575.8410 756.7612 811.8813 947.7786 1.5311 1.7474 3.5703 -2.7885 3.1353 16.3570 -1.5092 0.9176
Car -1 -1 -1.2001 256.4022 720.8053 724.6407 1062.8458 1.5617 1.7466 3.5234 -2.7707 2.2967 9.6516 -1.5133 0.9101
Car -1 -1 -1.5088 706.8084 770.5655 837.2265 896.3655 1.4581 1.8177 4.1509 -2.9915 4.0385 24.3694 -1.6255 0.7926
Car -1 -1 -1.4153 812.5439 781.4026 906.4680 860.3540 1.5540 1.8477 4.1382 -2.6681 5.9773 40.1150 -1.4708 0.7253
Car -1 -1 2.1022 44.0949 755.3054 274.6807 866.6739 1.4913 1.8377 4.1455 -14.3521 4.0344 27.0589 1.6070 0.4097
Car -1 -1 2.2559 0.0000 762.7720 23.2054 909.9692 1.4681 1.8142 3.9895 -15.2103 3.5661 20.7321 1.6048 0.3552
Car -1 -1 2.0297 227.5446 762.0894 405.4742 857.9826 1.6131 1.9581 4.3372 -14.4138 4.9103 33.7228 1.6252 0.3504
