Pedestrian -1 -1 -1.6524 1031.3873 759.9983 1084.1871 903.6420 1.6823 0.6094 0.6000 1.1809 3.3698 18.3795 -1.5721 0.5413
Pedestrian -1 -1 1.4538 1121.5146 767.0336 1165.5808 879.4001 1.6820 0.6290 0.6316 2.8626 3.9487 23.5254 1.5935 0.4939
Pedestrian -1 -1 -1.4965 499.7419 727.1450 558.9403 869.9916 1.6491 0.6503 0.7121 -5.2715 2.9275 18.2799 -1.7870 0.4161
Pedestrian -1 -1 1.4635 1069.7267 772.3420 1102.0894 855.6929 1.7269 0.6446 0.6221 2.6976 4.9531 32.4080 1.5622 0.3419
Cyclist -1 -1 -1.5744 898.8345 763.3651 957.4742 899.2333 1.6710 0.7946 1.8224 -0.4625 3.7170 21.1792 -1.5860 0.5935
Car -1 -1 -1.3200 484.2124 751.0676 778.4299 986.3600 1.5342 1.7516 3.7124 -2.8345 2.8458 13.6601 -1.5352 0.9138
Car -1 -1 -1.4527 796.9363 767.1129 898.5640 858.7724 1.7259 1.9797 4.5339 -2.7844 5.5285 37.6686 -1.5161 0.8904
Car -1 -1 -1.0738 0.0000 714.0412 654.2488 1207.5654 1.5116 1.7243 3.4884 -2.7412 2.0362 7.0135 -1.5180 0.8631
Car -1 -1 -1.4344 692.6820 760.3888 851.7858 899.9178 1.5048 1.7658 3.6826 -2.6327 3.6296 21.5945 -1.5516 0.7646
Car -1 -1 -1.4866 844.0430 797.1398 909.0925 859.4869 1.5136 1.7671 3.8473 -2.7389 7.3920 49.0800 -1.5304 0.4931
Car -1 -1 -1.5112 850.7205 785.4985 927.9769 861.4439 1.5790 1.8772 4.1959 -1.9751 6.3365 42.1801 -1.5463 0.4096
Car -1 -1 2.1933 0.0000 736.1608 203.8867 854.6230 1.5042 1.8129 4.1953 -14.8611 3.5411 25.2138 1.6495 0.3471
