Pedestrian -1 -1 1.4706 1112.0841 764.4366 1156.1671 874.6224 1.7093 0.6610 0.7125 2.8259 4.0292 24.4957 1.6036 0.6405
Pedestrian -1 -1 -1.5921 1033.1914 750.3679 1080.4594 886.1737 1.6341 0.5891 0.6854 1.2129 3.2599 19.0176 -1.5126 0.6234
Pedestrian -1 -1 1.4460 1065.7042 769.8021 1098.2697 852.0994 1.7500 0.6594 0.5944 2.6756 4.9953 33.1858 1.5420 0.3282
Cyclist -1 -1 -1.5318 906.8000 751.4125 964.8188 889.6147 1.7091 0.7282 1.8841 -0.3428 3.5828 21.1939 -1.5375 0.4952
Car -1 -1 -1.2969 510.4117 743.5688 797.9226 968.3942 1.5890 1.7829 3.7274 -2.8110 2.8945 14.5269 -1.4959 0.9250
Car -1 -1 -1.1197 38.5187 713.1038 676.3170 1160.6290 1.5637 1.7487 3.4732 -2.7505 2.1230 7.7046 -1.5206 0.9170
Car -1 -1 -1.4935 804.5756 765.8160 895.0543 850.2228 1.6054 1.9171 4.5539 -2.7924 5.4383 38.3847 -1.5558 0.8829
Car -1 -1 -1.5108 684.1969 759.5664 829.0958 905.6230 1.6090 1.8773 4.0450 -2.9634 3.8131 22.3940 -1.6383 0.6462
Car -1 -1 2.1899 0.0000 732.8266 162.0186 855.8512 1.5069 1.7821 4.1191 -14.9538 3.3984 24.1075 1.6215 0.4145
Car -1 -1 2.0707 117.7593 787.3771 323.2506 900.0111 1.5947 1.8516 4.1552 -14.4148 5.0168 29.3834 1.6112 0.3662
Car -1 -1 -1.5200 847.5584 780.1993 909.2913 840.8789 1.5282 1.8073 3.9801 -2.7226 6.9160 49.8840 -1.5627 0.3352
