Pedestrian -1 -1 -1.5491 1027.1111 767.9980 1075.1716 905.6652 1.7254 0.6125 0.6870 1.2001 3.6640 19.8872 -1.4731 0.5986
Pedestrian -1 -1 1.4804 1106.5840 770.0625 1146.8326 873.5469 1.6970 0.6453 0.6204 2.8442 4.2278 25.7491 1.6080 0.4708
Pedestrian -1 -1 -1.4398 564.2415 771.4104 616.8651 900.7887 1.6143 0.6020 0.6178 -4.8962 3.5852 19.7753 -1.6867 0.4438
Pedestrian -1 -1 1.4565 1059.8055 783.8154 1089.4100 858.8030 1.6522 0.6282 0.5512 2.6068 5.3412 34.4317 1.5474 0.4246
Cyclist -1 -1 -1.5503 908.8882 757.4312 963.7422 891.2552 1.6727 0.7276 1.8033 -0.3406 3.6493 21.3959 -1.5556 0.6316
Car -1 -1 -1.3376 553.2229 754.8229 805.7388 956.5060 1.5106 1.7563 3.6819 -2.7715 3.0219 15.5117 -1.5193 0.9348
Car -1 -1 -1.1754 171.3949 732.3676 704.1786 1117.4451 1.5120 1.7262 3.5034 -2.7275 2.2631 8.6616 -1.5237 0.9161
Car -1 -1 -1.4278 803.0552 772.6890 901.8422 856.7032 1.6387 1.9408 4.3745 -2.7964 5.7540 39.3811 -1.4880 0.8613
Car -1 -1 -1.4756 692.3449 773.7303 838.5350 908.6757 1.5221 1.8597 4.0635 -2.9710 4.0609 23.4553 -1.5965 0.7179
Car -1 -1 2.0822 144.0416 748.9838 352.3312 853.4524 1.5969 1.9136 4.4357 -14.4148 4.3202 30.5444 1.6374 0.3490
Car -1 -1 -1.5438 857.5039 790.0942 914.5978 850.6228 1.5362 1.7851 4.0118 -2.5253 7.3893 50.9700 -1.5812 0.3472
Car -1 -1 2.1633 0.0000 742.7512 207.5427 863.7271 1.5609 1.8181 4.1852 -14.9508 3.7468 25.5995 1.6243 0.2930
