Pedestrian -1 -1 1.4036 1127.7644 767.5802 1177.0620 888.2886 1.7083 0.6403 0.6430 2.8410 3.8642 22.2681 1.5499 0.5619
Pedestrian -1 -1 -1.5978 1035.1882 761.7596 1088.1864 911.6385 1.6897 0.6170 0.5916 1.1879 3.3422 17.7437 -1.5145 0.5588
Pedestrian -1 -1 1.4097 1074.4014 787.2045 1108.6674 870.9951 1.6543 0.6285 0.6070 2.7049 5.0636 31.0911 1.5124 0.4292
Pedestrian -1 -1 -1.3719 463.1793 748.0553 526.5375 895.5298 1.6321 0.6074 0.5750 -5.4217 3.0919 17.4055 -1.6855 0.3415
Cyclist -1 -1 -1.5579 900.0048 754.2693 961.9744 891.4849 1.6985 0.8354 1.9128 -0.4110 3.6219 21.2754 -1.5669 0.4583
Car -1 -1 -1.2930 434.6470 747.1646 764.9298 1001.6433 1.5295 1.7684 3.7816 -2.8809 2.7306 12.7647 -1.5293 0.9324
Car -1 -1 -1.0271 0.0000 709.4415 607.3869 1216.0000 1.4680 1.7125 3.5525 -2.7492 1.9131 6.0786 -1.5488 0.9109
Car -1 -1 -1.4717 795.1574 765.6111 896.0918 856.6478 1.6618 1.9798 4.5800 -2.7697 5.3430 36.7999 -1.5367 0.8843
Car -1 -1 -1.4024 675.2807 760.8185 849.1608 908.4287 1.5134 1.7616 3.7315 -2.6545 3.5714 20.7401 -1.5263 0.8584
Car -1 -1 2.1254 0.0000 773.2747 172.6332 891.7064 1.4234 1.7170 3.8384 -14.9013 4.0652 24.7060 1.5721 0.6115
Car -1 -1 -1.4906 843.7972 794.4630 909.8715 858.7513 1.5370 1.7709 3.8976 -2.6780 7.2243 48.1782 -1.5342 0.5497
Car -1 -1 1.9281 93.3905 770.8939 260.8575 868.0840 1.4524 1.7698 3.9666 -15.9679 4.6501 30.6747 1.4441 0.3364
