Pedestrian -1 -1 1.5076 1113.3998 758.4476 1156.6213 870.1025 1.7031 0.6602 0.7346 2.7981 3.8931 24.1331 1.6412 0.6537
Pedestrian -1 -1 -1.6575 1033.5493 757.0107 1086.2278 900.8593 1.7170 0.6158 0.6351 1.2312 3.4021 18.7552 -1.5758 0.5637
Pedestrian -1 -1 1.4597 1068.2893 784.4847 1102.7587 870.5163 1.7944 0.6928 0.6623 2.7190 5.3274 32.7713 1.5582 0.5404
Pedestrian -1 -1 -1.4962 509.8821 735.8229 567.6804 879.2329 1.6911 0.6501 0.6752 -5.2605 3.1038 18.6474 -1.7796 0.4596
Cyclist -1 -1 -1.5348 901.0420 752.9821 960.6910 889.3503 1.7177 0.7718 1.8238 -0.4190 3.6373 21.4909 -1.5439 0.5956
Car -1 -1 -1.3104 494.5775 744.1239 791.2184 978.7727 1.6117 1.8215 3.8563 -2.8484 2.9055 14.2533 -1.5164 0.9456
Car -1 -1 -1.0982 0.0000 711.2556 667.9440 1176.6426 1.5362 1.7430 3.5305 -2.7558 2.0690 7.4172 -1.5175 0.9199
Car -1 -1 -1.4810 806.7762 767.4734 900.1361 853.5865 1.6395 1.9332 4.4063 -2.6784 5.4839 38.0919 -1.5408 0.9102
Car -1 -1 -1.4328 694.4521 762.2464 852.9512 902.2802 1.5510 1.8021 3.7354 -2.6807 3.7590 22.1535 -1.5486 0.6457
Car -1 -1 -1.5050 847.3238 781.4000 909.1582 842.0435 1.5437 1.7630 3.6992 -2.7153 6.9286 49.5855 -1.5479 0.5760
Car -1 -1 2.0815 94.7472 761.4340 308.5355 870.1371 1.5590 1.8338 4.3462 -14.6811 4.4268 29.2027 1.6108 0.4801
Car -1 -1 2.1730 0.0000 723.6665 162.9354 845.8862 1.4791 1.8059 4.0995 -14.6098 3.1706 23.5338 1.6030 0.4028
