Pedestrian -1 -1 -1.6653 1035.6516 759.8403 1092.1697 911.9964 1.7191 0.6225 0.6466 1.2157 3.3548 17.8011 -1.5805 0.4980
Pedestrian -1 -1 1.4320 1073.6692 779.4684 1109.1371 867.7683 1.7698 0.6703 0.6370 2.7340 5.0558 31.4614 1.5346 0.4646
Pedestrian -1 -1 1.4348 1124.6178 765.0588 1173.7228 885.4229 1.7341 0.6596 0.7516 2.8592 3.9070 22.8053 1.5786 0.4442
Pedestrian -1 -1 -1.6112 477.7631 731.0136 536.0750 879.0867 1.6553 0.6283 0.6581 -5.3909 2.9430 17.7306 -1.9176 0.4051
Cyclist -1 -1 -1.5381 898.0582 764.1484 965.3502 905.7499 1.7360 0.8697 1.8992 -0.3977 3.7979 21.1827 -1.5463 0.6260
Car -1 -1 -1.3015 451.6671 747.8986 771.3998 994.4150 1.5201 1.7734 3.7873 -2.8593 2.7541 13.0743 -1.5298 0.9048
Car -1 -1 -1.4594 795.8455 766.6711 895.9741 856.9052 1.6649 1.9355 4.4719 -2.7834 5.3917 37.0318 -1.5242 0.8947
Car -1 -1 -1.0340 0.0000 702.5746 637.3580 1216.0000 1.5297 1.7525 3.5991 -2.7381 1.9598 6.4401 -1.5219 0.8808
Car -1 -1 -1.3802 676.4802 759.2150 853.8197 906.7127 1.5425 1.7741 3.7005 -2.6507 3.6016 21.0191 -1.5020 0.8339
Car -1 -1 -1.5080 842.9098 796.3378 907.5982 861.1954 1.5590 1.7989 3.9385 -2.7433 7.3384 48.4279 -1.5526 0.6151
Car -1 -1 2.1222 0.0000 791.7148 183.2419 914.8726 1.4617 1.7757 3.8969 -14.9091 4.4671 24.9900 1.5751 0.5267
