Pedestrian -1 -1 -1.4952 1027.1807 756.2501 1074.8727 885.0753 1.6337 0.5825 0.6417 1.2085 3.4276 20.0625 -1.4195 0.5125
Pedestrian -1 -1 1.4712 1048.7759 781.1389 1078.0729 856.6376 1.6827 0.6321 0.6431 2.3884 5.3747 35.0105 1.5543 0.4511
Pedestrian -1 -1 -1.4951 591.7053 775.4718 640.5768 903.8459 1.6180 0.5951 0.5655 -4.5956 3.6580 19.9357 -1.7246 0.4135
Pedestrian -1 -1 1.4787 1102.4421 765.6935 1144.0066 870.3859 1.7486 0.6762 0.7147 2.8471 4.2629 26.3370 1.6038 0.3587
Cyclist -1 -1 -1.5018 904.8502 748.5555 970.6823 886.6349 1.7277 0.7927 1.9030 -0.3166 3.5807 21.4341 -1.5059 0.6548
Car -1 -1 -1.3260 553.5659 752.8060 807.3965 951.7908 1.5168 1.7633 3.7722 -2.8174 3.0366 15.8303 -1.5067 0.9311
Car -1 -1 -1.2012 213.1339 717.7141 703.5600 1081.2944 1.5457 1.7034 3.4215 -2.7451 2.2111 8.9827 -1.5381 0.9107
Car -1 -1 -1.4924 699.8649 774.0544 837.0864 901.2975 1.4348 1.8157 4.0692 -2.9714 4.0135 23.7849 -1.6115 0.7780
Car -1 -1 -1.4120 808.0786 774.3858 904.7862 856.4825 1.6166 1.8657 4.1881 -2.7087 5.7883 39.5555 -1.4696 0.7607
Car -1 -1 2.1554 18.9716 753.4459 266.9774 868.7992 1.5033 1.8412 4.2276 -14.3489 3.9714 26.5312 1.6513 0.3186
Car -1 -1 2.2257 0.0000 749.7672 42.6544 904.5315 1.5189 1.8607 4.1368 -14.5623 3.3709 20.1033 1.5792 0.2873
Car -1 -1 -1.5247 778.1729 790.9348 866.5338 881.0761 1.3949 1.6663 3.6398 -2.8994 5.1308 31.7998 -1.6065 0.2716
