Pedestrian -1 -1 -1.5547 1048.2224 763.4816 1106.2836 931.4543 1.6763 0.5914 0.6000 1.2306 3.1713 15.8013 -1.4591 0.6381
Pedestrian -1 -1 1.4744 1087.3539 798.1320 1124.7864 892.1428 1.6689 0.6515 0.5909 2.7031 4.9422 27.9568 1.5875 0.4327
Pedestrian -1 -1 1.4115 1134.7543 760.2761 1194.2710 899.9580 1.7048 0.6682 0.7226 2.6181 3.4864 19.3173 1.5671 0.3883
Cyclist -1 -1 -1.6043 897.2106 762.5963 961.4534 906.6949 1.7867 0.8749 1.9714 -0.4792 3.8558 21.4668 -1.6162 0.5028
Cyclist -1 -1 1.7961 489.2961 727.1482 586.9632 895.7885 1.6966 0.6905 1.8852 -4.8276 2.9365 17.1726 1.5115 0.4703
Car -1 -1 -1.2646 301.9091 733.6418 726.4332 1057.3958 1.5825 1.8075 3.7870 -2.8700 2.4840 10.4932 -1.5587 0.9085
Car -1 -1 -1.5117 781.4426 773.2335 881.6612 871.7035 1.6603 1.9759 4.4953 -2.8990 5.2865 34.2951 -1.5863 0.8626
Car -1 -1 -0.6721 0.0000 639.9791 475.9432 1216.0000 1.5958 1.8132 3.7856 -2.6955 1.6509 3.5581 -1.5583 0.7631
Car -1 -1 -1.3893 618.1281 765.6218 828.7841 940.8872 1.5434 1.8469 4.0356 -2.8022 3.4769 18.5011 -1.5391 0.7569
Car -1 -1 -1.5258 828.9529 781.6352 892.9284 847.1228 1.5279 1.7475 3.8223 -3.0450 6.5502 45.9987 -1.5805 0.7336
Car -1 -1 2.0583 92.6088 752.3758 289.3814 851.4437 1.5313 1.8280 4.2233 -15.6727 4.3288 30.6965 1.5818 0.4159
Car -1 -1 2.2152 0.0000 763.2309 114.8194 889.9815 1.4113 1.7485 4.0345 -15.2233 3.7481 23.2035 1.6210 0.3713
Car -1 -1 -1.4919 810.5292 783.1181 888.4659 856.9070 1.4893 1.7501 3.6424 -2.9342 5.9036 39.8876 -1.5547 0.3712
