Pedestrian -1 -1 1.4962 1109.4988 790.5741 1151.2866 896.8350 1.6504 0.6483 0.6556 2.7828 4.4196 24.6501 1.6267 0.5292
Pedestrian -1 -1 -1.6538 1063.8230 751.9105 1136.1453 949.9880 1.7234 0.6231 0.6665 1.2710 2.9239 13.7923 -1.5418 0.5272
Pedestrian -1 -1 1.3784 1178.0508 742.6110 1253.3185 920.1327 1.7826 0.6752 0.7290 2.6899 3.0602 15.8656 1.5719 0.5018
Cyclist -1 -1 -1.5639 904.0721 749.8832 965.2587 887.0355 1.6673 0.8141 1.8832 -0.3537 3.4876 20.8382 -1.5704 0.7702
Car -1 -1 -1.4041 575.7856 744.1097 803.7316 942.9838 1.5589 1.7677 3.6217 -2.7157 2.9571 15.7209 -1.5795 0.9235
Car -1 -1 -1.1520 21.8997 706.7657 675.1021 1153.3555 1.5662 1.8117 3.8538 -2.8210 2.1053 7.9020 -1.5511 0.8736
Car -1 -1 -1.4389 760.3420 764.2832 879.4109 867.7797 1.6244 1.9084 4.3367 -2.9076 4.7801 31.6444 -1.5217 0.8617
Car -1 -1 -1.4744 820.4943 779.5906 894.3594 847.1586 1.4636 1.7277 3.8597 -2.9627 6.1497 43.3397 -1.5316 0.6868
Car -1 -1 -1.4492 798.0898 775.6155 888.8776 855.3644 1.4799 1.7528 3.7753 -2.8576 5.4025 36.9884 -1.5162 0.5607
Car -1 -1 -1.4539 657.3947 769.3679 813.6390 911.9478 1.5111 1.7801 3.7868 -3.1677 3.7873 21.6464 -1.5962 0.3807
