Pedestrian -1 -1 1.4711 1136.6957 769.2461 1184.3800 895.0571 1.6841 0.6208 0.5623 2.7930 3.7395 20.9970 1.6235 0.5454
Pedestrian -1 -1 -1.5729 1042.7632 762.6173 1098.6661 921.2731 1.6969 0.6180 0.5851 1.2383 3.2795 16.8664 -1.4824 0.4692
Pedestrian -1 -1 1.5072 1077.3900 789.8438 1112.3964 879.5772 1.6942 0.6651 0.6521 2.6608 5.0212 29.8235 1.6124 0.4151
Cyclist -1 -1 -1.5795 889.0220 756.6884 945.1342 895.1382 1.6905 0.7520 1.8495 -0.6187 3.6214 20.9752 -1.5993 0.5476
Car -1 -1 -0.8839 0.0000 690.1868 557.2706 1216.0000 1.4797 1.7022 3.4729 -2.7243 1.7737 4.9628 -1.5279 0.9449
Car -1 -1 -1.2701 393.5184 741.7756 763.1686 1021.1942 1.5593 1.8133 3.7432 -2.8118 2.6360 11.8616 -1.5209 0.9289
Car -1 -1 -1.3911 651.6664 762.4329 844.7208 922.7416 1.5409 1.8314 3.8698 -2.6905 3.5380 19.7394 -1.5242 0.8650
Car -1 -1 -1.4446 782.0920 766.7922 890.6124 861.3211 1.6519 1.9549 4.7428 -2.9086 5.2808 35.8246 -1.5157 0.8348
Car -1 -1 -1.5049 835.8926 783.6421 899.3891 843.6939 1.4128 1.7111 3.8381 -2.9229 6.6421 47.3303 -1.5551 0.5430
Car -1 -1 2.0750 13.5092 760.5960 240.6588 873.9310 1.4851 1.7889 4.0577 -14.6323 4.0753 26.5090 1.5624 0.3955
Car -1 -1 1.9875 156.3184 763.9556 332.1236 860.0080 1.5111 1.8490 4.1021 -15.0397 4.6447 31.6212 1.5407 0.3057
