Pedestrian -1 -1 -1.6466 1047.9811 757.5910 1117.0944 947.8699 1.7779 0.6436 0.7047 1.1946 3.1261 14.8343 -1.5478 0.5810
Pedestrian -1 -1 1.5338 1095.7418 779.6841 1133.6851 878.1565 1.6315 0.6512 0.7136 2.6999 4.3996 26.3614 1.6530 0.5419
Pedestrian -1 -1 1.3564 1155.9800 758.4846 1219.1307 907.3740 1.6577 0.6310 0.5843 2.6425 3.2485 17.5029 1.5292 0.4120
Cyclist -1 -1 -1.5197 899.6606 760.4359 961.9437 896.7350 1.6792 0.7703 1.8304 -0.4134 3.6855 21.2056 -1.5287 0.7393
Car -1 -1 -1.2473 193.3190 702.7252 698.3565 1081.8612 1.6368 1.8224 3.8881 -2.8464 2.2184 9.2175 -1.5859 0.9038
Car -1 -1 -1.4948 766.5472 767.5339 874.7354 870.6079 1.6781 1.9833 4.5818 -3.0202 5.0448 33.0007 -1.5769 0.8860
Car -1 -1 -1.3430 597.3399 748.2312 827.4957 931.1940 1.5367 1.7705 3.8054 -2.7145 3.1137 17.1620 -1.5014 0.8164
Car -1 -1 -1.5111 821.0028 778.2637 888.9598 844.6641 1.5252 1.7657 3.6625 -3.1316 6.2916 44.6447 -1.5700 0.8113
Car -1 -1 -0.3250 0.0000 665.1348 261.2642 1216.0000 1.4380 1.7313 3.8543 -2.6762 1.5477 2.1109 -1.6216 0.6370
Car -1 -1 -1.4534 678.4310 782.1652 822.9067 914.2066 1.4907 1.7650 3.6217 -3.1580 4.1065 23.0498 -1.5850 0.4559
Car -1 -1 -1.4488 793.6982 779.1841 880.4618 855.5050 1.4870 1.7584 3.6186 -3.1440 5.6474 38.4740 -1.5201 0.3673
