Pedestrian -1 -1 -1.5094 1044.8511 767.6458 1100.8165 926.9940 1.6570 0.5706 0.5851 1.2340 3.2619 16.4799 -1.4172 0.6150
Pedestrian -1 -1 1.4698 1139.1533 768.0363 1191.4893 898.0379 1.6931 0.6625 0.6713 2.8057 3.6995 20.6082 1.6256 0.6128
Pedestrian -1 -1 1.4320 1078.0662 792.0837 1115.4299 880.1880 1.6396 0.6558 0.6835 2.6700 4.9790 29.5185 1.5385 0.3212
Cyclist -1 -1 -1.4760 893.3712 754.8160 958.3245 893.5399 1.6994 0.7207 1.8938 -0.4804 3.6185 21.1166 -1.4886 0.4917
Cyclist -1 -1 1.7710 529.9233 743.2424 616.7466 898.4247 1.6821 0.6908 1.9198 -4.8176 3.2379 18.6810 1.5120 0.4568
Car -1 -1 -1.2754 373.0907 737.0771 750.2107 1025.0238 1.5706 1.8040 3.7394 -2.8503 2.5782 11.5343 -1.5380 0.9459
Car -1 -1 -0.8317 0.0000 681.7513 546.6596 1216.0000 1.5218 1.7700 3.7446 -2.7708 1.7719 4.6689 -1.5254 0.8775
Car -1 -1 -1.4149 651.0541 769.9110 836.3251 924.5860 1.4227 1.7673 3.9190 -2.7078 3.4992 19.4376 -1.5514 0.8721
Car -1 -1 -1.4769 781.0314 774.8502 888.2825 875.3965 1.7578 2.0544 4.6371 -2.9203 5.5486 35.4648 -1.5491 0.8626
Car -1 -1 -1.5166 835.0505 789.7413 897.5177 849.9553 1.3946 1.7096 3.8152 -2.9459 6.7867 47.0061 -1.5677 0.6740
Car -1 -1 -1.4440 808.9344 789.2076 892.5843 862.6963 1.4684 1.7547 3.8763 -2.9608 6.1674 40.7764 -1.5056 0.3922
