Pedestrian -1 -1 1.3653 1170.2716 749.3572 1236.8651 904.1490 1.6835 0.6431 0.6733 2.7730 3.1403 17.1605 1.5494 0.4814
Pedestrian -1 -1 -1.6148 1055.2589 762.4252 1118.0887 937.5651 1.6122 0.5951 0.5957 1.2156 2.9816 14.5751 -1.5128 0.4806
Pedestrian -1 -1 1.4957 1096.4307 777.3966 1135.0520 877.1243 1.6449 0.6325 0.6265 2.6807 4.3290 25.9938 1.6157 0.3481
Cyclist -1 -1 -1.5132 900.8272 749.4763 963.9482 885.3527 1.6901 0.7722 1.8494 -0.3918 3.5407 21.2724 -1.5212 0.7770
Car -1 -1 -1.2343 149.6068 708.7947 692.9329 1105.3752 1.6062 1.8519 3.9858 -2.8539 2.2189 8.9134 -1.5866 0.8953
Car -1 -1 -1.3289 575.2413 734.4078 820.2253 922.9383 1.5792 1.8227 3.8847 -2.8177 2.9604 16.8583 -1.4974 0.8277
Car -1 -1 -1.4406 758.0543 764.1946 878.1107 871.6097 1.7440 1.9823 4.6099 -3.0423 5.0105 32.7199 -1.5242 0.8136
Car -1 -1 -1.5189 817.1129 775.2341 887.9722 845.3024 1.5855 1.8477 3.9710 -3.1800 6.2480 44.3866 -1.5794 0.8034
Car -1 -1 -0.2386 0.0000 0.0000 1936.0000 1216.0000 1.3970 1.7539 3.9974 -2.6804 1.4857 1.7747 -1.6557 0.5440
Car -1 -1 -1.4292 791.8097 774.3535 881.1228 850.6216 1.4875 1.7500 3.7127 -3.1660 5.5340 38.5764 -1.5009 0.4567
Car -1 -1 2.1965 0.0000 748.8096 41.7816 890.1948 1.4274 1.7609 4.0724 -14.8611 3.3155 20.7384 1.5560 0.3168
