Pedestrian -1 -1 1.4582 1155.5920 757.8516 1213.0116 902.3929 1.7240 0.6599 0.6022 2.7893 3.4188 18.7438 1.6280 0.5289
Pedestrian -1 -1 1.4325 1089.4115 783.2840 1128.6313 876.0068 1.6191 0.6440 0.6768 2.7265 4.5832 27.6403 1.5477 0.4901
Pedestrian -1 -1 -1.5274 1045.0280 769.3541 1109.4491 941.7437 1.6897 0.6324 0.7052 1.2248 3.2452 15.7100 -1.4317 0.4574
Cyclist -1 -1 -1.5465 895.2570 760.1779 961.1180 903.4683 1.7589 0.8651 1.9924 -0.4483 3.7719 21.2509 -1.5572 0.5368
Cyclist -1 -1 1.8348 477.3733 724.0590 582.4900 897.8197 1.7234 0.6894 1.8724 -4.8285 2.9037 16.8558 1.5444 0.4915
Car -1 -1 -1.2495 278.5395 721.8731 721.8997 1057.6240 1.6048 1.7915 3.7585 -2.8489 2.3849 10.1366 -1.5535 0.8899
Car -1 -1 -1.4891 771.4895 770.5696 878.4815 872.0610 1.6910 1.9937 4.7057 -3.0176 5.2358 34.0345 -1.5681 0.8538
Car -1 -1 -1.3317 619.5064 759.2076 838.1896 930.1377 1.5029 1.7616 3.7627 -2.6937 3.3108 18.1750 -1.4786 0.8468
Car -1 -1 -0.5936 0.0000 639.3979 427.2842 1216.0000 1.5125 1.7911 3.9050 -2.7409 1.5627 3.2157 -1.5708 0.8055
Car -1 -1 -1.5404 829.8201 777.8038 890.8466 840.9615 1.4687 1.7070 3.7188 -3.0503 6.3399 45.7608 -1.5958 0.7761
Car -1 -1 -1.4950 809.0186 783.0544 887.9822 857.7572 1.4742 1.7503 3.7138 -2.9139 5.8266 39.2870 -1.5584 0.4208
Car -1 -1 2.0425 51.6467 752.8097 255.8323 858.3910 1.5516 1.8165 4.1699 -15.6187 4.2286 29.1907 1.5453 0.3758
Car -1 -1 2.2249 0.0000 762.7713 114.2709 889.2626 1.4076 1.7440 3.9878 -15.1903 3.7289 23.1355 1.6302 0.3743
