Pedestrian -1 -1 -1.6531 1058.5018 763.0605 1125.4464 948.3788 1.6632 0.5958 0.6040 1.2334 3.0029 14.1914 -1.5471 0.5791
Pedestrian -1 -1 1.4934 1102.6437 786.9219 1142.3818 888.6075 1.6332 0.6344 0.6304 2.7343 4.4210 25.4005 1.6182 0.5760
Pedestrian -1 -1 1.3903 1165.5909 744.1294 1233.9768 908.0173 1.7434 0.6557 0.7023 2.6669 3.1087 16.7720 1.5720 0.5390
Cyclist -1 -1 -1.5081 902.8363 751.4047 967.5711 888.0983 1.6833 0.7785 1.8787 -0.3489 3.5538 21.1522 -1.5141 0.7110
Car -1 -1 -1.3993 588.8688 748.4773 806.9185 938.4017 1.5499 1.7451 3.5567 -2.7411 3.0439 16.2998 -1.5692 0.8872
Car -1 -1 -1.2141 107.2589 721.7109 679.5684 1130.2595 1.5227 1.7994 3.9539 -2.8491 2.2021 8.5056 -1.5847 0.8593
Car -1 -1 -1.4421 755.9371 767.1960 874.6139 874.9075 1.7250 1.9399 4.3849 -3.0465 4.9899 32.0793 -1.5279 0.8424
Car -1 -1 -1.5145 818.7977 776.3684 888.9753 844.6023 1.5163 1.7946 3.9651 -3.1154 6.1776 44.0344 -1.5742 0.8032
Car -1 -1 2.0643 0.0000 746.1273 215.6121 857.0363 1.5365 1.8333 4.2339 -15.6567 3.9439 27.5514 1.5394 0.3107
Car -1 -1 2.0397 178.8200 764.3078 349.5287 854.3333 1.4986 1.8210 4.0038 -15.3712 4.7845 33.2166 1.6046 0.3071
Car -1 -1 -1.4323 662.6761 761.1165 819.1920 898.4530 1.5522 1.8025 3.9103 -3.2476 3.8014 22.7365 -1.5705 0.2991
Car -1 -1 -1.4321 795.7582 775.8728 889.4497 858.0829 1.5795 1.8171 3.8154 -2.9519 5.6070 37.9262 -1.4995 0.2964
