Pedestrian -1 -1 1.4999 1093.6615 777.5397 1133.0074 878.1345 1.7253 0.6732 0.6615 2.7455 4.5212 27.0455 1.6181 0.5762
Pedestrian -1 -1 -1.6069 1048.4539 755.8662 1110.9316 933.5484 1.7108 0.6213 0.6387 1.2000 3.0745 15.2340 -1.5102 0.4503
Pedestrian -1 -1 1.3840 1145.2511 756.5569 1205.2852 902.7234 1.7094 0.6405 0.5879 2.6176 3.3499 18.3330 1.5477 0.4107
Cyclist -1 -1 -1.5430 896.4305 759.1540 958.8707 894.4872 1.6658 0.8142 1.9066 -0.4585 3.6617 21.2722 -1.5542 0.6040
Car -1 -1 -1.5072 769.3071 767.5950 875.0112 870.7802 1.6974 2.0150 4.7802 -3.0466 5.1396 33.6660 -1.5882 0.9004
Car -1 -1 -1.2772 245.6510 714.5211 709.1857 1077.5631 1.6486 1.8375 3.8912 -2.8431 2.3496 9.7296 -1.5950 0.8814
Car -1 -1 -1.5235 823.3371 780.3311 888.5504 845.9018 1.5184 1.7536 3.6891 -3.1483 6.4167 45.2735 -1.5817 0.7800
Car -1 -1 -1.3408 606.8454 756.9358 835.2950 936.4946 1.5257 1.7972 3.9552 -2.7061 3.2734 17.7521 -1.4925 0.7772
Car -1 -1 -0.4585 0.0000 634.1754 380.1822 1216.0000 1.5142 1.8202 4.1645 -2.7817 1.5441 2.7361 -1.5711 0.7554
Car -1 -1 2.0056 211.8460 770.9319 373.0177 857.5164 1.5111 1.8692 4.2258 -15.7228 5.1766 35.4074 1.5877 0.4152
Car -1 -1 2.0508 52.4984 748.3813 262.0480 854.3812 1.5444 1.8368 4.1857 -15.3389 4.0970 28.8056 1.5551 0.4139
