Pedestrian -1 -1 1.4264 1146.0997 765.3705 1203.5515 902.2017 1.7257 0.6733 0.7629 2.8548 3.6449 20.0437 1.5889 0.6622
Pedestrian -1 -1 -1.5106 1043.9349 762.9738 1103.9493 925.7180 1.6696 0.6045 0.6624 1.2374 3.2137 16.3496 -1.4175 0.5214
Pedestrian -1 -1 1.4919 1083.3379 795.2322 1120.0970 887.3974 1.6662 0.6608 0.6617 2.6852 4.9669 28.6373 1.6019 0.3605
Cyclist -1 -1 -1.5687 892.5814 757.8386 957.7159 900.1769 1.7509 0.8808 1.9442 -0.4994 3.7223 21.1983 -1.5821 0.5262
Cyclist -1 -1 1.7674 514.6623 736.2473 603.4382 902.0732 1.7421 0.6827 1.9158 -4.8143 3.1560 18.0077 1.4981 0.4224
Car -1 -1 -1.2978 368.9833 742.0455 735.7004 1030.7670 1.5221 1.7450 3.5660 -2.8215 2.5328 11.1169 -1.5689 0.9243
Car -1 -1 -1.4779 777.0155 779.3924 883.5497 878.6773 1.6778 2.0023 4.7008 -2.9834 5.5393 35.0093 -1.5530 0.8619
Car -1 -1 -0.8010 0.0000 678.8540 508.0058 1216.0000 1.4594 1.7275 3.7122 -2.7290 1.6796 4.2358 -1.5589 0.8615
Car -1 -1 -1.3832 641.3536 769.1135 835.8844 928.9874 1.4561 1.7481 3.7892 -2.7149 3.4791 19.0435 -1.5233 0.8488
Car -1 -1 -1.5356 833.4971 789.6290 895.0359 850.6315 1.3755 1.7226 3.9623 -2.9748 6.7168 46.4935 -1.5880 0.7371
Car -1 -1 -1.4710 808.8690 793.6086 888.9049 867.0803 1.4599 1.7466 3.7477 -2.9844 6.2289 40.3676 -1.5339 0.4021
