Pedestrian -1 -1 -1.6312 1148.2576 752.2600 1241.6595 1013.7759 1.7232 0.6351 0.7369 1.6521 2.6650 10.6532 -1.4465 0.6938
Pedestrian -1 -1 1.3807 1322.9828 749.8521 1424.3206 997.9013 1.6870 0.6226 0.6607 2.9948 2.6288 10.9055 1.6934 0.5775
Pedestrian -1 -1 1.5919 1151.3234 857.0164 1205.9742 1001.0687 1.7010 0.6703 0.6716 2.8126 4.7601 19.3159 1.7581 0.4842
Cyclist -1 -1 -1.5869 920.2988 768.5596 980.0042 907.0070 1.6727 0.7993 1.8669 -0.1604 3.7757 20.9535 -1.5833 0.5452
Car -1 -1 -1.3388 457.6114 749.1934 785.5118 1018.7959 1.5010 1.7421 3.5673 -2.4788 2.6281 11.7692 -1.5619 0.9459
Car -1 -1 -1.4723 759.3126 771.7739 889.8936 893.6472 1.6466 1.9446 4.4678 -2.4517 4.6066 27.8855 -1.5516 0.8984
Car -1 -1 -0.7284 0.0000 670.7739 538.7084 1216.0000 1.4857 1.7786 3.8238 -2.6314 1.6672 3.9586 -1.5195 0.8429
Car -1 -1 -1.4795 830.5536 799.1235 912.1883 876.2678 1.4731 1.7571 3.8772 -2.3200 6.2997 39.4536 -1.5269 0.7486
Car -1 -1 -1.5045 812.3926 784.6733 907.4906 877.0839 1.5214 1.8187 3.9383 -2.2037 5.3057 33.4415 -1.5600 0.4323
Car -1 -1 2.0892 308.3336 764.5020 469.5037 849.0676 1.5967 1.8872 4.4480 -14.5561 5.3929 38.3210 1.7285 0.3627
Car -1 -1 2.0010 412.9859 763.4954 539.9382 834.4275 1.6025 1.9349 4.5083 -14.6119 6.0239 45.3498 1.6946 0.3202
