Pedestrian -1 -1 1.3714 1270.6234 749.8861 1362.2589 966.5724 1.6932 0.6326 0.7588 2.9678 2.7754 12.5480 1.6399 0.6629
Pedestrian -1 -1 -1.5931 1122.5734 750.1968 1201.9015 983.0162 1.7044 0.5962 0.5759 1.5624 2.7057 11.6250 -1.4328 0.4742
Pedestrian -1 -1 -1.2503 247.0229 735.0118 346.0836 957.4089 1.6402 0.5776 0.5332 -5.1602 2.5190 11.6319 -1.7045 0.4526
Pedestrian -1 -1 1.4996 1152.2039 831.4766 1202.5920 956.2972 1.6499 0.6796 0.7224 3.0937 4.6673 21.4525 1.6635 0.3291
Pedestrian -1 -1 -2.5547 447.6508 755.5315 515.3271 884.1112 1.7397 0.6243 0.6947 -6.8696 3.6458 21.4269 -2.8713 0.3239
Cyclist -1 -1 -1.5201 916.7806 778.5980 983.5404 920.1055 1.6471 0.7957 1.8109 -0.1315 3.8334 20.3453 -1.5152 0.4404
Cyclist -1 -1 1.7334 621.8013 760.7947 692.2090 894.6029 1.7550 0.7295 1.9967 -4.5903 3.9077 22.6783 1.5344 0.3406
Cyclist -1 -1 -0.5522 654.6014 848.1234 764.0985 951.7082 1.8905 0.7340 2.3224 -5.5063 6.9397 32.7906 -0.7099 0.2560
Car -1 -1 -0.9573 0.0000 691.5469 586.2472 1216.0000 1.4769 1.7790 3.9599 -2.7199 1.8000 5.2601 -1.5623 0.9490
Car -1 -1 -1.3966 514.9286 749.7095 786.3655 988.1817 1.5043 1.7387 3.4810 -2.5499 2.7406 13.0474 -1.6004 0.9446
Car -1 -1 -1.4706 755.3819 775.5413 885.5100 894.6638 1.6723 2.0235 4.5646 -2.6431 4.8368 29.1133 -1.5524 0.8840
Car -1 -1 -1.5004 827.5308 784.5563 902.3980 857.9185 1.5169 1.7413 3.6378 -2.5787 6.0625 40.7419 -1.5525 0.6254
Car -1 -1 -1.6203 849.0552 792.4195 910.7377 859.6844 1.6514 1.9157 4.5085 -2.8016 7.5888 50.6693 -1.6634 0.3100
