Pedestrian -1 -1 1.3701 1340.4011 739.0845 1452.3763 1003.7185 1.7109 0.6451 0.7276 3.0161 2.5371 10.4178 1.7000 0.7133
Pedestrian -1 -1 -1.6844 1152.2400 735.0571 1251.7073 1001.4811 1.7395 0.6304 0.6913 1.6677 2.5355 10.4376 -1.4940 0.5372
Pedestrian -1 -1 1.4889 1154.8782 841.8402 1209.4240 979.7544 1.6282 0.6506 0.5766 2.7950 4.4248 18.9624 1.6571 0.4554
Cyclist -1 -1 -1.5785 919.2785 779.2525 982.3752 915.5622 1.6572 0.8539 1.8130 -0.1441 3.9334 21.1448 -1.5739 0.6557
Car -1 -1 -1.3153 440.7206 747.7397 786.0638 1024.6799 1.4962 1.7424 3.5120 -2.4601 2.5816 11.4355 -1.5443 0.9413
Car -1 -1 -1.4441 761.1678 775.1776 894.0326 891.4460 1.5369 1.8694 4.2835 -2.3742 4.5303 27.6020 -1.5215 0.9085
Car -1 -1 -0.6591 0.0000 673.4303 520.0067 1216.0000 1.4551 1.7359 3.7296 -2.6564 1.6403 3.7786 -1.4913 0.7764
Car -1 -1 -1.4510 831.3987 799.7553 915.5741 875.2122 1.4133 1.7073 3.8174 -2.2428 6.2139 39.0900 -1.4970 0.7026
Car -1 -1 2.0794 140.1725 765.9661 332.0655 863.1176 1.4906 1.8305 4.0984 -14.9707 4.6258 31.1374 1.6281 0.4749
Car -1 -1 1.9616 407.1838 778.1417 530.8608 852.2553 1.6292 1.9431 4.4086 -14.5787 6.4282 44.5568 1.6509 0.4001
Car -1 -1 2.0725 281.8185 753.6816 435.2592 832.5939 1.5005 1.8129 4.1222 -15.0665 4.9266 37.6285 1.6927 0.3820
Car -1 -1 -1.4599 753.1320 795.0974 852.6528 882.8292 1.4244 1.7814 3.9430 -3.5327 5.5167 33.9713 -1.5543 0.3741
