Pedestrian -1 -1 1.3941 1253.9658 764.9365 1341.8981 973.7524 1.6967 0.6457 0.8046 2.9475 2.9679 13.1489 1.6485 0.6743
Pedestrian -1 -1 1.4722 1145.1921 825.4684 1195.9877 948.1857 1.6809 0.6893 0.6982 3.0815 4.6893 22.0608 1.6311 0.5525
Pedestrian -1 -1 -1.6867 1094.0654 746.6837 1176.0157 970.6495 1.7185 0.6038 0.6718 1.4071 2.7392 12.1905 -1.5481 0.3851
Cyclist -1 -1 -1.5322 905.8573 775.9546 969.1887 918.6508 1.6877 0.7804 1.8500 -0.3080 3.8644 20.6109 -1.5362 0.5019
Cyclist -1 -1 1.3736 1253.2568 764.6863 1344.9629 974.9308 1.6923 0.6527 0.8388 2.9362 2.9536 13.0566 1.6289 0.1083
Car -1 -1 -1.3906 533.2013 749.4826 788.9238 972.3867 1.4910 1.7007 3.3911 -2.5889 2.7685 13.6243 -1.5877 0.9558
Car -1 -1 -1.0076 0.0000 686.5422 609.8344 1216.0000 1.5704 1.7747 3.8370 -2.7232 1.8882 5.7769 -1.5547 0.9196
Car -1 -1 -1.4919 757.4107 777.9624 878.7894 895.7465 1.6849 1.9868 4.5441 -2.7401 4.9462 29.5864 -1.5755 0.8610
Car -1 -1 -1.4693 823.4528 785.1161 904.6471 861.1039 1.5761 1.8123 3.9058 -2.6414 6.2281 41.4261 -1.5218 0.8491
Car -1 -1 -1.6071 851.5988 785.1725 910.6990 848.8550 1.6008 1.9058 4.3164 -2.7749 7.3081 51.0258 -1.6494 0.5099
Car -1 -1 -1.4795 794.0348 785.8796 885.3888 871.9901 1.4931 1.7467 3.6880 -2.7696 5.4353 34.7580 -1.5490 0.4668
