Pedestrian -1 -1 1.5845 1156.1263 863.9481 1206.6676 996.5541 1.6876 0.6731 0.6631 3.0680 5.0764 20.8130 1.7519 0.5366
Pedestrian -1 -1 1.4580 1278.5540 750.8138 1364.3082 973.3323 1.6861 0.6268 0.7252 2.9268 2.7478 12.2014 1.7308 0.5109
Pedestrian -1 -1 -1.6044 1124.5863 745.7336 1209.2948 987.1948 1.7314 0.6282 0.7864 1.5893 2.7022 11.5846 -1.4410 0.3931
Pedestrian -1 -1 -1.2799 228.4490 735.6218 331.6840 963.1205 1.6276 0.5934 0.5502 -5.1522 2.4907 11.3352 -1.7455 0.3231
Pedestrian -1 -1 -1.6593 1015.0547 746.4233 1093.0470 978.9320 1.7233 0.5690 0.5305 0.7148 2.6903 11.6320 -1.5804 0.2957
Car -1 -1 -1.3742 506.3412 756.0239 786.7582 995.3681 1.4589 1.6968 3.4304 -2.5171 2.7261 12.7284 -1.5812 0.9607
Car -1 -1 -0.9082 0.0000 693.1126 576.8702 1216.0000 1.4985 1.7959 4.0578 -2.7470 1.8205 5.0122 -1.5488 0.9062
Car -1 -1 -1.4484 754.3248 777.3295 884.1673 891.3679 1.5775 1.9249 4.3077 -2.6369 4.7293 28.7315 -1.5314 0.9041
Car -1 -1 -1.5063 828.4012 792.6970 902.8641 866.4339 1.4951 1.7386 3.6541 -2.5465 6.2485 40.5254 -1.5579 0.7134
Car -1 -1 -1.6211 851.9493 793.1224 913.8372 861.4994 1.6653 1.8880 4.3510 -2.6509 7.5160 49.7581 -1.6622 0.2767
