Pedestrian -1 -1 1.3918 1228.3120 753.0009 1307.1357 944.8441 1.7106 0.6380 0.6747 2.8925 2.9540 14.1609 1.6237 0.6050
Pedestrian -1 -1 -1.6114 1085.6246 751.5715 1161.4590 965.5959 1.7063 0.6238 0.6563 1.3709 2.8119 12.6975 -1.4814 0.5911
Pedestrian -1 -1 1.4233 1123.1388 792.1751 1169.6971 903.3808 1.6250 0.6384 0.6354 2.8591 4.2484 23.1334 1.5651 0.5305
Cyclist -1 -1 -1.5364 906.1424 770.8840 965.1000 910.7460 1.6714 0.7341 1.8574 -0.3382 3.7907 20.7707 -1.5419 0.6277
Cyclist -1 -1 2.0904 438.1949 760.8558 546.8961 889.9449 1.7102 0.7505 1.9008 -7.1607 3.8879 22.9448 1.7837 0.3780
Car -1 -1 -1.3672 547.1447 750.8812 800.2692 964.3392 1.5051 1.7130 3.4479 -2.6114 2.8589 14.3330 -1.5547 0.9235
Car -1 -1 -1.4596 755.7755 777.1414 879.3500 891.1707 1.6921 1.9728 4.4206 -2.8311 5.0145 30.3992 -1.5436 0.9001
Car -1 -1 -1.1145 0.0000 697.6094 624.5049 1216.0000 1.5985 1.8320 3.8256 -2.8161 2.0180 6.6946 -1.5930 0.8337
Car -1 -1 -1.4867 822.9891 783.8952 896.6954 851.7230 1.4268 1.7242 3.7095 -2.8133 6.1072 42.1433 -1.5424 0.8062
Car -1 -1 -1.5087 799.2043 783.9271 885.1689 868.4009 1.4926 1.7591 3.8019 -2.7726 5.4710 35.5057 -1.5765 0.4522
Car -1 -1 -1.5636 852.3258 788.2149 906.8830 846.0340 1.4644 1.8040 4.1194 -2.7890 7.3463 51.7696 -1.6054 0.4108
