Pedestrian -1 -1 -1.5672 1066.9629 766.9618 1135.1820 958.9627 1.6309 0.6001 0.6032 1.2711 2.9483 13.5332 -1.4531 0.6689
Pedestrian -1 -1 1.3634 1193.0062 748.0774 1272.0901 927.4833 1.7506 0.6799 0.7644 2.8017 3.0589 15.5007 1.5691 0.5613
Pedestrian -1 -1 1.4965 1116.2462 788.1451 1159.1439 897.3768 1.6683 0.6544 0.6371 2.8487 4.3456 24.1883 1.6321 0.4999
Pedestrian -1 -1 1.8421 497.2264 764.3159 547.6968 873.0555 1.6838 0.6403 0.6401 -7.1294 3.9810 24.3157 1.5545 0.4183
Cyclist -1 -1 -1.5345 899.4598 761.3115 964.2961 899.8413 1.6739 0.8167 1.8652 -0.3903 3.6640 20.8730 -1.5427 0.6990
Car -1 -1 -1.3673 559.6410 746.5651 802.5062 947.6516 1.5166 1.7366 3.6500 -2.7302 2.9158 15.3540 -1.5487 0.8951
Car -1 -1 -1.1502 0.0000 708.2972 666.1340 1184.7037 1.5697 1.8516 4.0655 -2.8512 2.1115 7.6779 -1.5660 0.8121
Car -1 -1 -1.4384 750.8463 766.4343 879.4066 880.5574 1.7809 2.0550 4.5936 -2.9809 4.9830 31.4903 -1.5239 0.7626
Car -1 -1 -1.4736 819.5255 779.7723 894.8251 849.6029 1.5161 1.7552 3.8166 -2.9477 6.1729 43.0238 -1.5310 0.7372
Car -1 -1 -1.5257 813.5511 775.9234 894.6183 857.5474 1.5010 1.7646 3.8657 -2.5739 5.3984 36.6459 -1.5855 0.4830
