Pedestrian -1 -1 1.3653 1296.2080 758.0034 1390.4752 982.8376 1.6342 0.6138 0.6271 2.9551 2.6975 11.6084 1.6550 0.5979
Pedestrian -1 -1 -1.6102 1136.4797 746.6086 1226.2468 1001.5690 1.7469 0.6355 0.7819 1.6261 2.6843 11.0873 -1.4356 0.5705
Pedestrian -1 -1 -1.1688 203.0916 735.0483 311.4487 967.0905 1.6172 0.5692 0.5309 -5.1597 2.4473 10.9825 -1.6499 0.4080
Pedestrian -1 -1 2.1676 1134.7404 872.4240 1202.9937 1008.7729 1.6580 0.6392 0.6897 2.8273 5.1061 20.3618 2.3264 0.3574
Pedestrian -1 -1 -2.0293 1516.8375 634.2839 1756.5243 1160.3857 1.7384 0.6153 0.5745 2.3535 1.7735 5.2668 -1.4798 0.2961
Cyclist -1 -1 -1.5954 910.9583 760.0670 966.9638 897.8389 1.6785 0.7533 1.8996 -0.3279 3.6693 21.0645 -1.6003 0.4980
Car -1 -1 -1.3515 478.2539 751.1627 782.0492 1003.0546 1.4775 1.7135 3.5437 -2.5486 2.6676 12.3226 -1.5692 0.9472
Car -1 -1 -1.4617 759.5223 775.3133 890.8441 895.6655 1.6372 1.9478 4.5230 -2.4827 4.7199 28.3582 -1.5404 0.9087
Car -1 -1 -0.8444 0.0000 674.3274 568.8057 1216.0000 1.5286 1.7482 3.6720 -2.6555 1.7444 4.6515 -1.5206 0.8961
Car -1 -1 -1.4768 828.9897 791.7687 909.6035 868.2162 1.5182 1.7627 3.7785 -2.4127 6.2009 40.0384 -1.5258 0.6824
Car -1 -1 -1.4779 800.1154 789.2484 893.1251 877.5627 1.5089 1.7529 3.6227 -2.5678 5.4712 34.2180 -1.5426 0.3278
