Pedestrian -1 -1 1.3852 1237.3018 758.5228 1319.2817 954.4772 1.6821 0.6278 0.7747 2.9126 2.9506 13.7920 1.6250 0.6247
Pedestrian -1 -1 1.8077 464.1282 766.4662 519.3198 884.6030 1.6972 0.6612 0.6783 -7.1249 3.8816 22.7133 1.4992 0.5068
Pedestrian -1 -1 -1.6818 1086.9631 751.6661 1166.7002 968.0415 1.7033 0.6070 0.6405 1.3731 2.7890 12.4817 -1.5494 0.4988
Pedestrian -1 -1 1.4238 1126.6445 804.7613 1177.4554 924.1469 1.6955 0.6819 0.6585 2.8725 4.4486 22.5607 1.5697 0.4302
Pedestrian -1 -1 -1.2847 300.6233 752.7554 391.8465 950.7419 1.5697 0.5862 0.5631 -5.1663 2.6730 12.5855 -1.7042 0.3577
Cyclist -1 -1 -1.5519 900.6601 773.9106 965.1858 915.8154 1.7002 0.8419 1.8690 -0.3748 3.8693 20.8296 -1.5592 0.6165
Car -1 -1 -1.3874 543.0930 751.1093 791.9363 968.2546 1.4998 1.6934 3.3657 -2.6063 2.8227 13.9844 -1.5799 0.9375
Car -1 -1 -1.0760 0.0000 674.0474 620.4112 1216.0000 1.6605 1.8058 3.6826 -2.7538 1.9289 6.3216 -1.5766 0.9067
Car -1 -1 -1.4703 753.7151 778.4717 880.1051 896.2111 1.7018 2.0189 4.6333 -2.8021 5.0258 30.0345 -1.5545 0.8420
Car -1 -1 -1.4939 821.1753 789.2908 895.4335 859.8015 1.4592 1.7394 3.7923 -2.8304 6.2630 41.7852 -1.5504 0.8312
Car -1 -1 -1.5196 807.2189 786.8541 890.4401 870.8777 1.4487 1.7098 3.8007 -2.5829 5.4525 35.0595 -1.5829 0.4663
