Pedestrian -1 -1 -1.6508 1193.6345 743.1880 1299.7644 1038.5824 1.7143 0.6252 0.7143 1.7794 2.4892 9.3971 -1.4249 0.6420
Pedestrian -1 -1 1.3063 1404.2526 723.6263 1543.8157 1033.7047 1.6721 0.6388 0.7090 2.9669 2.2728 8.7063 1.6981 0.5237
Pedestrian -1 -1 1.4952 1184.4062 805.6088 1242.2754 955.3570 1.5797 0.6169 0.7237 2.8787 3.6967 17.1241 1.6862 0.4757
Cyclist -1 -1 -1.5214 941.6772 773.1717 1011.7993 911.9492 1.6750 0.8724 1.8842 0.2395 3.8631 21.0970 -1.4975 0.6575
Car -1 -1 -1.3356 386.6391 742.4182 774.7963 1067.4712 1.5244 1.7645 3.6175 -2.3472 2.4655 10.1532 -1.5864 0.9104
Car -1 -1 -1.4167 756.8145 781.5779 909.2897 911.5499 1.5759 1.9261 4.6364 -2.1395 4.5797 26.2810 -1.4894 0.8840
Car -1 -1 -1.4909 840.4798 790.2803 920.9311 869.0210 1.4869 1.7052 3.6298 -1.9908 5.8761 37.8423 -1.5322 0.7636
Car -1 -1 -0.3019 0.0000 647.5654 386.8179 1216.0000 1.4480 1.7821 4.0466 -2.6638 1.5151 2.3584 -1.5160 0.6857
Car -1 -1 2.1691 98.4375 750.6815 302.5460 846.6491 1.4372 1.7190 3.9337 -15.0613 4.1214 29.8533 1.6966 0.5675
Car -1 -1 -1.5728 867.4067 790.0955 927.9854 860.0353 1.6616 1.8405 4.1418 -1.9986 7.1456 47.5445 -1.6026 0.5375
Car -1 -1 2.1109 255.6647 761.7505 411.9666 842.1907 1.4689 1.7573 3.8525 -15.1205 4.9731 36.2595 1.7163 0.4804
