Pedestrian -1 -1 1.2206 1513.8813 729.9147 1697.7863 1124.4159 1.6695 0.6182 0.7237 2.9690 2.1856 6.9460 1.7160 0.5995
Pedestrian -1 -1 -1.7888 1223.2573 739.2183 1344.7207 1054.9049 1.6664 0.5722 0.6230 1.8105 2.3371 8.4504 -1.5313 0.5628
Pedestrian -1 -1 1.4688 1227.9086 790.2526 1295.2137 959.2026 1.6289 0.6370 0.6555 3.1036 3.3828 15.4971 1.6948 0.4881
Cyclist -1 -1 -1.5143 957.2073 787.9590 1033.6909 937.5109 1.7459 0.9205 1.8766 0.4928 4.0951 20.5673 -1.4768 0.6659
Car -1 -1 -1.3104 313.2150 734.6785 768.0109 1111.9500 1.5179 1.7516 3.5092 -2.2111 2.2952 8.8180 -1.5895 0.9381
Car -1 -1 -1.4494 771.0090 784.0347 917.2845 916.4360 1.5345 1.8629 4.3314 -1.8446 4.4166 24.8697 -1.5149 0.8819
Car -1 -1 -1.5006 839.8315 795.2378 928.4078 881.7511 1.5340 1.8353 4.0022 -1.8265 5.9267 36.5358 -1.5392 0.7891
Car -1 -1 2.1510 76.9155 755.4296 291.6864 863.0002 1.5435 1.7286 4.0231 -14.7268 4.2229 28.6102 1.6697 0.6734
Car -1 -1 -1.5451 878.4073 787.8861 943.1555 858.4127 1.6311 1.8465 4.1998 -1.5218 6.9195 46.4181 -1.5656 0.5576
Car -1 -1 2.0860 232.9662 768.6909 385.0854 850.4660 1.4406 1.6767 3.6364 -15.1391 4.9798 34.9113 1.6765 0.3747
Car -1 -1 -1.4004 809.4167 794.8342 924.1082 891.1951 1.4166 1.7128 3.5148 -1.8548 5.0748 30.3457 -1.4513 0.3700
