Pedestrian -1 -1 -1.7363 1290.9398 734.3054 1437.1478 1103.6675 1.7008 0.6377 0.7178 2.0081 2.2812 7.5295 -1.4149 0.6881
Pedestrian -1 -1 1.0416 1616.9777 703.5068 1875.9650 1188.4830 1.6996 0.6240 0.7931 3.0063 2.0262 5.7947 1.6441 0.5998
Pedestrian -1 -1 1.4501 1263.0394 775.4127 1339.9602 964.2278 1.6454 0.6428 0.7759 3.2062 3.1117 14.1411 1.7055 0.5646
Cyclist -1 -1 -1.5670 972.2594 788.2690 1038.6259 938.9843 1.7338 0.8584 1.9210 0.6173 4.0595 20.3083 -1.5226 0.6084
Car -1 -1 -1.2739 220.6423 731.6239 751.1238 1168.0339 1.5113 1.7137 3.5145 -2.1712 2.1959 7.8195 -1.5898 0.9558
Car -1 -1 -1.4676 767.3860 784.1235 920.3676 929.0083 1.6210 1.9356 4.3357 -1.7575 4.3870 23.7758 -1.5331 0.9458
Car -1 -1 -1.5029 845.4858 797.8061 936.4119 889.1960 1.5825 1.8435 3.9788 -1.6126 5.9274 35.5582 -1.5367 0.8673
Car -1 -1 2.1696 50.7499 752.4807 272.1763 857.1496 1.4448 1.6964 3.9399 -14.6664 3.9811 27.6819 1.6751 0.8461
Car -1 -1 -1.5182 880.2416 785.8624 948.5226 855.5166 1.5627 1.7980 4.0851 -1.3714 6.6511 45.2018 -1.5363 0.5160
Car -1 -1 -1.4301 812.0571 794.2115 922.3242 891.3337 1.4150 1.6892 3.3621 -1.8057 4.9688 29.6394 -1.4809 0.5106
Car -1 -1 2.0469 224.6038 758.6766 392.3264 848.1157 1.5311 1.7872 4.1854 -14.8032 4.7801 34.1722 1.6373 0.4623
