Pedestrian -1 -1 1.3976 1290.1874 778.8135 1376.4407 984.7321 1.6778 0.6399 0.7741 3.2791 3.0824 13.2291 1.6764 0.7606
Pedestrian -1 -1 0.9466 1733.8440 676.7740 1936.0000 1216.0000 1.7407 0.6420 0.6967 3.0059 1.9232 4.8841 1.6597 0.7293
Pedestrian -1 -1 -1.8559 1310.6877 742.1957 1489.0192 1145.7863 1.7395 0.6629 0.7408 2.0485 2.3243 7.0644 -1.5052 0.5982
Cyclist -1 -1 -1.5920 976.4689 791.1022 1043.9581 936.1844 1.6817 0.8825 1.9150 0.6642 4.0701 20.5218 -1.5455 0.5657
Cyclist -1 -1 1.3921 1290.0337 777.9862 1379.8385 988.5765 1.7005 0.6527 0.8631 3.2869 3.1002 13.2104 1.6718 0.1134
Car -1 -1 -1.2497 121.2796 726.2749 734.8203 1213.8800 1.4706 1.7226 3.5941 -2.1545 2.0749 7.0914 -1.6021 0.9524
Car -1 -1 -1.4235 765.0309 788.7937 928.4074 929.2584 1.4870 1.8667 4.2141 -1.6584 4.2565 23.0919 -1.4870 0.9435
Car -1 -1 -1.4710 846.4200 801.0538 946.2230 894.5508 1.5608 1.8819 4.0471 -1.4507 5.9177 34.9028 -1.5010 0.7373
Car -1 -1 -1.4953 886.0609 792.3152 961.1573 867.5038 1.6424 1.8658 4.2522 -1.0705 6.8755 44.5629 -1.5068 0.6112
Car -1 -1 2.1647 38.3419 758.4661 268.4509 869.1382 1.4737 1.7242 3.9836 -14.4192 4.0663 26.9622 1.6660 0.4565
