Pedestrian -1 -1 1.4323 1393.9636 741.6108 1513.0779 1040.4382 1.6616 0.6299 0.7269 2.9705 2.4033 9.0763 1.8077 0.6221
Pedestrian -1 -1 -1.6653 1191.0532 746.3530 1290.0692 1025.8040 1.6597 0.5851 0.5682 1.7595 2.4554 9.4780 -1.4438 0.4912
Cyclist -1 -1 -1.5369 937.7520 768.9730 1003.9623 911.3976 1.6901 0.8267 1.8823 0.1527 3.7725 20.6537 -1.5173 0.5991
Cyclist -1 -1 1.4966 1177.8517 790.2781 1243.1580 945.9883 1.5186 0.6604 1.6694 2.8631 3.5269 17.2930 1.6848 0.3252
Car -1 -1 -1.4468 762.1063 773.0063 902.9880 900.1139 1.6344 1.9268 4.3785 -2.1952 4.4973 26.6724 -1.5205 0.9063
Car -1 -1 -1.3722 426.0345 741.0370 773.4806 1047.2805 1.4916 1.7041 3.5298 -2.3164 2.4426 10.4465 -1.6119 0.8813
Car -1 -1 -1.4868 836.9055 784.4230 919.5074 862.8987 1.4931 1.7507 3.7735 -2.0699 5.7713 38.1845 -1.5299 0.7605
Car -1 -1 -0.3377 0.0000 629.1065 438.3018 1216.0000 1.5497 1.8023 3.9571 -2.6360 1.5627 2.5685 -1.4797 0.6723
Car -1 -1 2.1589 114.4947 752.6938 314.5103 847.4546 1.4353 1.7190 3.9684 -15.0177 4.2040 30.3236 1.6944 0.6369
Car -1 -1 2.0856 261.9400 765.5694 412.1973 846.1202 1.4859 1.7479 3.7612 -15.1263 5.1004 36.4514 1.6930 0.3728
Car -1 -1 -1.5587 875.0551 783.2465 936.2843 851.1762 1.6683 1.8705 4.0243 -1.7501 6.9845 48.1829 -1.5827 0.3597
Car -1 -1 -1.4743 816.6135 786.7675 918.3011 879.9330 1.4078 1.7227 3.8643 -1.9063 5.0211 31.4119 -1.5247 0.3175
