Pedestrian -1 -1 1.4163 1363.2034 745.5084 1473.5068 1016.9401 1.6466 0.6239 0.7181 2.9956 2.4744 9.8508 1.7637 0.5645
Pedestrian -1 -1 -1.7041 1165.6204 746.4785 1264.8271 1010.5580 1.6842 0.6073 0.5878 1.7115 2.5341 10.1400 -1.5031 0.5001
Pedestrian -1 -1 1.4705 1163.5144 830.8515 1220.1318 971.4167 1.6089 0.6432 0.5931 2.8266 4.1834 18.3738 1.6458 0.3880
Cyclist -1 -1 -1.5557 928.7662 772.0002 993.9897 911.7916 1.6819 0.8616 1.8827 0.0217 3.8365 20.9512 -1.5428 0.5366
Car -1 -1 -1.3149 426.8724 749.8104 785.2623 1035.7930 1.4753 1.7410 3.5768 -2.4247 2.5535 11.1007 -1.5485 0.9255
Car -1 -1 -1.4452 758.4059 778.8115 897.3117 901.8105 1.5852 1.9253 4.4402 -2.3262 4.6182 27.2048 -1.5220 0.8809
Car -1 -1 -0.5719 0.0000 650.9456 470.7968 1216.0000 1.4897 1.7734 3.7983 -2.6482 1.5800 3.2496 -1.5245 0.7934
Car -1 -1 -1.4872 833.1471 788.9509 916.1355 865.5358 1.4375 1.7752 4.0183 -2.1963 5.9242 38.8581 -1.5325 0.7696
Car -1 -1 2.1386 103.7791 761.9163 299.1765 859.4979 1.4825 1.7367 3.8555 -15.2975 4.4463 30.3454 1.6673 0.4576
Car -1 -1 -1.5449 873.3077 799.7587 936.5005 867.3842 1.6092 1.8938 4.2778 -1.7941 7.5651 48.7961 -1.5692 0.4075
Car -1 -1 2.0002 402.4615 776.9325 533.8391 852.7881 1.6503 1.9666 4.5508 -14.5574 6.4091 44.4330 1.6891 0.3652
Car -1 -1 -1.4572 806.7667 786.5898 907.1723 875.3703 1.3895 1.7076 3.7124 -2.1874 5.0800 32.2313 -1.5149 0.3587
Car -1 -1 2.0055 305.3033 760.6224 453.4378 842.7318 1.5561 1.8709 4.1853 -14.5318 5.1642 37.6041 1.6384 0.3547
