Pedestrian -1 -1 1.0060 1665.2308 694.8801 1936.0000 1216.0000 1.6895 0.6364 0.8179 2.9970 1.9595 5.3347 1.6590 0.6934
Pedestrian -1 -1 1.3851 1278.5729 775.6497 1362.1624 968.0866 1.6455 0.6425 0.7736 3.3131 3.0828 13.8457 1.6540 0.6537
Pedestrian -1 -1 -1.7723 1300.1134 730.1660 1452.8844 1106.5157 1.7002 0.6307 0.7301 2.0297 2.2484 7.3842 -1.4407 0.5297
Cyclist -1 -1 -1.5693 971.7017 785.1770 1039.2642 935.1309 1.7593 0.8920 2.0053 0.6292 4.0930 20.7521 -1.5251 0.3784
Cyclist -1 -1 0.9994 1658.7446 695.8064 1936.0000 1216.0000 1.7023 0.6391 0.8872 2.9926 1.9778 5.3416 1.6506 0.1092
Car -1 -1 -1.2707 197.8096 729.6132 747.7909 1176.6423 1.4661 1.6932 3.4911 -2.1245 2.1149 7.4988 -1.5963 0.9484
Car -1 -1 -1.4155 753.1812 782.8640 925.2415 931.4450 1.6100 1.9650 4.5488 -1.7972 4.3465 23.5556 -1.4835 0.9482
Car -1 -1 -1.4955 848.4299 794.6915 938.6039 883.5572 1.5308 1.7897 3.8667 -1.5404 5.7578 35.2591 -1.5277 0.6473
Car -1 -1 2.1032 46.9653 747.4700 266.5461 854.0853 1.4872 1.7715 4.0526 -14.7258 3.9216 27.6449 1.6063 0.5478
Car -1 -1 -1.4893 886.8824 795.4759 959.1801 866.0013 1.5488 1.7981 4.0429 -1.1029 6.9161 44.9767 -1.5013 0.4192
Car -1 -1 1.8015 0.0000 761.8972 67.9192 855.2195 1.6122 1.8756 4.2908 -22.4823 5.0351 35.0284 1.2279 0.2580
Car -1 -1 2.0680 254.2369 778.9070 421.9572 869.5341 1.5052 1.8111 4.0503 -14.1086 5.2358 34.1155 1.6762 0.2571
