Pedestrian -1 -1 1.1237 1541.9938 682.9464 1768.6794 1114.7607 1.7075 0.6463 0.8288 2.9706 1.9758 6.4727 1.6577 0.5835
Pedestrian -1 -1 -1.7853 1247.8606 735.3680 1386.9644 1075.3387 1.7125 0.6335 0.6695 1.9172 2.3386 8.1199 -1.5017 0.5277
Pedestrian -1 -1 1.4418 1244.2186 786.7770 1312.7898 955.4284 1.5751 0.6140 0.5831 3.1557 3.2242 14.9112 1.6804 0.4139
Cyclist -1 -1 -1.5290 964.0707 783.7853 1035.3093 930.6202 1.7083 0.8706 1.8948 0.5482 3.9904 20.4991 -1.4886 0.6034
Car -1 -1 -1.2972 270.4968 729.3447 752.9094 1117.0459 1.4588 1.7145 3.6039 -2.2408 2.1751 8.4320 -1.5957 0.9339
Car -1 -1 -1.4961 841.6983 799.5575 933.2580 889.0182 1.5668 1.8688 4.0121 -1.7260 6.0330 36.1995 -1.5322 0.8552
Car -1 -1 -1.4787 767.9548 780.3731 917.4130 924.3911 1.6614 1.9750 4.5261 -1.8294 4.4443 24.4796 -1.5448 0.8505
Car -1 -1 2.2036 68.3063 758.4191 286.5287 862.3090 1.4558 1.6766 3.9067 -14.6984 4.1655 28.2939 1.7182 0.7135
Car -1 -1 1.9778 250.0282 785.8712 402.4840 876.2378 1.5262 1.7858 3.9848 -14.4986 5.4425 34.3826 1.5793 0.4612
Car -1 -1 -1.4363 812.0018 795.9432 921.0054 892.9913 1.4361 1.7141 3.4934 -1.8611 5.1123 30.3291 -1.4874 0.4005
Car -1 -1 2.1798 0.0000 757.1439 162.7346 888.2329 1.5265 1.7382 3.9658 -14.5408 3.7834 23.5037 1.6131 0.3830
Car -1 -1 -1.5094 883.5115 782.6865 951.5225 850.0305 1.5530 1.8000 3.9715 -1.3016 6.6199 45.9975 -1.5254 0.3580
