Pedestrian -1 -1 1.1959 1478.3668 752.7676 1638.5746 1091.8956 1.5646 0.5959 0.5909 2.9620 2.2298 7.4600 1.6550 0.6087
Pedestrian -1 -1 -1.8195 1207.9269 750.4451 1339.5410 1062.0371 1.6459 0.6040 0.7061 1.7682 2.3923 8.5372 -1.5705 0.5033
Pedestrian -1 -1 1.4638 1222.5081 803.4464 1289.9447 969.9934 1.6403 0.6520 0.6461 3.1191 3.5761 15.8554 1.6857 0.3571
Cyclist -1 -1 -1.5401 957.2819 781.4703 1031.9484 929.4937 1.7403 0.9442 1.8778 0.4819 3.9985 20.5996 -1.5032 0.6374
Car -1 -1 -1.3113 336.2308 740.6636 770.8156 1093.1678 1.4585 1.7224 3.5558 -2.2347 2.3051 9.1485 -1.5816 0.9396
Car -1 -1 -1.4489 766.2562 779.8774 915.3401 918.3735 1.6652 1.9364 4.3696 -1.9252 4.5098 25.2147 -1.5165 0.8425
Car -1 -1 -1.5016 840.1650 787.1096 926.8358 876.2077 1.6351 1.8119 4.0139 -1.8606 5.8560 36.8806 -1.5408 0.6873
Car -1 -1 2.1414 79.7729 754.5841 281.5385 852.9587 1.4317 1.6914 3.7648 -14.9379 4.1026 28.8502 1.6575 0.5932
Car -1 -1 2.0950 248.7741 769.9269 407.8353 853.1272 1.4613 1.7488 3.8948 -14.8981 5.0951 35.4277 1.6973 0.5182
Car -1 -1 -1.5532 873.8868 784.8727 938.1458 855.4042 1.6533 1.8769 4.1940 -1.6802 6.8735 46.6962 -1.5769 0.4909
Car -1 -1 0.0432 0.0000 0.0000 1936.0000 1216.0000 1.4231 1.7664 3.8719 -2.9278 1.4982 1.5828 -1.4485 0.3679
