Pedestrian -1 -1 1.2247 1440.5715 729.6205 1583.3632 1049.9817 1.6397 0.6005 0.5594 2.9879 2.2318 8.1531 1.6468 0.6740
Pedestrian -1 -1 -1.5891 1200.8295 753.1514 1306.5946 1054.2418 1.6398 0.5959 0.7676 1.7588 2.4457 8.9578 -1.3538 0.4981
Pedestrian -1 -1 1.4910 1192.4294 836.3787 1253.4606 991.2186 1.5819 0.6336 0.6623 2.9050 3.9875 16.6448 1.6890 0.4131
Cyclist -1 -1 -1.5201 943.9812 773.8320 1019.8943 917.7961 1.7198 0.9390 1.8781 0.3110 3.8932 20.8506 -1.4923 0.6494
Car -1 -1 -1.3258 357.1623 738.0932 770.2094 1082.0020 1.5264 1.7606 3.6511 -2.3218 2.3991 9.6892 -1.5880 0.9184
Car -1 -1 -1.4613 764.6321 782.1001 908.5154 915.8280 1.6137 1.9332 4.5707 -2.0454 4.5724 25.8249 -1.5317 0.9174
Car -1 -1 -1.5175 841.3196 791.8282 921.8497 873.1139 1.5061 1.7678 3.7913 -1.9446 5.8988 37.4461 -1.5581 0.8084
Car -1 -1 2.1574 89.7207 749.6677 295.2378 846.4599 1.4344 1.7190 3.9368 -15.0373 4.0668 29.4998 1.6803 0.5748
Car -1 -1 -0.2571 0.0000 0.0000 1936.0000 1216.0000 1.4556 1.7630 3.9332 -2.4454 1.5095 1.8812 -1.6189 0.5368
Car -1 -1 -1.5718 872.5679 786.8871 935.6122 858.5586 1.7115 1.9072 4.1693 -1.7855 7.0695 47.3547 -1.5972 0.5367
Car -1 -1 2.0910 247.3117 762.2979 410.9488 846.4088 1.5114 1.8431 4.0560 -15.0895 5.0092 35.9434 1.6939 0.5107
Car -1 -1 0.5903 4.3912 728.4320 406.7309 877.2855 1.6072 1.8747 4.1992 -9.4651 2.9972 18.9180 0.1083 0.4841
