Pedestrian -1 -1 1.3578 1416.7506 691.0895 1551.1688 983.6738 1.7040 0.6707 0.8940 3.2756 2.1438 9.4361 1.7521 0.6912
Pedestrian -1 -1 -2.2076 1490.7721 662.4748 1828.8389 1216.0000 1.7118 0.6476 0.7568 2.0734 1.8355 4.5262 -1.6224 0.6635
Pedestrian -1 -1 1.5232 1062.3156 787.3541 1083.2745 844.3649 1.8195 0.6781 0.6763 3.7326 7.2988 50.0860 1.6123 0.3959
Cyclist -1 -1 -1.5676 974.1041 769.4272 1040.0458 917.8751 1.7486 0.8634 1.9638 0.6470 3.8331 20.5674 -1.5223 0.4931
Cyclist -1 -1 1.3514 1416.5914 690.7551 1553.3138 988.0510 1.7240 0.6737 0.9135 3.2706 2.1607 9.4061 1.7464 0.1311
Car -1 -1 -1.4129 706.4345 765.0016 898.6374 930.7245 1.5833 1.8867 4.1254 -1.9932 3.6544 19.9881 -1.5073 0.9518
Car -1 -1 -0.8408 0.0000 674.5719 619.4768 1216.0000 1.4698 1.7327 3.5969 -2.2145 1.6614 3.9500 -1.5492 0.9243
Car -1 -1 -1.5052 820.9248 785.6681 918.1548 880.7307 1.4786 1.7666 3.8432 -1.8853 5.0996 31.7454 -1.5542 0.8157
Car -1 -1 -1.4656 879.7812 795.2668 959.8743 868.9349 1.4934 1.7782 3.7493 -1.0960 6.4172 41.2725 -1.4798 0.4877
Car -1 -1 -1.4919 793.3005 782.4485 905.4762 886.3810 1.3354 1.6510 3.3280 -1.8813 4.2484 25.9733 -1.5557 0.4110
Car -1 -1 -1.4814 889.3879 789.1238 959.6012 856.6533 1.6170 1.8559 4.2325 -1.1476 7.1945 48.6064 -1.4924 0.2863
