Pedestrian -1 -1 1.2371 1391.3721 724.3326 1527.1075 993.2066 1.6846 0.6740 0.7972 3.3398 2.3826 10.0862 1.6113 0.7395
Pedestrian -1 -1 -1.9742 1467.0892 714.6201 1727.3918 1216.0000 1.6312 0.6191 0.7501 2.0935 1.9562 5.0067 -1.4482 0.6961
Pedestrian -1 -1 1.5605 1061.6969 789.1788 1082.0063 844.4715 1.7789 0.6827 0.7120 3.7549 7.3973 50.7626 1.6490 0.3172
Pedestrian -1 -1 1.6486 1086.5253 790.0668 1108.3599 844.6133 1.7598 0.6822 0.6766 4.6489 7.4401 51.0345 1.7545 0.2899
Cyclist -1 -1 -1.5636 977.3001 769.9115 1039.1117 914.2113 1.7221 0.8180 1.9398 0.6732 3.8378 20.8277 -1.5175 0.3384
Cyclist -1 -1 1.2358 1390.2328 722.2197 1530.1547 996.6546 1.7077 0.6787 0.8686 3.3388 2.3922 10.0706 1.6104 0.1101
Car -1 -1 -1.4288 713.6282 767.9409 904.4712 937.2882 1.6287 1.9419 4.5513 -1.9585 3.8245 20.6324 -1.5177 0.9174
Car -1 -1 -0.9930 0.0000 688.5283 661.5554 1216.0000 1.5054 1.7811 3.8277 -2.2168 1.7879 4.7239 -1.5732 0.8903
Car -1 -1 -1.4560 824.2352 786.1054 927.0440 878.9224 1.4522 1.7405 3.8921 -1.7881 5.1559 32.3553 -1.5007 0.7591
Car -1 -1 -1.4484 788.0558 787.7414 916.7567 901.7723 1.4074 1.7340 3.7142 -1.8015 4.4256 25.8108 -1.5092 0.3658
Car -1 -1 -1.4266 889.1371 792.2739 965.2390 860.6671 1.6553 1.8655 4.2423 -1.0739 7.4252 49.3249 -1.4357 0.3007
