Pedestrian -1 -1 -2.1286 1576.3790 661.3810 1936.0000 1216.0000 1.6797 0.6391 0.7564 2.0760 1.7867 3.9719 -1.4514 0.7363
Pedestrian -1 -1 1.2389 1451.8934 712.3212 1604.5018 1030.1091 1.6836 0.6492 0.7134 3.2110 2.2044 8.5223 1.6686 0.5297
Cyclist -1 -1 -1.5131 973.7381 759.3954 1042.3218 900.9267 1.7083 0.8236 1.8784 0.6734 3.6744 20.8836 -1.4672 0.5325
Car -1 -1 -1.4412 699.7375 768.3516 891.5779 939.6818 1.5354 1.8667 4.3372 -1.9975 3.5951 19.2757 -1.5401 0.9511
Car -1 -1 -0.6934 0.0000 675.4553 595.1887 1216.0000 1.4316 1.7334 3.8029 -2.1814 1.6077 3.2863 -1.5440 0.9053
Car -1 -1 -1.4920 805.9777 788.1064 911.7653 888.9087 1.5100 1.8314 4.0436 -2.0558 5.1223 31.0567 -1.5480 0.8234
Car -1 -1 -1.5457 788.8364 783.4272 902.9044 904.7301 1.4230 1.7252 3.8283 -1.8261 4.2354 24.5823 -1.6116 0.5865
Car -1 -1 -1.4879 885.6902 790.1573 953.0894 854.5917 1.5177 1.7852 4.1623 -1.3080 7.0942 48.3254 -1.5025 0.5723
Car -1 -1 -1.5188 860.0312 797.5621 931.7728 871.5095 1.4910 1.7137 3.6610 -1.7327 6.3960 40.6335 -1.5496 0.3596
Car -1 -1 2.1240 0.0000 734.4985 325.9300 935.7617 1.4637 1.7288 3.9083 -8.1160 2.7087 15.0087 1.5996 0.2950
Car -1 -1 1.5381 1288.2378 757.7186 1477.1405 960.9836 1.5333 1.7168 3.6601 4.4620 3.1210 15.8819 1.8461 0.2931
Car -1 -1 2.0922 140.6037 750.1464 425.1096 894.6713 1.5138 1.8689 4.3603 -9.7060 3.5314 21.8328 1.6629 0.2838
