Pedestrian -1 -1 1.2738 1371.3252 759.6545 1498.8220 1013.1906 1.6407 0.6679 0.8765 3.3453 2.6389 10.6202 1.6289 0.7487
Pedestrian -1 -1 -1.2816 1445.1589 737.8260 1711.7743 1216.0000 1.6242 0.6077 0.7635 2.1640 2.0559 5.2334 -0.7676 0.5253
Pedestrian -1 -1 1.5652 1069.7367 796.8896 1090.0780 851.7953 1.7776 0.6888 0.7360 4.0719 7.7232 51.2997 1.6592 0.4180
Pedestrian -1 -1 -1.7978 1059.2231 635.5923 1207.4208 996.4247 1.7231 0.6342 0.5815 0.8471 1.7788 7.4761 -1.6538 0.3100
Cyclist -1 -1 -1.5239 987.0228 775.5625 1055.4805 919.4348 1.7056 0.8339 1.8970 0.8541 3.8986 20.7804 -1.4683 0.5789
Cyclist -1 -1 1.2712 1373.2218 759.2551 1502.9187 1017.1207 1.6555 0.6680 0.9106 3.3490 2.6476 10.5687 1.6284 0.1519
Cyclist -1 -1 -1.0202 1435.5114 736.4399 1756.6483 1216.0000 1.6239 0.6335 0.8635 2.2119 2.0501 5.2291 -0.4963 0.1220
Car -1 -1 -1.0689 0.0000 699.9619 653.2673 1216.0000 1.4786 1.7079 3.4678 -2.1765 1.8168 4.9731 -1.6080 0.8988
Car -1 -1 -1.4182 727.2841 775.1598 909.7437 931.7800 1.5120 1.8572 4.4229 -1.8803 3.8568 21.0651 -1.5010 0.8860
Car -1 -1 -1.4884 827.8351 788.1475 927.3947 884.1300 1.5155 1.7968 4.0799 -1.7648 5.3158 32.7395 -1.5315 0.8581
Car -1 -1 -1.4369 895.5541 796.2119 972.0701 865.7158 1.6773 1.9182 4.4483 -0.8631 7.6607 49.9017 -1.4413 0.4512
Car -1 -1 -1.4160 788.8190 792.6697 921.9401 907.7609 1.4488 1.7503 3.6268 -1.7802 4.6025 26.2221 -1.4746 0.3669
Car -1 -1 -1.5313 879.0782 796.4837 948.0864 866.7164 1.4618 1.7593 3.8104 -1.3101 6.5527 42.4467 -1.5499 0.3283
