Pedestrian -1 -1 1.1609 1491.9507 698.9767 1685.4061 1051.7740 1.6845 0.6706 0.9150 3.2496 2.0956 7.8194 1.6352 0.6149
Pedestrian -1 -1 -2.4112 1610.7482 602.3388 1936.0000 1216.0000 1.6619 0.6321 0.7408 2.0454 1.6140 3.5700 -1.6556 0.4918
Pedestrian -1 -1 1.5128 1056.0863 798.8243 1078.1805 855.6292 1.7522 0.6878 0.6992 3.4437 7.4562 48.6854 1.5981 0.3308
Cyclist -1 -1 -1.5198 968.6495 755.0048 1041.6992 901.4911 1.7612 0.8890 1.9463 0.6329 3.6576 20.7865 -1.4757 0.5635
Cyclist -1 -1 1.1494 1490.8031 697.8727 1690.9232 1061.3826 1.7225 0.6788 0.9485 3.2407 2.1259 7.7758 1.6252 0.1271
Car -1 -1 -1.4097 679.4372 766.0895 889.0602 941.9962 1.5158 1.8817 4.4251 -2.0715 3.5021 18.7769 -1.5160 0.9328
Car -1 -1 -1.4828 800.3966 788.5631 910.6481 893.9518 1.5524 1.8446 4.0784 -2.0834 5.1176 30.5105 -1.5411 0.9032
Car -1 -1 -0.4913 0.0000 658.7607 522.7042 1216.0000 1.4296 1.7658 3.9623 -2.1853 1.5317 2.5171 -1.5805 0.8037
Car -1 -1 -1.4598 769.6165 781.6844 898.0846 897.5635 1.4203 1.7212 3.4989 -2.0501 4.2202 24.9257 -1.5340 0.4914
Car -1 -1 -1.4738 881.0845 788.3662 953.9852 856.6993 1.5823 1.8500 4.3125 -1.3385 7.0171 47.4944 -1.4895 0.4659
Car -1 -1 2.1859 0.0000 796.9424 210.8200 904.8218 1.4577 1.8492 4.2667 -16.9173 5.1004 29.4554 1.6601 0.4062
Car -1 -1 -1.5362 850.5757 797.9433 922.0342 873.2579 1.4923 1.7414 3.7709 -1.9698 6.3618 40.1940 -1.5735 0.3902
Car -1 -1 2.0042 381.7076 779.2979 505.2970 850.0846 1.5086 1.8056 4.1139 -14.9297 6.2058 43.3539 1.6774 0.3349
Car -1 -1 2.1729 265.2055 792.8990 429.7376 877.8347 1.4682 1.7794 3.9122 -14.7910 5.7787 36.2673 1.7875 0.3248
