Pedestrian -1 -1 -1.9687 1548.8807 656.2474 1854.0121 1216.0000 1.7070 0.6351 0.7584 2.1093 1.8074 4.3523 -1.3490 0.7001
Pedestrian -1 -1 1.5988 1403.8516 700.4199 1521.8302 999.9019 1.6931 0.6223 0.7069 3.0698 2.1768 9.1295 1.9836 0.5365
Pedestrian -1 -1 0.2136 1471.6896 781.9794 1629.2877 983.8512 1.1871 0.6845 0.8402 3.9964 2.3076 10.1406 0.6498 0.3981
Pedestrian -1 -1 1.5422 1061.6531 785.1029 1082.4818 841.7381 1.8064 0.6858 0.6619 3.7044 7.2040 50.0338 1.6307 0.3949
Cyclist -1 -1 -1.5679 978.8676 768.8760 1032.7960 909.0372 1.6651 0.7104 1.8412 0.6303 3.7410 20.6255 -1.5236 0.4855
Car -1 -1 -1.4315 711.3820 761.5564 901.9388 929.8551 1.5793 1.8819 4.2460 -1.9061 3.5789 19.7159 -1.5229 0.9000
Car -1 -1 -0.7846 0.0000 670.5735 620.1515 1216.0000 1.4818 1.7738 3.8715 -2.1765 1.6514 3.6061 -1.5560 0.8905
Car -1 -1 -1.4843 817.1051 787.0995 917.0296 881.1572 1.4494 1.7413 3.7544 -1.9245 5.0760 31.5294 -1.5351 0.8529
Car -1 -1 -1.5016 784.1641 781.3597 905.1119 898.2960 1.4099 1.7202 3.8387 -1.8797 4.2365 25.0951 -1.5681 0.6219
Car -1 -1 -1.5034 864.4429 793.5898 938.8654 867.4855 1.5136 1.7527 3.6918 -1.5933 6.3612 41.0943 -1.5303 0.5467
