Pedestrian -1 -1 0.9942 1692.7794 708.6089 1936.0000 1177.4690 1.6742 0.6459 0.7618 3.3716 2.0262 5.8865 1.6416 0.7614
Pedestrian -1 -1 1.5964 1571.0758 754.9596 1704.6268 1074.6375 1.7127 0.6538 0.7168 4.0203 2.5255 8.8717 2.0953 0.4432
Cyclist -1 -1 -1.5610 984.2772 763.1730 1051.5107 908.4995 1.7508 0.8888 1.8859 0.8092 3.7663 20.8289 -1.5079 0.6090
Cyclist -1 -1 0.9786 1695.1670 705.5647 1936.0000 1188.9137 1.7008 0.6502 0.8430 3.3858 2.0401 5.8498 1.6319 0.1009
Car -1 -1 -1.3813 647.5510 753.0420 888.2872 951.9426 1.5968 1.9051 4.3396 -2.0443 3.2548 17.1158 -1.4985 0.9001
Car -1 -1 -1.4455 781.1099 788.9648 909.4176 904.6995 1.5892 1.9059 4.2721 -2.1554 5.0036 28.9326 -1.5104 0.8741
Car -1 -1 -1.4878 871.6597 789.8540 941.1326 853.8954 1.4278 1.7615 4.0940 -1.6503 6.7589 46.2345 -1.5113 0.7114
Car -1 -1 -1.5056 840.5020 790.9080 924.1437 872.2799 1.5267 1.8398 4.0781 -1.9779 6.0330 38.5321 -1.5455 0.5969
Car -1 -1 -1.3924 730.1007 780.3704 887.0688 909.9255 1.4365 1.7508 3.5957 -2.2512 4.0146 22.9307 -1.4838 0.5515
Car -1 -1 -0.4968 0.0000 628.9108 276.0527 1216.0000 1.5580 1.8464 4.1308 -2.9011 1.5707 2.5993 -1.6632 0.4961
Car -1 -1 2.1244 235.8964 769.2444 411.5821 857.4569 1.4972 1.8066 4.2415 -14.7748 5.0841 34.9272 1.7243 0.4032
Car -1 -1 2.2063 15.0378 761.5602 263.2370 875.4013 1.5105 1.8303 4.2417 -14.8978 4.2174 27.3986 1.7011 0.3890
