Pedestrian -1 -1 0.9613 1741.0446 685.8561 1936.0000 1212.0780 1.7013 0.6569 0.8401 3.3316 1.9391 5.3863 1.6603 0.6225
Pedestrian -1 -1 1.2768 1601.3954 729.0602 1748.9854 1044.3397 1.6606 0.6374 0.6283 4.0415 2.2793 8.5049 1.7998 0.5943
Cyclist -1 -1 -1.5507 979.7017 772.6349 1042.4861 912.9530 1.6549 0.7985 1.8117 0.7023 3.7749 20.5284 -1.5025 0.6306
Cyclist -1 -1 0.9511 1729.9951 684.9865 1936.0000 1216.0000 1.7165 0.6635 0.9004 3.3238 1.9531 5.4142 1.6453 0.1096
Car -1 -1 -1.3680 639.8705 754.9673 886.9730 954.3392 1.5554 1.8771 4.3608 -2.0566 3.2170 16.8533 -1.4883 0.9115
Car -1 -1 -1.4265 779.2421 781.7617 912.1464 897.0938 1.5806 1.8988 4.2362 -2.1222 4.8131 28.6304 -1.4912 0.8745
Car -1 -1 -1.4826 870.9838 787.4845 941.9116 852.0018 1.4349 1.7713 4.0623 -1.6342 6.6463 45.8495 -1.5061 0.7981
Car -1 -1 -1.4935 838.8046 784.3503 927.3697 868.1545 1.5776 1.8999 4.1764 -1.9444 5.8931 38.3516 -1.5329 0.5878
Car -1 -1 -1.2652 703.8535 777.2515 893.7102 912.3441 1.4404 1.7665 3.7194 -2.3367 3.9327 22.4620 -1.3630 0.4431
Car -1 -1 2.2588 42.5235 763.6180 297.3604 880.1091 1.5360 1.8152 4.3166 -14.3767 4.2981 27.4810 1.7702 0.3926
