Pedestrian -1 -1 1.0091 1575.7834 695.6144 1811.7565 1100.8575 1.7252 0.6929 0.8024 3.3545 2.0712 6.9125 1.5603 0.7794
Pedestrian -1 -1 2.4544 1525.8690 836.4394 1680.6761 1107.1278 1.6291 0.6167 0.7250 4.2706 3.0938 9.9746 2.9211 0.3820
Pedestrian -1 -1 1.5492 1057.2869 807.4355 1078.4769 865.1208 1.7447 0.6699 0.6371 3.3993 7.6105 47.7170 1.6351 0.3431
Cyclist -1 -1 -1.5357 983.0125 764.0521 1052.0769 906.5275 1.7145 0.8704 1.9099 0.8082 3.7530 20.9180 -1.4829 0.5528
Cyclist -1 -1 1.0014 1576.0731 692.1642 1821.6787 1108.6276 1.7547 0.6937 0.8694 3.3596 2.0841 6.8830 1.5556 0.1192
Car -1 -1 -1.3994 666.0899 762.8277 890.2053 953.4991 1.5982 1.9161 4.4061 -2.0510 3.4721 18.0590 -1.5095 0.8961
Car -1 -1 -1.4639 794.7596 784.1443 913.0275 892.1254 1.5374 1.8627 4.2722 -2.0639 4.9527 29.8944 -1.5231 0.8852
Car -1 -1 -1.5089 879.6714 788.1855 948.3384 855.5724 1.5506 1.8449 4.2426 -1.4390 6.9223 47.0364 -1.5271 0.8152
Car -1 -1 -0.3449 0.0000 0.0000 1936.0000 1216.0000 1.4869 1.8256 4.0181 -2.1008 1.4944 1.9424 -1.6504 0.6371
Car -1 -1 -1.5077 847.9425 796.9924 925.5543 874.2441 1.4898 1.7584 3.8487 -1.9171 6.2550 39.4609 -1.5446 0.6046
Car -1 -1 -1.3530 742.2205 781.0150 900.7603 905.8631 1.4241 1.7290 3.6549 -2.1354 4.1105 23.8059 -1.4352 0.4607
Car -1 -1 2.1957 73.4818 810.4968 313.4262 933.7612 1.5923 1.8829 4.3341 -14.4632 5.4108 28.4823 1.7225 0.3473
Car -1 -1 2.1701 255.5627 801.7880 429.4904 894.6971 1.5507 1.8380 4.0267 -14.5232 5.9879 35.3513 1.7822 0.3459
