Pedestrian -1 -1 1.0602 1523.7107 697.1227 1740.1469 1079.7855 1.7567 0.6816 0.8868 3.3219 2.1394 7.4787 1.5654 0.7780
Pedestrian -1 -1 -2.4073 1607.2347 653.3463 1936.0000 1216.0000 1.6388 0.5938 0.6005 1.8999 1.7093 3.3834 -1.6472 0.4551
Pedestrian -1 -1 1.6090 1531.7717 832.1682 1640.7189 1098.3838 1.6323 0.6295 0.6958 4.3246 3.1278 10.3344 2.0647 0.4221
Pedestrian -1 -1 1.5182 1056.9611 803.6588 1078.8641 860.8255 1.7468 0.6791 0.6533 3.4307 7.5423 48.1458 1.6041 0.3337
Cyclist -1 -1 -1.5904 971.1637 751.4916 1039.1449 898.4455 1.7799 0.9015 1.9716 0.6045 3.6271 20.8251 -1.5479 0.5965
Cyclist -1 -1 1.0535 1525.3130 696.5153 1746.8954 1086.8571 1.7774 0.6808 0.9230 3.3255 2.1562 7.4447 1.5614 0.1782
Car -1 -1 -1.4716 794.3287 783.8078 910.7853 892.0170 1.5618 1.8797 4.3725 -2.1212 5.0207 30.3298 -1.5316 0.9037
Car -1 -1 -1.4206 674.3281 762.7159 886.2180 944.7797 1.5584 1.9091 4.4333 -2.0810 3.4680 18.4672 -1.5296 0.8946
Car -1 -1 -0.4282 0.0000 640.6916 497.5561 1216.0000 1.4494 1.8032 4.0510 -2.1552 1.4949 2.2540 -1.6121 0.7883
Car -1 -1 -1.4729 879.3754 790.2164 952.1183 857.3262 1.5369 1.8377 4.2992 -1.3923 7.0206 47.3875 -1.4899 0.6539
Car -1 -1 -1.5315 847.9901 797.8584 920.4764 873.4420 1.4804 1.7353 3.7982 -2.0087 6.3132 39.8851 -1.5702 0.4417
Car -1 -1 2.1387 0.0000 764.1765 213.0710 875.8174 1.5087 1.8190 4.2742 -15.9523 4.3001 27.7994 1.6105 0.3813
Car -1 -1 -1.4893 764.4555 772.7907 891.4763 891.8162 1.4650 1.7614 3.5247 -2.1144 4.0683 24.5584 -1.5677 0.3398
Car -1 -1 1.9925 378.2032 777.7454 502.9231 849.4868 1.5216 1.8275 4.1687 -14.9181 6.1458 43.0829 1.6639 0.3256
