Pedestrian -1 -1 1.0394 1640.5239 699.0151 1887.5233 1141.9535 1.6987 0.6572 0.7687 3.3367 2.0301 6.2786 1.6430 0.7263
Pedestrian -1 -1 1.3656 1577.0790 785.9075 1710.3654 1083.9602 1.6882 0.6721 0.6630 4.2401 2.7375 9.3318 1.8614 0.4850
Pedestrian -1 -1 1.5406 1058.0496 803.0770 1080.1615 861.1514 1.7287 0.6841 0.6892 3.3941 7.3848 47.1080 1.6273 0.3826
Cyclist -1 -1 -1.5351 983.5360 764.6794 1053.8215 908.6749 1.7093 0.8737 1.8751 0.8123 3.7270 20.6136 -1.4814 0.6312
Car -1 -1 -1.3726 651.4568 766.1255 891.4348 957.2110 1.4972 1.8829 4.5189 -2.0461 3.3693 17.4929 -1.4868 0.9203
Car -1 -1 -1.4455 788.4850 794.3867 910.3477 905.6583 1.5482 1.8364 4.0697 -2.1081 5.1010 29.2589 -1.5078 0.8480
Car -1 -1 -1.5060 872.6553 787.7400 942.2658 856.7177 1.5806 1.8400 4.1811 -1.6233 6.8690 46.4391 -1.5287 0.7703
Car -1 -1 -1.5214 841.7185 804.5764 923.3245 888.5976 1.5643 1.8650 4.2023 -1.9955 6.5010 38.9777 -1.5609 0.6220
Car -1 -1 -1.3220 732.9504 792.9348 898.1001 919.9794 1.3869 1.6981 3.5325 -2.1704 4.2027 23.1795 -1.4084 0.4606
Car -1 -1 2.1833 57.5052 761.6247 293.4123 872.3933 1.5124 1.8043 4.2864 -14.6538 4.2945 28.1894 1.6978 0.4169
Car -1 -1 2.1413 239.9340 788.2031 407.9865 876.2608 1.4846 1.7743 3.9265 -14.8296 5.5380 35.0332 1.7418 0.3796
