Pedestrian -1 -1 1.4996 1041.0529 796.3452 1065.8356 858.9608 1.6741 0.6607 0.6327 2.5887 6.5307 42.0434 1.5758 0.4085
Cyclist -1 -1 -1.5861 968.4019 765.2285 1033.9108 911.9682 1.7431 0.8592 1.9101 0.5467 3.7646 20.5768 -1.5461 0.6994
Car -1 -1 -1.3658 525.4183 739.6234 846.1869 1001.7662 1.6534 1.9719 4.6410 -2.3049 2.8959 13.8437 -1.5371 0.8994
Car -1 -1 -1.4497 744.9561 775.1338 874.2016 890.3719 1.4300 1.7061 3.6401 -2.4799 4.1482 25.2122 -1.5406 0.7957
Car -1 -1 -1.4773 848.0450 784.5503 923.1605 852.9269 1.4509 1.7521 3.7822 -2.1151 6.2178 42.7145 -1.5153 0.7528
Car -1 -1 -1.4680 813.7002 791.2221 905.3611 872.8346 1.3759 1.7182 3.7776 -2.3242 5.4823 34.9938 -1.5239 0.7480
Car -1 -1 -1.3805 665.3590 771.8868 857.5927 926.7259 1.3940 1.7231 3.6258 -2.4086 3.4322 18.8709 -1.5051 0.6835
Car -1 -1 -1.5265 873.0273 793.5798 934.9974 856.5022 1.5317 1.8079 3.9451 -1.8380 7.2901 49.0613 -1.5516 0.6417
Car -1 -1 2.0730 262.1649 759.3139 414.4562 838.7296 1.4830 1.7554 4.0448 -15.3844 5.0129 37.1653 1.6813 0.5886
Car -1 -1 2.0032 403.7116 770.2902 519.1365 835.4509 1.4527 1.7321 4.0323 -14.9098 6.0154 44.8273 1.6872 0.5103
Car -1 -1 2.1369 94.4708 775.6472 295.4113 872.7001 1.4471 1.8287 3.9915 -15.6577 4.7612 30.8050 1.6631 0.4516
