Pedestrian -1 -1 1.5681 1050.1426 794.3311 1075.7778 863.2744 1.6710 0.6455 0.6019 2.5981 6.0331 38.1742 1.6510 0.3844
Pedestrian -1 -1 1.5258 1022.1242 792.9041 1048.4393 863.5479 1.7095 0.6501 0.6591 1.8836 6.0300 38.1212 1.5895 0.3514
Cyclist -1 -1 -1.5390 944.1989 774.1609 1010.0472 921.4883 1.7074 0.8063 1.8553 0.2340 3.8185 20.2024 -1.5149 0.6510
Car -1 -1 -1.2960 299.3199 719.0961 770.2347 1078.3595 1.6529 1.9398 4.6413 -2.6085 2.4561 10.4251 -1.5661 0.9338
Car -1 -1 -1.4542 668.5731 773.2368 833.5109 919.7641 1.5265 1.8943 4.3981 -3.0086 3.9548 22.2691 -1.5844 0.9011
Car -1 -1 -1.5300 757.9022 773.2399 852.6678 874.0495 1.6254 1.8063 3.7394 -3.2419 4.9560 31.6616 -1.6235 0.8085
Car -1 -1 -1.5148 801.9842 784.6358 881.3666 861.7947 1.4978 1.8169 4.0190 -3.0984 5.9236 39.4139 -1.5827 0.7714
Car -1 -1 -1.4247 582.8384 760.9862 795.6690 953.7351 1.4843 1.7087 3.4715 -2.7420 3.0791 15.7636 -1.6011 0.7266
Car -1 -1 2.1501 0.0000 763.8938 206.1619 872.7895 1.4673 1.6900 4.1792 -15.9718 4.2408 27.7119 1.6197 0.6462
Car -1 -1 2.0062 177.4474 766.8055 330.1933 849.4223 1.4062 1.6646 3.8720 -16.0141 4.8225 34.0613 1.5652 0.5098
Car -1 -1 -1.5022 825.4969 790.1526 894.9913 858.7963 1.5799 1.8151 3.9052 -3.0520 6.8630 45.8441 -1.5571 0.4693
