Pedestrian -1 -1 1.4553 1021.4741 784.5101 1043.0524 841.1489 1.8209 0.6624 0.6667 2.3905 7.2382 50.4054 1.5168 0.4033
Pedestrian -1 -1 1.5076 1023.0184 784.7296 1049.4062 856.1476 1.8012 0.6651 0.6591 1.9776 6.0606 39.5231 1.5719 0.3335
Cyclist -1 -1 -1.4991 953.3936 780.7670 1017.4863 922.5677 1.6604 0.7270 1.8016 0.3496 3.8938 20.4952 -1.4691 0.4799
Car -1 -1 -1.4379 704.0742 770.3820 849.8486 900.0164 1.4927 1.7470 3.8201 -2.8005 3.9635 23.4710 -1.5513 0.8978
Car -1 -1 -1.3423 409.3111 723.7574 807.5063 1045.2424 1.7081 1.9814 4.9015 -2.4864 2.6583 11.9161 -1.5629 0.8932
Car -1 -1 -1.5216 781.3564 780.3117 872.1817 873.2653 1.5406 1.7738 3.7196 -2.9085 5.1635 32.9750 -1.6002 0.8394
Car -1 -1 -1.3926 614.8482 758.3365 827.0181 941.0602 1.5316 1.7527 3.6421 -2.6155 3.2190 17.0683 -1.5457 0.7659
Car -1 -1 -1.4711 829.0884 785.7701 906.2602 857.4925 1.4822 1.7158 3.4407 -2.4956 6.0353 40.5642 -1.5214 0.6546
Car -1 -1 2.1982 213.4857 760.8257 394.9167 846.2130 1.4988 1.7969 4.2881 -15.6217 4.9622 35.8170 1.7868 0.5196
Car -1 -1 2.2534 25.6582 754.3821 261.5866 861.3340 1.5324 1.8044 4.1398 -15.6787 4.2290 28.9465 1.7508 0.4853
Car -1 -1 1.9777 341.6221 766.2747 472.0450 841.1451 1.6033 1.8820 4.4418 -15.8010 5.8712 42.8739 1.6286 0.4040
