Pedestrian -1 -1 1.5174 1022.7682 781.2291 1048.8300 850.1769 1.6943 0.6462 0.6386 1.9176 5.7565 38.5359 1.5814 0.4445
Pedestrian -1 -1 1.5273 1006.8416 791.3065 1026.4546 846.2663 1.7326 0.6288 0.6311 1.8267 7.2637 49.3880 1.5782 0.3973
Cyclist -1 -1 -1.5154 945.5334 769.3319 1018.5671 916.7026 1.7336 0.8719 1.9223 0.3078 3.8129 20.5346 -1.4877 0.6007
Car -1 -1 -1.4624 681.8252 769.6375 836.9783 911.9354 1.5469 1.8510 4.2040 -2.9518 3.9469 22.6804 -1.5873 0.9238
Car -1 -1 -1.3042 351.7476 725.1024 782.3062 1052.8220 1.6063 1.9145 4.4828 -2.5703 2.4922 10.9653 -1.5554 0.9219
Car -1 -1 -1.3808 585.4078 759.9708 812.4781 951.0485 1.5082 1.7551 3.6962 -2.7223 3.1500 16.3102 -1.5491 0.8529
Car -1 -1 -1.5145 765.0484 775.9615 860.7367 875.4630 1.6315 1.8007 3.7103 -3.1268 5.0665 32.1212 -1.6026 0.8348
Car -1 -1 -1.4787 811.2588 778.5137 893.1249 853.9791 1.5010 1.7777 3.9532 -2.8574 5.8059 39.9048 -1.5396 0.7514
Car -1 -1 2.1721 0.0000 758.9037 215.8491 859.7420 1.3936 1.6475 3.9451 -15.9276 4.0931 28.0954 1.6489 0.6010
Car -1 -1 2.1105 191.8450 763.1119 351.3549 844.0278 1.4067 1.6795 3.6976 -15.8254 4.7752 34.5174 1.6794 0.4616
Car -1 -1 2.0323 316.6238 760.0222 452.5193 831.5627 1.4919 1.7933 4.3432 -16.0761 5.4840 41.9319 1.6693 0.4346
