Pedestrian -1 -1 1.5540 1014.6557 783.1180 1034.6525 839.0023 1.7788 0.6604 0.6160 2.1070 7.0749 49.7370 1.6103 0.4027
Pedestrian -1 -1 1.5288 1022.7246 774.0680 1049.1359 845.1183 1.7650 0.6681 0.6621 1.9394 5.6797 38.9078 1.5929 0.3711
Cyclist -1 -1 -1.4996 948.4168 771.8469 1017.2000 918.1721 1.7088 0.7816 1.8521 0.3134 3.8031 20.3530 -1.4714 0.4960
Car -1 -1 -1.3330 381.2851 721.8185 791.6094 1054.9877 1.6796 1.9067 4.7033 -2.4998 2.5618 11.2603 -1.5698 0.9435
Car -1 -1 -1.4533 687.3391 767.5602 839.3515 904.8983 1.5187 1.7994 4.0626 -2.9145 3.8883 22.8029 -1.5758 0.9337
Car -1 -1 -1.5222 771.0458 776.5339 863.6338 872.3353 1.5759 1.7803 3.6638 -3.0570 5.0463 32.3621 -1.6074 0.8871
Car -1 -1 -1.3929 593.1232 756.2548 815.1485 948.7445 1.5656 1.7782 3.7191 -2.7152 3.1871 16.5887 -1.5575 0.8103
Car -1 -1 -1.4928 819.1348 776.7703 897.7589 851.8124 1.5179 1.7638 3.8888 -2.7105 5.7955 40.1574 -1.5494 0.7169
Car -1 -1 2.0976 198.9023 761.0386 358.1548 842.1733 1.4173 1.6771 3.8013 -15.7569 4.7582 34.7243 1.6705 0.5891
Car -1 -1 2.1700 0.0000 750.3295 226.3309 856.2385 1.4991 1.7866 4.1007 -15.9255 4.0493 28.2904 1.6499 0.5504
Car -1 -1 2.0135 310.2866 758.7301 436.4165 826.5892 1.4424 1.7299 4.0179 -16.4319 5.3866 42.0053 1.6434 0.3899
