Pedestrian -1 -1 -0.8865 1678.1725 728.9222 1936.0000 1215.4980 1.7125 0.6480 0.7795 3.3633 2.1472 5.8434 -0.2367 0.4401
Pedestrian -1 -1 1.5139 1047.7614 783.7414 1072.6938 848.8497 1.7784 0.6850 0.6204 2.8241 6.3498 42.7195 1.5945 0.4138
Cyclist -1 -1 -1.5125 971.6307 770.5776 1043.4893 917.3735 1.7261 0.8498 1.8558 0.6547 3.8145 20.4708 -1.4667 0.6918
Cyclist -1 -1 -0.7442 1647.5016 728.0277 1936.0000 1211.3838 1.7200 0.6764 0.8654 3.2919 2.1510 5.8674 -0.1074 0.1107
Car -1 -1 -1.3754 555.9624 743.8537 852.1730 988.7919 1.6042 1.9105 4.5481 -2.2448 2.9284 14.3412 -1.5354 0.9249
Car -1 -1 -1.4565 757.4822 771.4502 884.4391 885.9181 1.4689 1.7406 3.7456 -2.3568 4.1985 25.9533 -1.5394 0.8715
Car -1 -1 -1.4901 859.7388 787.5740 929.0219 852.8645 1.4171 1.6787 3.5060 -1.8918 6.3091 43.1791 -1.5221 0.7226
Car -1 -1 -1.4995 826.9752 779.1229 913.4333 861.1080 1.4523 1.7473 3.8341 -2.1199 5.3350 35.7124 -1.5482 0.6474
Car -1 -1 -1.4937 704.8660 771.5350 861.0752 920.8784 1.3984 1.7186 3.6935 -2.2339 3.4999 19.5575 -1.6038 0.6204
Car -1 -1 2.0302 307.9616 777.2778 455.0549 857.6705 1.5120 1.8557 4.1853 -14.8374 5.6587 38.5255 1.6651 0.2908
