Pedestrian -1 -1 1.4928 1041.8077 795.7835 1066.7300 859.6833 1.7014 0.6573 0.6061 2.5934 6.5063 41.7453 1.5695 0.3910
Cyclist -1 -1 -1.5792 970.5596 770.2241 1030.3604 912.8587 1.6866 0.7845 1.8688 0.5434 3.7764 20.5582 -1.5393 0.7346
Car -1 -1 -1.3439 516.4781 740.7532 843.6471 1001.0715 1.5946 1.8994 4.5085 -2.2990 2.8192 13.5075 -1.5198 0.8721
Car -1 -1 -1.4600 742.9978 774.1475 871.6898 891.3085 1.4525 1.7188 3.6567 -2.5037 4.1398 25.0817 -1.5525 0.8273
Car -1 -1 -1.5237 848.0923 788.5527 917.4913 856.7095 1.4172 1.7316 3.8173 -2.1708 6.2456 42.2062 -1.5636 0.7797
Car -1 -1 -1.3714 647.7761 767.1943 846.2857 927.4537 1.4459 1.7423 3.7204 -2.5742 3.4170 18.8025 -1.5058 0.7456
Car -1 -1 -1.4794 813.4193 787.6714 907.1177 874.6340 1.4824 1.7888 3.9360 -2.3016 5.5068 34.9749 -1.5346 0.7244
Car -1 -1 2.1358 259.2431 753.3392 422.7377 833.8760 1.5070 1.7718 4.2387 -15.3960 4.9095 37.3737 1.7458 0.6204
Car -1 -1 -1.5491 869.8043 794.4970 929.0776 857.2731 1.4986 1.7925 4.0892 -1.9782 7.2688 48.8288 -1.5773 0.4413
Car -1 -1 2.2021 93.8331 775.8809 298.3961 871.3879 1.4149 1.7781 3.9248 -15.6371 4.7346 30.8024 1.7288 0.4165
