Cyclist -1 -1 -1.5512 969.5925 768.9891 1025.9606 908.0630 1.6472 0.7134 1.7946 0.5176 3.7134 20.5278 -1.5127 0.4882
Car -1 -1 -1.3499 494.8677 729.6962 828.6155 996.6255 1.6067 1.8899 4.4124 -2.3593 2.6737 12.9913 -1.5393 0.9061
Car -1 -1 -1.4501 727.1797 773.0223 863.0441 892.5786 1.4292 1.7378 3.8594 -2.6517 4.0633 24.6472 -1.5509 0.8255
Car -1 -1 -1.3933 641.9542 761.0186 841.4365 927.9963 1.4844 1.7586 3.6742 -2.5541 3.3125 18.2135 -1.5318 0.7854
Car -1 -1 -1.5005 801.3475 783.6313 895.2443 876.1097 1.5662 1.8240 4.0743 -2.5339 5.4329 34.3850 -1.5639 0.6837
Car -1 -1 -1.4985 842.8196 784.0763 917.8426 855.6664 1.4921 1.7742 3.8554 -2.2155 6.1509 41.8137 -1.5400 0.6648
Car -1 -1 -1.5379 863.7275 791.7982 924.2672 855.5122 1.5375 1.7779 3.9377 -2.1364 7.1564 48.3765 -1.5699 0.6110
Car -1 -1 2.0684 268.2570 768.1420 421.5944 849.2264 1.5087 1.7998 4.1281 -15.3862 5.3139 37.5751 1.6811 0.4748
Car -1 -1 2.1372 100.8327 754.8516 301.3627 855.1260 1.5494 1.8168 3.9289 -15.3484 4.3721 30.4410 1.6658 0.4574
Car -1 -1 2.0004 385.7457 772.7342 500.8132 839.0096 1.4593 1.7137 3.8970 -15.1663 6.0084 43.9913 1.6731 0.4334
