Cyclist -1 -1 -1.5157 965.0859 767.6185 1029.6147 907.9717 1.6560 0.7601 1.8259 0.5136 3.7035 20.5098 -1.4774 0.5418
Car -1 -1 -1.4290 709.5236 770.3724 858.2020 900.9950 1.5294 1.7906 3.8346 -2.7286 4.0330 23.7907 -1.5374 0.8960
Car -1 -1 -1.3396 436.6005 714.2977 817.4332 1020.4346 1.7393 1.9693 4.8581 -2.4601 2.6257 12.3775 -1.5487 0.8955
Car -1 -1 -1.4536 783.1376 783.8734 886.1842 874.6420 1.4791 1.8037 3.9892 -2.7708 5.2587 33.5216 -1.5263 0.8314
Car -1 -1 -1.3909 615.8458 748.5026 834.1908 936.4329 1.6225 1.8279 3.9027 -2.6230 3.2318 17.4918 -1.5402 0.7791
Car -1 -1 -1.4919 834.8329 783.3857 911.8062 857.3004 1.5298 1.7728 3.7523 -2.3650 6.0789 41.0206 -1.5382 0.6709
Car -1 -1 2.1903 51.7137 747.9723 276.3340 852.0380 1.5449 1.8237 4.2125 -15.6443 4.1644 29.6234 1.6987 0.6282
Car -1 -1 1.8717 368.0408 771.6655 475.0630 840.5631 1.4822 1.7402 4.1496 -15.5367 5.9345 43.2585 1.5312 0.5727
Car -1 -1 -1.5065 851.6378 792.5843 920.4127 861.3404 1.6135 1.8681 4.2285 -2.3504 7.1981 47.6656 -1.5437 0.5386
Car -1 -1 2.3016 0.0000 757.7172 96.9039 888.8129 1.4464 1.7937 4.0205 -15.4434 3.6644 22.8688 1.6931 0.5133
Car -1 -1 2.1867 236.5297 776.4080 403.8064 861.1064 1.5235 1.7719 4.0255 -15.6618 5.4667 36.7654 1.7852 0.4698
Car -1 -1 -0.1709 0.0000 0.0000 1936.0000 1216.0000 1.7585 1.9626 4.2839 -2.6208 1.4611 1.8676 -1.5521 0.4473
