Cyclist -1 -1 -1.4709 961.4333 769.9810 1035.0884 920.3511 1.7616 0.7943 1.9037 0.5275 3.8417 20.4426 -1.4316 0.6756
Car -1 -1 -1.3494 458.4606 713.4213 823.4906 1017.5587 1.7983 1.9789 4.7090 -2.4137 2.6847 12.5991 -1.5502 0.8821
Car -1 -1 -1.4451 718.5552 768.0441 857.9731 891.8304 1.4681 1.7347 3.8255 -2.7031 3.9624 24.1289 -1.5508 0.8802
Car -1 -1 -1.4130 630.0932 754.0171 838.9699 934.5558 1.5503 1.8147 3.9663 -2.5453 3.2505 17.6944 -1.5557 0.8121
Car -1 -1 -1.4733 832.9987 778.6114 912.6279 854.7355 1.6144 1.7987 3.7411 -2.3978 6.0621 41.3572 -1.5199 0.7297
Car -1 -1 -1.4867 792.3962 781.4184 892.0961 875.4362 1.5689 1.8710 4.1570 -2.6390 5.3489 34.0210 -1.5542 0.7152
Car -1 -1 -1.5428 858.1766 791.4324 918.9924 856.1342 1.5543 1.7893 3.8913 -2.2899 7.1092 47.9294 -1.5785 0.5988
Car -1 -1 2.0673 260.1007 771.3231 412.2984 852.8257 1.4909 1.7384 4.0844 -15.4084 5.3313 37.1004 1.6749 0.5928
Car -1 -1 2.2151 57.6180 755.3732 286.8272 863.6260 1.6093 1.8482 4.3110 -15.6703 4.4241 29.9876 1.7287 0.5636
Car -1 -1 1.9675 367.2408 770.6620 483.8490 839.3175 1.4967 1.7531 4.0095 -15.4609 5.9242 43.3708 1.6293 0.4061
