Pedestrian -1 -1 1.5045 988.6380 799.9589 1019.2419 875.4760 1.6714 0.6822 0.6378 0.9937 5.7999 34.9411 1.5468 0.4729
Pedestrian -1 -1 1.5422 978.5322 793.4265 999.9827 852.6940 1.7217 0.6439 0.6291 0.8502 6.8910 45.5545 1.5744 0.3904
Cyclist -1 -1 -1.5132 920.6377 771.5325 991.6500 915.2165 1.6951 0.8474 1.8492 -0.0492 3.8019 20.5347 -1.5040 0.7066
Car -1 -1 -1.4083 593.9857 769.4904 785.2459 931.8508 1.5185 1.8173 3.9647 -3.4197 3.5991 19.5270 -1.5818 0.9177
Car -1 -1 -1.1917 0.0000 707.0123 699.0487 1208.4642 1.6281 1.9524 4.6697 -2.7641 2.1942 7.9658 -1.5792 0.8529
Car -1 -1 -1.3458 463.3629 760.2975 746.0734 988.9323 1.4273 1.6870 3.5525 -2.9867 2.7871 13.2343 -1.5809 0.8391
Car -1 -1 -1.4662 705.4064 775.0177 824.2614 890.6434 1.6868 1.8481 4.1128 -3.7618 4.8324 29.2650 -1.5869 0.6988
Car -1 -1 -1.5010 760.3626 784.6133 846.7145 869.9464 1.5496 1.7989 4.1210 -3.8457 5.7268 37.0307 -1.5949 0.6678
Car -1 -1 -1.4597 791.1775 795.2807 866.1967 863.5875 1.4426 1.7014 3.7824 -3.7725 6.5693 43.0780 -1.5363 0.6638
Car -1 -1 2.0451 91.2334 770.2433 267.6043 857.6961 1.3773 1.7524 3.9301 -16.6553 4.6868 32.0793 1.5629 0.4591
