Pedestrian -1 -1 1.5115 967.6654 795.9175 991.4036 857.4960 1.7216 0.6698 0.7104 0.5372 6.8195 44.2113 1.5371 0.3897
Pedestrian -1 -1 1.4929 989.2206 812.4164 1020.5800 888.9432 1.6261 0.6676 0.6009 0.9777 5.8805 33.6171 1.5359 0.3747
Cyclist -1 -1 -1.6063 912.7888 786.0489 971.4460 926.2695 1.6363 0.7563 1.7710 -0.2786 3.9333 20.4171 -1.6089 0.5034
Car -1 -1 -1.3942 566.3088 768.4631 769.3449 935.8828 1.4771 1.7917 3.9665 -3.5159 3.4549 18.6078 -1.5828 0.9147
Car -1 -1 -1.1476 0.0000 695.8695 666.2093 1216.0000 1.6348 1.9510 4.6391 -2.7982 2.0845 7.1365 -1.5909 0.9056
Car -1 -1 -1.3678 430.8709 756.0688 729.0934 1001.0692 1.4090 1.7139 3.7418 -3.0109 2.6779 12.5563 -1.6195 0.8368
Car -1 -1 -1.4315 689.8677 776.6660 818.2487 891.9845 1.6317 1.8474 3.9331 -3.8429 4.7085 28.3403 -1.5597 0.8158
Car -1 -1 -1.4932 779.5286 788.9313 853.3312 858.5385 1.4423 1.7346 3.9699 -4.0540 6.3076 42.3641 -1.5782 0.7193
Car -1 -1 -1.4955 753.8664 783.0916 839.9350 862.4081 1.3930 1.7359 3.8951 -3.9089 5.4176 36.0787 -1.5943 0.7127
Car -1 -1 1.9513 280.2006 749.9283 434.8884 837.1787 1.5725 1.9197 4.2689 -14.1027 4.6946 35.2067 1.5704 0.2783
