Pedestrian -1 -1 1.4906 967.3638 799.8663 991.7994 863.6730 1.8115 0.6877 0.6836 0.5458 7.0944 44.7927 1.5162 0.3735
Pedestrian -1 -1 1.5172 991.2056 793.0864 1020.3331 868.7069 1.6350 0.6387 0.6410 1.0115 5.5063 34.0978 1.5606 0.3528
Cyclist -1 -1 -1.5727 918.5571 777.0858 978.9870 915.9223 1.6373 0.7920 1.7888 -0.1626 3.8139 20.4930 -1.5694 0.5837
Car -1 -1 -1.3954 573.8959 770.6813 778.6860 938.8655 1.4955 1.8345 4.1626 -3.4785 3.5515 19.0035 -1.5774 0.9116
Car -1 -1 -1.1306 0.0000 699.7474 685.8591 1216.0000 1.6402 1.9663 4.7764 -2.8262 2.1333 7.4512 -1.5567 0.9040
Car -1 -1 -1.4908 701.1882 778.3688 814.8893 889.1555 1.5780 1.8237 3.7872 -3.8121 4.7106 28.5914 -1.6166 0.8553
Car -1 -1 -1.4681 752.6760 787.9138 847.8416 872.3776 1.4585 1.8205 4.3183 -3.8448 5.6565 36.3460 -1.5641 0.8349
Car -1 -1 -1.3652 444.5784 752.1602 733.9476 991.2075 1.4402 1.7096 3.6435 -3.0145 2.6907 12.8393 -1.6110 0.8289
Car -1 -1 -1.4746 779.5485 799.2479 858.3105 873.1108 1.5265 1.8068 4.1015 -4.0111 6.7458 42.7054 -1.5575 0.7675
Car -1 -1 2.0685 165.5484 776.1697 328.2260 860.9759 1.4406 1.7345 3.8893 -16.3701 5.1299 34.4844 1.6244 0.3878
