Pedestrian -1 -1 1.5210 987.6001 793.2405 1009.2552 852.3040 1.7749 0.6594 0.6517 1.1690 7.1193 47.1470 1.5595 0.3925
Cyclist -1 -1 -1.5463 930.5215 787.5328 993.5681 930.6920 1.6514 0.7875 1.8299 0.0294 3.9592 20.2914 -1.5328 0.5435
Car -1 -1 -1.4711 642.3166 767.8269 809.7609 924.3920 1.5518 1.8705 4.2360 -3.1711 3.7586 20.9287 -1.6191 0.9547
Car -1 -1 -1.2761 194.8563 733.1877 725.9367 1123.4366 1.4881 1.8717 4.4872 -2.6879 2.3204 9.2268 -1.5959 0.8876
Car -1 -1 -1.4035 532.4449 756.8175 771.8731 962.1241 1.4304 1.7076 3.6452 -2.8797 2.8859 14.6489 -1.6055 0.8018
Car -1 -1 -1.5203 740.8346 776.3976 842.1785 879.5270 1.5753 1.8282 3.8177 -3.4005 4.8671 30.5387 -1.6232 0.7797
Car -1 -1 -1.4974 780.2330 788.1739 863.4733 869.1882 1.5195 1.7798 3.9780 -3.4956 5.8963 38.0908 -1.5788 0.7571
Car -1 -1 2.0861 119.0941 754.1539 294.7660 842.3207 1.4517 1.6764 3.9796 -16.3280 4.4444 32.5966 1.6185 0.6433
Car -1 -1 2.0687 267.4415 805.0614 413.7207 887.1478 1.5628 1.8762 4.0689 -16.4778 6.6291 39.9271 1.6811 0.5783
Car -1 -1 2.1382 0.0000 755.1867 152.9034 863.3785 1.4320 1.6805 3.8797 -16.1866 3.9041 26.4285 1.5789 0.4722
