Pedestrian -1 -1 1.4652 991.5540 801.5333 1021.9353 875.6650 1.6569 0.6637 0.6087 1.0703 5.8639 35.2939 1.5094 0.4241
Cyclist -1 -1 -1.5677 922.3289 777.3950 985.3990 918.3890 1.6578 0.8252 1.8178 -0.0876 3.8386 20.4723 -1.5604 0.7114
Car -1 -1 -1.2076 40.2078 718.1895 717.1332 1179.2078 1.5758 1.9630 4.7892 -2.7615 2.2542 8.4784 -1.5686 0.9259
Car -1 -1 -1.3575 484.9667 760.7443 759.5363 981.3748 1.4181 1.7154 3.7310 -2.9545 2.8410 13.7910 -1.5795 0.8931
Car -1 -1 -1.3933 594.5994 771.6524 795.2022 939.6824 1.5850 1.8866 4.2557 -3.4157 3.7549 19.9745 -1.5619 0.8725
Car -1 -1 -1.5045 771.7631 788.0299 854.2256 868.2388 1.4588 1.7472 3.9669 -3.6474 5.7507 37.3424 -1.5921 0.7779
Car -1 -1 -1.5017 716.7034 783.6377 823.9188 889.6418 1.5351 1.8055 3.9220 -3.7150 4.8955 29.6553 -1.6189 0.6393
Car -1 -1 2.0648 0.0000 747.9870 155.3453 880.1867 1.6244 1.9758 4.5284 -15.5729 3.8778 25.0461 1.4975 0.5420
Car -1 -1 2.0647 107.0085 796.4730 285.7069 890.7674 1.4566 1.7949 3.8900 -16.3624 5.3780 32.2146 1.5929 0.5012
Car -1 -1 -1.4526 788.1948 795.1276 869.3657 866.9930 1.5113 1.8332 4.2195 -3.8211 6.7374 43.7640 -1.5288 0.4211
Car -1 -1 2.0473 245.7267 772.8278 385.7712 847.5030 1.4441 1.7325 3.9207 -16.7174 5.4951 38.9341 1.6434 0.3705
