Pedestrian -1 -1 1.4962 959.2280 793.1478 984.0771 856.4556 1.7206 0.6722 0.6966 0.2954 6.5947 42.9565 1.5163 0.4702
Pedestrian -1 -1 1.5454 979.6956 786.0957 1010.2416 868.0140 1.6899 0.6547 0.6335 0.7274 5.2201 32.4300 1.5813 0.4597
Cyclist -1 -1 -1.6407 894.9471 774.3989 956.3972 917.5392 1.6593 0.7221 1.8177 -0.4995 3.7751 20.2275 -1.6552 0.6160
Car -1 -1 -1.3873 537.6978 765.0696 753.9974 940.6978 1.4647 1.7917 4.0224 -3.5949 3.3176 17.7393 -1.5910 0.9483
Car -1 -1 -1.4667 678.8394 769.2797 803.2950 890.1616 1.6904 1.8432 3.7537 -3.9515 4.5174 27.3743 -1.6042 0.8976
Car -1 -1 -1.0780 0.0000 674.3841 631.0314 1216.0000 1.6864 1.9638 4.6811 -2.8368 1.9725 6.2840 -1.5940 0.8797
Car -1 -1 -1.3550 368.3959 750.3250 700.0117 1020.1244 1.4098 1.7148 3.7188 -3.0738 2.5353 11.5064 -1.6386 0.8459
Car -1 -1 -1.4858 734.2990 781.5888 824.1975 864.4162 1.4222 1.7314 3.8837 -4.2097 5.3026 35.0711 -1.5967 0.7452
Car -1 -1 -1.4993 768.5919 776.4131 844.2560 848.5900 1.5090 1.7744 3.9400 -4.2570 5.9250 41.5985 -1.5914 0.6758
Car -1 -1 -2.8060 553.4410 797.2404 702.1607 859.4535 1.7584 1.9697 4.5013 -11.2279 7.7242 50.5069 -3.0157 0.3750
