Cyclist -1 -1 -1.5852 942.9219 773.8641 1006.5864 918.5724 1.6922 0.8262 1.8573 0.1813 3.8108 20.3368 -1.5639 0.5860
Car -1 -1 -1.4654 659.5177 769.0133 823.8422 921.2407 1.5640 1.8790 4.3337 -3.0682 3.8684 21.7167 -1.6023 0.9192
Car -1 -1 -1.2939 269.7730 722.9276 770.4565 1103.9110 1.6605 1.9905 4.6933 -2.5786 2.4747 10.0732 -1.5714 0.9176
Car -1 -1 -1.5138 748.3258 773.4442 852.4110 881.8950 1.7229 1.8987 3.9038 -3.2869 5.0187 31.1915 -1.6103 0.8115
Car -1 -1 -1.5014 796.9002 787.8908 877.9077 863.8347 1.4381 1.7813 3.9887 -3.1664 5.8932 38.8801 -1.5722 0.7901
Car -1 -1 -1.4154 568.9966 757.4972 788.0347 953.8631 1.4847 1.6968 3.3940 -2.7766 2.9985 15.3519 -1.5998 0.7735
Car -1 -1 2.1799 0.0000 763.3954 177.7481 871.8926 1.4305 1.6309 4.0567 -16.1688 4.1318 27.0917 1.6334 0.7417
Car -1 -1 1.9787 161.1229 761.6048 309.0431 843.7546 1.3764 1.6150 3.7255 -16.0597 4.5908 33.2656 1.5265 0.6075
Car -1 -1 2.0244 294.0145 824.8544 429.2092 905.0958 1.5299 1.8648 3.9113 -16.2025 7.2314 40.6182 1.6497 0.5860
Car -1 -1 -1.4981 814.2097 790.7213 885.6346 861.4767 1.6057 1.8249 3.9462 -3.3196 6.8390 45.2134 -1.5601 0.5270
