Pedestrian -1 -1 1.4837 968.3995 799.1709 992.4465 859.7686 1.6737 0.6555 0.6427 0.5560 6.7950 43.6055 1.5099 0.5065
Pedestrian -1 -1 1.4395 980.1599 797.2383 1012.8378 878.3873 1.7019 0.6570 0.5998 0.7766 5.5534 33.0919 1.4766 0.3677
Pedestrian -1 -1 1.5147 1007.4954 800.3349 1037.5361 877.7712 1.6752 0.6579 0.5880 1.3886 5.6962 33.9807 1.5698 0.3072
Cyclist -1 -1 -1.5705 908.3526 774.3779 964.5476 912.4415 1.6168 0.7300 1.7630 -0.3270 3.7351 20.3090 -1.5759 0.7667
Car -1 -1 -1.3908 552.8682 767.0888 764.1678 940.2371 1.4879 1.8111 4.0631 -3.5509 3.4179 18.2534 -1.5855 0.9329
Car -1 -1 -1.4604 685.3812 773.0490 809.3381 889.6494 1.6386 1.8443 3.8541 -3.9119 4.5968 27.9124 -1.5935 0.9050
Car -1 -1 -1.3409 383.8491 748.0455 715.2703 1013.4095 1.4664 1.7535 3.7960 -3.0870 2.6130 11.9910 -1.6127 0.9001
Car -1 -1 -1.1241 0.0000 679.9332 656.4642 1216.0000 1.6920 1.9729 4.6367 -2.8124 2.0300 6.8460 -1.5905 0.8766
Car -1 -1 -1.4471 738.9577 779.5810 837.2609 863.6749 1.4614 1.7958 4.1413 -4.0727 5.3757 35.7555 -1.5516 0.6610
Car -1 -1 -1.4842 771.2004 787.4453 850.5711 862.6904 1.5654 1.8270 4.1144 -4.1758 6.3618 42.0679 -1.5728 0.5576
Car -1 -1 -1.5250 1124.1831 807.1917 1197.4696 883.8705 1.5503 1.8070 3.8652 5.6675 6.9416 42.1566 -1.3749 0.3514
