Pedestrian -1 -1 1.4598 1012.6707 800.3050 1041.5497 870.6105 1.6410 0.6538 0.6330 1.6218 6.0086 36.9028 1.5180 0.4633
Cyclist -1 -1 -1.5566 940.6277 768.3604 1006.4085 914.2703 1.7317 0.8528 1.8549 0.1883 3.7928 20.5431 -1.5350 0.6746
Car -1 -1 -1.4635 650.8582 766.7547 817.8238 921.9356 1.5850 1.8782 4.1707 -3.1081 3.8026 21.2613 -1.6057 0.9405
Car -1 -1 -1.2881 224.9921 721.6975 746.8803 1122.1500 1.6403 1.9506 4.5733 -2.6315 2.4073 9.5441 -1.5893 0.9132
Car -1 -1 -1.5322 794.2528 787.0150 869.6271 863.6633 1.4617 1.7476 3.7580 -3.2819 5.8429 38.5051 -1.6070 0.8287
Car -1 -1 -1.5052 740.7020 770.1779 849.0154 880.7560 1.7493 1.9328 3.9639 -3.3727 4.9531 30.9644 -1.6054 0.8056
Car -1 -1 -1.4131 553.4044 756.5604 779.9899 956.4154 1.4542 1.6951 3.5301 -2.8263 2.9361 15.0378 -1.6054 0.7862
Car -1 -1 2.0514 144.6689 752.3203 311.7707 837.3934 1.4305 1.6999 3.9119 -16.0888 4.4143 33.0425 1.5954 0.7808
Car -1 -1 2.1599 0.0000 756.3900 167.1349 862.9057 1.4078 1.6415 3.9820 -16.1517 3.9396 26.7732 1.6078 0.7207
Car -1 -1 2.0360 279.3587 806.3176 416.2629 884.8969 1.5163 1.8264 3.9326 -16.4390 6.6502 40.2846 1.6525 0.5773
