Pedestrian -1 -1 1.5199 970.2836 785.4652 1002.7942 869.8801 1.6147 0.6319 0.6293 0.5060 4.8862 30.1482 1.5498 0.4527
Pedestrian -1 -1 1.5478 959.5156 787.4673 983.3706 854.3505 1.7284 0.6391 0.6132 0.2727 6.1591 40.4497 1.5676 0.3489
Pedestrian -1 -1 1.5270 996.5152 791.8711 1027.0262 872.9029 1.6570 0.6366 0.5660 1.0789 5.2658 32.0367 1.5746 0.2955
Cyclist -1 -1 -1.5811 869.4945 772.8751 935.2646 913.3492 1.6548 0.8603 1.8110 -0.8073 3.7728 20.4823 -1.6113 0.6831
Car -1 -1 -1.3628 469.4274 758.3952 726.8002 962.3806 1.4862 1.8084 4.1013 -3.6310 3.0719 15.6877 -1.5990 0.9282
Car -1 -1 -1.2571 216.8465 732.5528 652.5731 1062.4323 1.4512 1.6701 3.3945 -3.0710 2.2551 9.4373 -1.6112 0.8947
Car -1 -1 -0.8752 0.0000 654.7030 539.7049 1216.0000 1.6090 1.8276 4.0569 -2.7800 1.7418 4.6301 -1.5769 0.8661
Car -1 -1 -1.4502 639.2507 765.4252 776.0355 890.2247 1.6110 1.8374 3.7080 -4.2297 4.1800 25.4489 -1.6110 0.8630
Car -1 -1 -1.4146 710.4650 775.4647 817.8876 867.0212 1.5402 1.7794 3.6617 -4.3028 5.0639 33.1377 -1.5359 0.7640
Car -1 -1 -1.5015 749.8122 785.1572 825.1041 858.5610 1.4494 1.6852 3.5920 -4.5245 5.8591 39.3235 -1.6066 0.5797
