Pedestrian -1 -1 -0.6141 1630.4778 778.0784 1936.0000 1199.1757 1.3885 0.6821 0.7818 3.0161 1.9908 5.5325 0.0186 0.5849
Pedestrian -1 -1 1.6352 966.0227 780.0060 1002.8753 872.7730 1.6491 0.6425 0.7309 0.4426 4.6246 28.2946 1.6639 0.3908
Pedestrian -1 -1 1.5861 959.5542 775.1617 985.6743 846.5068 1.7628 0.6569 0.5970 0.2950 5.6691 38.5663 1.6067 0.3396
Cyclist -1 -1 -1.4587 855.1775 765.4872 928.6165 908.2662 1.6874 0.7873 1.8364 -0.9284 3.7018 20.4811 -1.4953 0.6239
Cyclist -1 -1 -0.5609 1617.8513 776.9143 1936.0000 1199.9685 1.3746 0.7288 0.8529 3.0027 1.9772 5.5348 0.0696 0.1105
Car -1 -1 -1.3380 423.4464 769.9119 703.9766 987.6960 1.4225 1.7536 3.9230 -3.6409 3.0109 14.3958 -1.5983 0.9525
Car -1 -1 -1.1884 50.6790 750.4800 604.3302 1147.3434 1.3915 1.6576 3.4279 -3.1073 2.2179 8.0948 -1.6115 0.8921
Car -1 -1 -1.4214 620.0516 772.0084 770.9636 901.9445 1.5520 1.8275 3.8010 -4.1903 4.1138 24.1238 -1.5904 0.8636
Car -1 -1 -0.6504 0.0000 627.9957 453.5963 1216.0000 1.5894 1.8350 4.0844 -2.7547 1.6008 3.4176 -1.5802 0.8406
Car -1 -1 -1.4508 728.4806 786.5672 819.5209 868.3582 1.5543 1.8092 3.9168 -4.7176 5.8907 38.1474 -1.5646 0.7850
Car -1 -1 -1.4262 692.2000 785.0032 800.4199 877.4290 1.4490 1.7274 3.7450 -4.5104 5.0601 31.8472 -1.5596 0.6615
Car -1 -1 2.0837 94.8894 759.0339 279.0957 850.7368 1.5181 1.8192 4.1156 -16.9379 4.6614 32.9553 1.6060 0.3571
