Pedestrian -1 -1 1.5530 972.8364 770.8210 1008.5571 864.6725 1.6283 0.6440 0.6446 0.5353 4.3230 27.2893 1.5857 0.4727
Pedestrian -1 -1 1.5542 987.7255 784.9667 1020.1434 873.9547 1.6557 0.6271 0.5995 0.8332 4.8183 29.2393 1.5964 0.4022
Pedestrian -1 -1 1.5812 959.4619 778.1953 985.8974 850.1728 1.7299 0.6506 0.6132 0.2895 5.6173 37.6060 1.6018 0.3625
Cyclist -1 -1 -1.5893 856.3426 758.8468 913.6401 897.4654 1.6546 0.7536 1.8403 -1.0608 3.5852 20.6119 -1.6325 0.7304
Car -1 -1 -1.4062 609.0959 771.9569 763.8058 903.8779 1.5238 1.7655 3.6910 -4.1794 3.9940 23.2648 -1.5817 0.9162
Car -1 -1 -1.1179 0.0000 720.2729 565.3488 1168.3708 1.4429 1.6914 3.4765 -3.1984 2.0228 7.3301 -1.6021 0.8946
Car -1 -1 -1.2842 367.7494 749.9015 700.3405 997.3965 1.5769 1.8448 4.0288 -3.6597 2.8820 13.5918 -1.5631 0.8906
Car -1 -1 -1.4159 687.0359 788.3889 796.4888 881.4822 1.4277 1.6891 3.4693 -4.4623 4.9894 30.8293 -1.5527 0.8069
Car -1 -1 -1.4583 724.2097 788.0615 815.9730 870.8017 1.5145 1.7923 4.0363 -4.7152 5.8123 37.3691 -1.5748 0.7999
Car -1 -1 -0.3112 0.0000 629.8246 306.1294 1216.0000 1.5169 1.8655 4.3330 -3.0329 1.5323 2.4700 -1.5307 0.6711
Car -1 -1 2.1766 51.9151 771.8470 256.5239 870.5450 1.5555 1.8312 4.1663 -17.2470 4.9338 32.2082 1.6819 0.3219
Car -1 -1 1.8743 342.5267 768.7946 458.6929 842.4854 1.5938 1.9138 4.3287 -16.1028 5.9613 43.1801 1.5214 0.3141
