Pedestrian -1 -1 1.5043 958.3799 794.6802 983.2474 858.0128 1.7094 0.6735 0.6881 0.2694 6.5925 42.6511 1.5238 0.4553
Pedestrian -1 -1 1.6469 975.2394 788.2031 1008.9808 874.0424 1.7346 0.6627 0.7171 0.6657 5.2837 32.1074 1.6811 0.4167
Cyclist -1 -1 -1.5571 899.4500 766.2355 956.0547 898.5392 1.5948 0.7437 1.7674 -0.4495 3.6444 20.8012 -1.5685 0.5882
Car -1 -1 -1.3696 514.2130 756.4984 749.7567 946.4288 1.5707 1.8573 4.2302 -3.6723 3.2923 17.4377 -1.5818 0.9397
Car -1 -1 -1.0464 0.0000 680.6075 617.3057 1216.0000 1.6361 1.9346 4.7414 -2.8556 1.9493 6.0186 -1.5899 0.9367
Car -1 -1 -1.4605 667.9290 767.6691 797.4414 888.7587 1.6585 1.8727 3.8469 -4.0489 4.4268 27.0424 -1.6038 0.8721
Car -1 -1 -1.3285 337.6447 736.2170 695.8271 1022.0031 1.4975 1.7558 3.7020 -3.1045 2.4728 11.2071 -1.6236 0.8532
Car -1 -1 -1.4839 760.2955 776.4442 841.5334 852.0687 1.5717 1.8397 4.0184 -4.3611 5.9494 41.1818 -1.5795 0.7928
Car -1 -1 -1.4770 733.2876 783.5588 822.8179 865.0760 1.4006 1.6913 3.6171 -4.1866 5.2669 34.6175 -1.5889 0.5980
Car -1 -1 0.1887 563.1020 793.8813 713.5046 856.9107 1.8445 2.0047 4.6448 -10.8209 7.6504 50.3459 -0.0139 0.3007
Car -1 -1 -1.5389 765.6375 773.6881 834.1329 848.3555 1.8593 2.0084 4.2447 -5.1428 6.8640 48.1182 -1.6348 0.2928
