Pedestrian -1 -1 1.4816 959.3655 784.6240 984.4662 850.3643 1.7564 0.6547 0.7412 0.2978 6.3113 42.2533 1.5018 0.4406
Pedestrian -1 -1 1.6420 977.2122 782.1118 1011.8513 868.6092 1.7157 0.6699 0.7445 0.7054 5.0746 31.5446 1.6778 0.3356
Cyclist -1 -1 -1.5296 883.9883 775.0455 946.2376 913.0161 1.6333 0.7640 1.7889 -0.6164 3.7890 20.5691 -1.5497 0.6349
Car -1 -1 -1.3874 510.2217 759.8868 741.3112 952.5514 1.5418 1.8270 4.1045 -3.6456 3.2612 16.9666 -1.6045 0.9495
Car -1 -1 -1.4647 668.0223 766.8012 792.8112 884.0457 1.5910 1.7943 3.6484 -4.0363 4.2961 26.6491 -1.6100 0.9034
Car -1 -1 -1.0336 0.0000 646.0024 611.7910 1216.0000 1.8069 1.9939 4.7354 -2.8343 1.9220 5.7610 -1.5997 0.8940
Car -1 -1 -1.3250 303.3198 735.6114 683.1800 1047.0100 1.5484 1.7636 3.7825 -3.1213 2.4891 10.7622 -1.6351 0.8631
Car -1 -1 -1.5037 762.0105 777.0814 836.9630 849.8105 1.4921 1.7359 3.8095 -4.3534 5.8291 40.6874 -1.6006 0.7544
Car -1 -1 -1.4709 721.8797 782.5567 816.0482 868.0313 1.4406 1.7279 3.7742 -4.3284 5.2389 34.1255 -1.5888 0.6800
Car -1 -1 -2.9055 547.8580 792.6648 703.8339 857.0359 1.8633 2.0022 4.7309 -11.1382 7.5778 49.8773 -3.1163 0.4073
