Pedestrian -1 -1 1.6116 999.0742 797.7102 1031.1454 880.3228 1.6471 0.6435 0.5599 1.1335 5.3127 31.4125 1.6617 0.3818
Pedestrian -1 -1 1.5396 958.8291 771.9149 984.1580 841.7007 1.7730 0.6614 0.6755 0.2690 5.7169 39.7755 1.5593 0.3624
Pedestrian -1 -1 1.5098 969.1962 784.5281 1003.6107 872.7114 1.6459 0.6474 0.6490 0.4914 4.8260 29.4575 1.5397 0.3607
Cyclist -1 -1 -1.5080 868.1317 770.7276 937.0983 911.7427 1.6434 0.8029 1.8455 -0.7753 3.7142 20.2997 -1.5370 0.6888
Car -1 -1 -1.3604 449.5866 759.0085 713.5486 971.8539 1.5003 1.7915 3.9763 -3.6577 3.0364 15.1081 -1.6084 0.9163
Car -1 -1 -1.2304 133.3473 734.8918 621.7844 1091.0303 1.4072 1.6619 3.4570 -3.1343 2.1824 8.7701 -1.6217 0.8970
Car -1 -1 -1.4359 630.7450 765.0377 773.5182 893.4788 1.6203 1.8318 3.7357 -4.2232 4.1306 24.8932 -1.6005 0.8678
Car -1 -1 -0.7447 0.0000 642.7902 517.7625 1216.0000 1.5598 1.8411 4.1649 -2.7654 1.6330 4.0145 -1.5503 0.8658
Car -1 -1 -1.4200 706.3614 785.1514 815.3274 877.9922 1.4936 1.7708 3.7402 -4.2871 5.1780 32.4892 -1.5434 0.6973
Car -1 -1 -1.5037 740.7904 789.2833 820.3767 867.9090 1.5064 1.7564 3.8485 -4.6365 5.9874 38.8055 -1.6132 0.5086
