Pedestrian -1 -1 1.5672 958.5303 776.7421 984.9286 848.7778 1.7449 0.6632 0.6344 0.2678 5.6266 37.9070 1.5872 0.4459
Pedestrian -1 -1 1.5473 968.9604 773.9019 1004.4106 868.3764 1.6629 0.6478 0.6328 0.4664 4.4492 27.6455 1.5772 0.4164
Pedestrian -1 -1 1.5719 999.5310 778.2900 1031.8740 866.6041 1.6586 0.6296 0.6319 1.0795 4.7257 29.5700 1.6224 0.3136
Cyclist -1 -1 -1.5769 853.9841 747.4193 917.1063 889.3187 1.7024 0.8284 1.9194 -1.0412 3.4712 20.6102 -1.6193 0.5754
Car -1 -1 -1.3567 603.1165 769.5959 768.3115 902.3746 1.5549 1.7868 3.6984 -4.2294 4.0105 23.4968 -1.5325 0.9285
Car -1 -1 -1.1193 0.0000 747.5669 577.7089 1172.8452 1.3275 1.6437 3.5521 -3.1709 2.0889 7.4912 -1.5884 0.9062
Car -1 -1 -1.3128 393.8750 763.8061 698.5152 995.4489 1.4689 1.7726 3.9602 -3.6452 2.9417 13.8641 -1.5844 0.8835
Car -1 -1 -1.4439 723.6879 790.0184 819.4974 874.6016 1.5452 1.8347 4.2063 -4.7129 5.9396 37.6857 -1.5591 0.8051
Car -1 -1 -1.4197 690.0857 785.7321 797.0604 876.0555 1.3968 1.6698 3.4406 -4.4561 4.9204 31.0303 -1.5554 0.7542
Car -1 -1 -0.5080 0.0000 676.0307 381.9676 1216.0000 1.4214 1.7133 3.6088 -2.9048 1.5957 3.2395 -1.5044 0.5070
Car -1 -1 2.1109 73.9801 775.5720 276.9367 878.3434 1.6304 1.9108 4.4320 -17.0051 5.1476 32.6408 1.6284 0.4710
