Pedestrian -1 -1 1.4987 960.5804 789.1635 985.7681 856.6629 1.7760 0.6591 0.6703 0.3269 6.3633 41.4105 1.5197 0.4593
Pedestrian -1 -1 1.5861 994.2061 799.9725 1024.4479 881.7880 1.7011 0.6445 0.5708 1.0535 5.5652 32.7018 1.6323 0.3125
Pedestrian -1 -1 1.6192 978.0323 784.0964 1012.8246 875.9471 1.7833 0.6716 0.7764 0.7097 5.1159 30.8897 1.6557 0.2644
Cyclist -1 -1 -1.5642 879.1522 772.7023 938.9916 913.4515 1.6449 0.7757 1.8053 -0.6931 3.7408 20.2968 -1.5888 0.7326
Car -1 -1 -1.3943 493.1847 759.5405 734.2658 963.1611 1.5594 1.8579 4.2275 -3.6516 3.2355 16.4603 -1.6192 0.9460
Car -1 -1 -0.9575 0.0000 664.1359 572.0078 1216.0000 1.6599 1.8992 4.3278 -2.8343 1.8536 5.2036 -1.5879 0.9381
Car -1 -1 -1.4774 658.8314 768.2908 784.9249 888.9580 1.5784 1.8014 3.7773 -4.0970 4.2671 26.1035 -1.6285 0.9041
Car -1 -1 -1.2933 274.5032 723.3679 667.7509 1026.2577 1.4632 1.6862 3.4841 -3.0977 2.2500 10.1668 -1.6223 0.8995
Car -1 -1 -1.4639 716.6680 779.1075 816.5964 869.5532 1.5209 1.7967 3.8947 -4.3317 5.2067 33.7844 -1.5833 0.8467
Car -1 -1 -1.4788 754.4851 779.7306 834.0987 853.3344 1.4810 1.7383 3.8542 -4.4330 5.8396 40.1631 -1.5791 0.8286
