Pedestrian -1 -1 1.5531 958.4287 780.6768 984.5075 851.7310 1.7769 0.6772 0.6525 0.2654 5.8900 39.1582 1.5729 0.4720
Pedestrian -1 -1 -0.5157 1590.2010 762.9921 1879.0294 1160.9135 1.4135 0.6887 0.8163 3.0391 1.9973 5.9469 0.0766 0.4011
Pedestrian -1 -1 1.5607 967.9235 779.3082 1001.2734 868.8782 1.6397 0.6370 0.6744 0.4518 4.6595 28.9032 1.5894 0.3985
Cyclist -1 -1 -1.5314 869.1503 773.4404 933.1617 910.6575 1.6222 0.7896 1.7546 -0.8041 3.7428 20.4680 -1.5615 0.6559
Cyclist -1 -1 -0.4071 1592.0098 760.5223 1904.5476 1162.4705 1.3943 0.7381 0.9256 3.0802 1.9741 5.9424 0.1921 0.1094
Car -1 -1 -1.3609 438.6340 763.8662 714.2957 985.3873 1.5158 1.8464 4.1450 -3.6619 3.1044 14.9863 -1.6112 0.9274
Car -1 -1 -1.2155 117.4482 741.1680 626.7567 1111.0802 1.4081 1.6625 3.4739 -3.0760 2.2120 8.5719 -1.6096 0.9045
Car -1 -1 -1.4155 700.4544 788.0156 807.8533 878.8983 1.4293 1.7003 3.7045 -4.3835 5.1378 32.1241 -1.5435 0.8679
Car -1 -1 -1.4150 626.8652 771.6169 775.7296 903.1568 1.6313 1.8316 3.7062 -4.1770 4.2236 24.5603 -1.5799 0.8540
Car -1 -1 -0.6807 0.0000 652.6140 493.9415 1216.0000 1.5319 1.8210 4.2029 -2.7810 1.6405 3.7333 -1.5445 0.8416
Car -1 -1 -1.4788 737.3540 794.4088 820.5704 872.7546 1.4842 1.7491 3.8287 -4.6537 6.0800 38.6140 -1.5893 0.7219
