Pedestrian -1 -1 1.5283 959.1665 790.3738 984.2236 856.5413 1.7254 0.6686 0.6801 0.2835 6.3097 41.0817 1.5483 0.4969
Pedestrian -1 -1 1.5368 979.5964 781.3972 1012.4258 868.7385 1.7031 0.6579 0.5992 0.7061 4.9303 30.5374 1.5733 0.4187
Pedestrian -1 -1 1.5243 996.7745 790.7033 1027.5359 871.6976 1.6762 0.6481 0.5842 1.1007 5.3052 32.4389 1.5721 0.3396
Cyclist -1 -1 -1.5430 877.9527 770.8615 943.4299 910.2420 1.6457 0.8263 1.7955 -0.6718 3.7286 20.4410 -1.5663 0.7806
Car -1 -1 -1.3921 490.8167 761.5624 731.5862 965.1097 1.5381 1.8301 4.0842 -3.6205 3.2075 16.1831 -1.6193 0.9288
Car -1 -1 -0.9533 0.0000 648.9478 557.6628 1216.0000 1.6633 1.8893 4.2970 -2.8341 1.7799 5.0715 -1.6017 0.9161
Car -1 -1 -1.4609 717.1280 778.2530 815.9968 866.4700 1.4930 1.7734 3.6040 -4.2908 5.1053 33.4154 -1.5807 0.8479
Car -1 -1 -1.4709 652.1736 764.9016 782.7595 889.3331 1.6225 1.8288 3.7976 -4.1251 4.2223 25.8236 -1.6249 0.8422
Car -1 -1 -1.3087 265.3094 738.8000 665.1287 1066.9854 1.5052 1.7038 3.4877 -3.0457 2.3968 9.9070 -1.6410 0.8369
Car -1 -1 -1.4822 752.0322 783.6636 830.1308 857.4103 1.4886 1.7166 3.6046 -4.4834 5.9079 39.8120 -1.5847 0.7390
Car -1 -1 -1.5401 756.6412 783.9959 820.1923 852.1006 1.6019 1.8066 3.9273 -5.3499 6.7810 46.6573 -1.6439 0.3159
