Pedestrian -1 -1 1.5560 991.6384 783.3492 1033.2980 892.2800 1.6454 0.6591 0.7173 0.8223 4.2310 24.0331 1.6042 0.4772
Pedestrian -1 -1 1.5480 962.6133 787.9242 991.8099 866.7798 1.7199 0.6632 0.6527 0.3623 5.4940 34.2940 1.5717 0.4699
Cyclist -1 -1 -1.4886 846.9383 768.5498 917.7892 910.4622 1.6840 0.8085 1.8390 -1.0641 3.7500 20.5730 -1.5319 0.6966
Cyclist -1 -1 1.7333 659.1915 780.9213 702.5115 862.7654 1.7998 0.7465 1.9963 -7.0579 5.8396 37.7167 1.5556 0.3568
Car -1 -1 -1.2658 234.4311 756.0539 654.1093 1067.6842 1.5278 1.8357 4.0158 -3.5459 2.6785 11.0835 -1.6039 0.9399
Car -1 -1 -1.3734 571.5350 783.2213 756.4344 934.2426 1.4976 1.7842 3.8246 -4.0111 3.8996 20.7699 -1.5640 0.9076
Car -1 -1 -1.4141 663.5991 793.5410 788.4827 899.5293 1.4471 1.7404 3.7611 -4.3761 4.8535 28.3176 -1.5614 0.8696
Car -1 -1 -0.9207 0.0000 715.9978 457.9733 1216.0000 1.4356 1.6970 3.6064 -3.0948 1.8557 5.0596 -1.6118 0.8428
Car -1 -1 -1.4510 714.8495 787.2641 815.8350 875.2029 1.4795 1.8139 4.1910 -4.5140 5.5064 34.9935 -1.5708 0.8045
Car -1 -1 2.0136 161.4762 783.9966 311.0041 861.8623 1.4129 1.8121 3.9993 -18.0000 5.5981 37.3339 1.5650 0.3275
Car -1 -1 -1.4921 742.6041 777.0441 819.1343 850.4109 1.6408 1.8783 3.9855 -5.2376 6.3073 43.8460 -1.6012 0.2957
Car -1 -1 2.2784 0.0000 786.6327 214.3069 888.9418 1.4635 1.8310 3.9873 -17.2687 4.9649 30.2470 1.7553 0.2956
