Pedestrian -1 -1 1.5116 975.6331 777.8622 1013.6726 877.1802 1.6217 0.6259 0.6051 0.5695 4.2803 25.6823 1.5470 0.5401
Pedestrian -1 -1 1.5435 1003.6605 785.0530 1038.4562 877.6923 1.6261 0.6351 0.6187 1.1024 4.6231 27.6665 1.5975 0.5201
Pedestrian -1 -1 1.5659 960.4727 782.7548 988.3254 859.3766 1.7555 0.6628 0.6286 0.3177 5.5790 35.9019 1.5878 0.3449
Pedestrian -1 -1 -1.5462 651.2775 840.0285 706.0728 967.9147 1.3255 0.6051 0.7198 -3.2551 3.8673 17.2645 -1.7344 0.3433
Pedestrian -1 -1 1.5555 989.3350 783.3600 1016.8950 859.5807 1.7507 0.6572 0.6155 1.0061 5.5969 35.9814 1.5971 0.3126
Cyclist -1 -1 -1.5310 851.3794 774.0449 916.0882 915.3823 1.6644 0.7949 1.8273 -1.0408 3.7958 20.4562 -1.5733 0.7645
Car -1 -1 -1.2788 300.8016 756.0042 673.1238 1031.3536 1.5143 1.8138 4.1124 -3.6336 2.7716 12.2696 -1.5886 0.8908
Car -1 -1 -1.4148 591.0665 777.2054 753.6213 916.5034 1.5009 1.7854 3.6208 -4.1437 3.9249 21.9639 -1.6002 0.8591
Car -1 -1 -1.0649 0.0000 715.5240 514.5692 1216.0000 1.4285 1.6804 3.5907 -3.1145 1.9134 6.1569 -1.6345 0.8294
Car -1 -1 -1.4252 711.2742 782.9434 817.2827 872.3389 1.5742 1.8973 4.3064 -4.6939 5.6306 36.2060 -1.5455 0.8251
Car -1 -1 -1.4213 673.9022 786.3297 793.5284 889.8757 1.5169 1.7756 3.7309 -4.4323 4.9160 29.6167 -1.5633 0.7786
Car -1 -1 2.0812 186.8145 754.0300 353.1591 837.2742 1.5643 1.9115 4.2341 -17.0237 4.9543 37.0723 1.6506 0.3301
