Pedestrian -1 -1 1.5181 976.0482 777.6158 1016.5851 880.3599 1.6206 0.6512 0.7627 0.5836 4.2257 25.1234 1.5547 0.4731
Pedestrian -1 -1 1.5341 951.7668 792.9136 980.2632 866.8427 1.6591 0.6586 0.6271 0.1091 5.6654 35.3380 1.5501 0.3663
Pedestrian -1 -1 -1.4917 637.4644 872.7794 698.6193 1015.1240 1.4253 0.6172 0.6692 -3.2522 4.2420 16.6247 -1.6869 0.3386
Pedestrian -1 -1 1.5764 1003.9164 776.3518 1040.1658 875.8044 1.7118 0.6432 0.6108 1.1027 4.4843 27.0517 1.6313 0.3130
Cyclist -1 -1 -1.6125 848.9814 769.8644 911.2327 910.2230 1.6324 0.7804 1.8199 -1.1187 3.6892 20.2770 -1.6596 0.5931
Car -1 -1 -1.2699 291.8819 761.2347 666.2441 1036.0514 1.4644 1.7711 3.8873 -3.5820 2.7249 11.8686 -1.5868 0.9312
Car -1 -1 -0.9919 0.0000 741.1788 490.4222 1216.0000 1.3285 1.6669 3.8203 -3.1677 1.9250 5.7278 -1.6128 0.9095
Car -1 -1 -1.4012 586.4675 773.8424 752.2129 914.8406 1.5044 1.7515 3.5803 -4.1120 3.8333 21.5768 -1.5889 0.8685
Car -1 -1 -1.4273 668.8882 782.3920 792.2632 889.3682 1.5414 1.8132 3.9153 -4.4349 4.8304 29.2722 -1.5714 0.7545
Car -1 -1 -1.4367 707.4456 779.9069 815.2153 873.6765 1.6543 1.9503 4.3934 -4.7200 5.6035 35.8920 -1.5589 0.7302
