Pedestrian -1 -1 1.5027 974.8082 778.0792 1012.0861 877.4911 1.6508 0.6185 0.5663 0.5567 4.3473 26.0310 1.5373 0.5327
Pedestrian -1 -1 1.5284 949.4860 788.0546 977.3847 861.4882 1.6867 0.6562 0.6744 0.0493 5.6777 36.2341 1.5426 0.3965
Pedestrian -1 -1 -1.5414 657.1151 835.7555 711.1632 953.2157 1.2378 0.6053 0.7139 -3.2531 3.7748 17.5931 -1.7259 0.3046
Cyclist -1 -1 -1.5180 847.8262 765.8333 920.1407 911.9260 1.7046 0.8610 1.8913 -1.0229 3.7009 20.2324 -1.5601 0.7229
Car -1 -1 -1.2596 320.2049 760.3209 679.8726 1016.7357 1.4463 1.7581 3.9858 -3.6317 2.7639 12.5492 -1.5618 0.8906
Car -1 -1 -1.0614 0.0000 721.6109 525.7862 1216.0000 1.4277 1.7029 3.6238 -3.1754 1.9620 6.4133 -1.6155 0.8851
Car -1 -1 -1.3756 595.4359 776.1338 761.2685 912.5988 1.5030 1.7480 3.5443 -4.1040 3.9294 22.2088 -1.5570 0.8849
Car -1 -1 -1.4251 711.8445 786.8816 817.5020 876.3802 1.5811 1.9073 4.3207 -4.7242 5.7722 36.5091 -1.5450 0.8181
Car -1 -1 -1.4256 677.1543 785.7305 792.5110 885.3169 1.4833 1.7492 3.6103 -4.4614 4.8959 29.9233 -1.5671 0.7716
Car -1 -1 -0.2238 0.0000 0.0000 1936.0000 1204.8171 1.4231 1.7729 3.9770 -2.7044 1.4202 1.7528 -1.6524 0.4735
Car -1 -1 2.0435 205.4557 757.5117 363.1822 839.8152 1.5220 1.8446 4.0656 -16.3826 4.9360 36.4222 1.6207 0.3289
Car -1 -1 2.1983 47.6428 763.9668 256.9450 861.4661 1.5131 1.7978 4.1438 -16.9450 4.6513 31.5748 1.7018 0.2955
