Pedestrian -1 -1 1.4690 969.6418 771.6977 1006.9523 866.9942 1.6224 0.6168 0.6027 0.4804 4.2824 26.7750 1.5000 0.4690
Pedestrian -1 -1 1.5255 949.4703 782.2109 975.2728 853.7723 1.6903 0.6197 0.6510 0.0246 5.6317 37.1325 1.5389 0.4223
Pedestrian -1 -1 1.5302 988.6938 773.5086 1022.1208 862.1379 1.6297 0.6282 0.6299 0.8486 4.5303 28.8725 1.5732 0.3987
Pedestrian -1 -1 1.5766 988.0564 785.4016 1013.3901 853.5695 1.6155 0.6186 0.5867 0.9836 5.6405 37.1948 1.6167 0.3313
Cyclist -1 -1 -1.5834 848.5558 759.2822 914.5715 904.1960 1.7220 0.8628 1.8696 -1.0967 3.6508 20.5057 -1.6287 0.6987
Car -1 -1 -1.2997 351.9522 756.3127 688.1570 1005.4130 1.4878 1.8163 4.0740 -3.6491 2.8238 13.1503 -1.5882 0.9117
Car -1 -1 -1.1395 0.0000 731.3265 541.2552 1201.2118 1.3768 1.6545 3.4479 -3.1551 1.9994 6.9686 -1.6446 0.8956
Car -1 -1 -1.4129 603.1963 773.4929 761.1675 911.3618 1.5604 1.7895 3.7022 -4.1607 4.0139 22.8234 -1.5913 0.8833
Car -1 -1 -1.4326 717.7053 786.2266 815.9185 870.7839 1.5205 1.8122 4.1530 -4.7404 5.7352 36.9748 -1.5513 0.8035
Car -1 -1 -1.4150 681.2257 786.0982 795.3776 881.9117 1.4488 1.7382 3.6009 -4.4845 4.9359 30.5348 -1.5540 0.8010
Car -1 -1 -0.3951 0.0000 637.0165 270.8561 1216.0000 1.4491 1.7469 3.8778 -2.7875 1.4844 2.3733 -1.6195 0.6443
Car -1 -1 2.2089 51.0401 773.2100 270.2977 876.6943 1.5971 1.8901 4.3981 -16.9962 5.0028 32.0265 1.7180 0.4210
