Pedestrian -1 -1 1.5705 992.6609 781.8063 1035.3289 894.2801 1.6707 0.6613 0.6578 0.8335 4.1746 23.5200 1.6199 0.6121
Pedestrian -1 -1 1.5283 963.4517 790.1769 993.4461 870.1389 1.7140 0.6578 0.6341 0.3841 5.4756 33.7124 1.5529 0.4467
Cyclist -1 -1 -1.5275 848.8965 769.1185 917.1664 912.4197 1.7010 0.8399 1.8430 -1.0530 3.7695 20.5278 -1.5704 0.6965
Car -1 -1 -1.2396 209.8723 756.8815 645.3516 1072.7260 1.4999 1.7968 3.8346 -3.5199 2.6109 10.6531 -1.5903 0.9096
Car -1 -1 -0.8165 0.0000 707.5653 434.7461 1216.0000 1.4457 1.7520 3.9655 -3.0598 1.7990 4.3792 -1.6038 0.8651
Car -1 -1 -1.4033 656.7430 787.3734 788.5696 896.8322 1.4759 1.7783 3.9206 -4.3831 4.7335 28.0068 -1.5528 0.8583
Car -1 -1 -1.4444 714.8622 786.2997 817.4318 875.3412 1.5040 1.8208 3.9966 -4.4374 5.4475 34.5327 -1.5638 0.8565
Car -1 -1 -1.4062 583.7779 786.1301 758.2090 938.7961 1.5102 1.7586 3.5642 -3.8544 3.9036 20.3982 -1.5927 0.8206
Car -1 -1 2.0510 169.4086 787.5572 317.2699 865.5236 1.4360 1.7787 3.8194 -17.9477 5.7344 37.5787 1.6064 0.4950
Car -1 -1 2.2120 0.0000 791.6966 194.3629 893.5233 1.4364 1.8169 4.0708 -17.5833 5.0381 30.1699 1.6799 0.3515
