Pedestrian -1 -1 1.6169 976.5764 780.8422 1018.9802 889.1760 1.6536 0.6472 0.7978 0.6027 4.2500 24.4738 1.6550 0.5096
Pedestrian -1 -1 1.5405 961.7841 789.8144 991.5284 869.3704 1.7513 0.6773 0.6546 0.3529 5.6053 34.6178 1.5638 0.5077
Pedestrian -1 -1 1.5883 1004.9468 784.0181 1041.8033 884.6581 1.7022 0.6369 0.5897 1.1086 4.5678 26.6148 1.6442 0.3272
Cyclist -1 -1 -1.5191 850.9445 764.2310 911.0565 899.4016 1.6337 0.7284 1.7573 -1.0974 3.6512 20.7722 -1.5637 0.6723
Cyclist -1 -1 1.7350 669.2264 784.3407 710.7667 862.0052 1.7610 0.7381 1.9675 -7.0510 6.0185 38.9457 1.5636 0.4415
Car -1 -1 -0.9388 0.0000 726.5365 469.6557 1216.0000 1.3903 1.6996 3.7233 -3.1392 1.8780 5.2833 -1.6077 0.9120
Car -1 -1 -1.3849 578.5140 780.5127 751.3127 921.3984 1.4296 1.7249 3.6096 -4.0531 3.8010 20.9800 -1.5757 0.9042
Car -1 -1 -1.2599 248.5986 766.0394 662.0486 1069.8723 1.4956 1.8139 4.1394 -3.5637 2.7671 11.3858 -1.5895 0.9023
Car -1 -1 -1.4448 716.0158 790.2968 816.9039 880.0959 1.5478 1.8256 3.9931 -4.5127 5.6577 35.1571 -1.5639 0.8508
Car -1 -1 -1.4313 668.5107 788.4528 785.8832 892.6456 1.4739 1.7080 3.5952 -4.4091 4.8014 28.6214 -1.5781 0.7476
Car -1 -1 -1.4990 732.6011 776.3281 807.9298 849.2303 1.6433 1.8889 4.0717 -5.6197 6.3503 44.4084 -1.6151 0.3968
Car -1 -1 1.9337 187.9578 781.0845 319.8139 856.8154 1.4201 1.7820 3.8839 -18.0345 5.6309 38.3130 1.4949 0.3404
