Pedestrian -1 -1 1.5243 994.4529 777.0703 1039.3912 895.5544 1.6871 0.6552 0.7262 0.8354 4.0235 22.5955 1.5753 0.4526
Pedestrian -1 -1 1.5491 963.1345 795.1295 993.8635 876.3472 1.7037 0.6720 0.6334 0.3776 5.4986 33.0199 1.5737 0.3841
Pedestrian -1 -1 1.7735 520.5182 821.9545 569.3278 927.4314 1.6225 0.6625 0.6109 -6.8308 4.9012 24.5545 1.5023 0.3581
Pedestrian -1 -1 1.5148 1028.8877 788.0584 1070.0812 892.0592 1.6297 0.6554 0.6162 1.4546 4.3624 24.7331 1.5888 0.3126
Cyclist -1 -1 -1.5135 849.5589 762.8054 925.2593 912.5393 1.7684 0.9054 1.9416 -0.9854 3.7439 20.4433 -1.5530 0.6993
Car -1 -1 -1.3978 660.3481 788.8320 790.2750 896.1650 1.4292 1.7214 3.6457 -4.2432 4.6336 27.3880 -1.5460 0.8707
Car -1 -1 -1.3998 576.0958 784.4510 758.3707 943.3522 1.5159 1.7565 3.6005 -3.7685 3.8146 19.7292 -1.5890 0.8691
Car -1 -1 -0.6868 0.0000 698.8934 385.2515 1216.0000 1.4037 1.7191 3.8313 -3.0583 1.6879 3.8205 -1.5775 0.8411
Car -1 -1 -1.2223 140.0075 756.1877 640.2116 1107.9077 1.5241 1.8782 4.1770 -3.5286 2.6013 10.1620 -1.5921 0.8344
Car -1 -1 -1.4370 718.4777 789.7230 819.9117 877.6053 1.4333 1.7276 3.9560 -4.2816 5.3841 33.8536 -1.5545 0.7913
Car -1 -1 -1.4127 764.9655 785.3677 845.2231 854.0977 1.6615 1.9003 4.1686 -4.9900 7.0742 48.2994 -1.5049 0.3203
