Pedestrian -1 -1 1.5792 1015.8417 777.6956 1062.0026 896.4780 1.6247 0.6568 0.7483 1.1413 3.9006 21.8765 1.6464 0.5694
Pedestrian -1 -1 1.5170 980.4099 791.2108 1012.5923 875.0228 1.7061 0.6644 0.6364 0.7517 5.3065 32.0507 1.5540 0.4350
Pedestrian -1 -1 1.5439 1035.6364 769.5496 1075.8370 877.7339 1.6576 0.6383 0.6117 1.5183 4.0195 24.0959 1.6222 0.4035
Pedestrian -1 -1 1.5717 519.7670 790.9366 565.5967 909.9625 1.6322 0.6418 0.6767 -6.1775 4.1287 22.0721 1.2959 0.3696
Cyclist -1 -1 -1.5698 862.6812 782.2769 919.8195 921.9711 1.6413 0.7495 1.7952 -0.9519 3.8981 20.5335 -1.6072 0.6015
Cyclist -1 -1 1.6891 663.1314 795.8223 705.4020 879.9233 1.6814 0.7413 1.7918 -6.3843 5.7335 34.5366 1.5132 0.3412
Car -1 -1 -1.1930 88.2732 744.4556 632.0846 1122.1555 1.5516 1.8604 4.0155 -3.4277 2.4679 9.4412 -1.5833 0.8917
Car -1 -1 -1.4367 672.9437 787.3542 798.3309 894.7618 1.3822 1.7075 3.7328 -3.9623 4.4950 26.7817 -1.5780 0.8307
Car -1 -1 -0.5443 0.0000 655.4642 331.2098 1216.0000 1.5017 1.8408 4.2827 -2.9871 1.6071 2.9708 -1.6193 0.8133
Car -1 -1 -1.4649 723.0165 783.1060 826.5095 876.5497 1.5191 1.8263 4.1197 -4.0911 5.2688 33.3767 -1.5785 0.8052
Car -1 -1 -1.4158 574.9768 783.1214 749.2797 937.0477 1.4318 1.6774 3.2719 -3.7047 3.6192 19.0063 -1.6099 0.8007
Car -1 -1 2.1219 167.4576 772.0712 324.6684 850.4877 1.4123 1.6786 3.8722 -17.3646 5.2037 36.5103 1.6778 0.4291
Car -1 -1 2.1825 0.0000 782.5060 145.5390 893.3611 1.4909 1.8506 4.1655 -17.5640 4.6957 28.2828 1.6200 0.3650
