Pedestrian -1 -1 1.5058 1000.3608 775.3713 1045.1482 893.1494 1.6593 0.6331 0.6490 0.9092 3.9294 22.2333 1.5610 0.5635
Pedestrian -1 -1 1.5270 978.1069 792.1695 1009.5023 875.3337 1.7135 0.6617 0.6433 0.7024 5.3786 32.4425 1.5622 0.3992
Pedestrian -1 -1 1.4654 1029.7073 784.6486 1072.7102 889.7984 1.6279 0.6487 0.6092 1.4644 4.2703 24.4213 1.5406 0.3327
Pedestrian -1 -1 1.8130 526.7086 799.9669 578.5167 905.6937 1.6042 0.6572 0.7250 -6.6310 4.4911 24.2891 1.5458 0.2971
Cyclist -1 -1 -1.5181 856.1329 773.3458 925.1030 918.0751 1.7149 0.8330 1.8335 -0.9493 3.8451 20.5365 -1.5554 0.6773
Cyclist -1 -1 1.6314 664.1002 798.5913 702.4736 882.3834 1.6851 0.7600 1.7665 -6.4598 5.8358 34.8152 1.4550 0.2945
Car -1 -1 -1.1871 111.1845 762.3145 642.7661 1125.0797 1.4835 1.8323 4.1458 -3.4492 2.5721 9.7684 -1.5649 0.8755
Car -1 -1 -1.4479 576.1093 783.9253 743.7577 939.3009 1.4419 1.6998 3.4395 -3.7877 3.6823 19.2915 -1.6432 0.8468
Car -1 -1 -1.4495 715.8510 787.5496 822.1846 880.9983 1.5006 1.8240 4.2742 -4.2447 5.3888 33.6079 -1.5668 0.8297
Car -1 -1 -0.6168 0.0000 704.9503 336.7710 1216.0000 1.3701 1.6994 3.8043 -3.0559 1.6569 3.4425 -1.5872 0.8285
Car -1 -1 -1.3832 663.4944 790.6738 796.6599 898.5720 1.4090 1.7075 3.6123 -4.0995 4.6090 27.0263 -1.5282 0.7963
Car -1 -1 2.1590 155.4310 859.6521 320.0869 950.4473 1.4421 1.6866 4.0082 -17.6708 7.5392 36.7367 1.7142 0.4216
