Pedestrian -1 -1 1.5159 1053.8613 764.9119 1107.9553 907.5369 1.7035 0.6577 0.7705 1.5162 3.5237 19.0430 1.6125 0.5450
Pedestrian -1 -1 1.5120 1018.4120 772.0889 1053.6061 868.5140 1.8047 0.6608 0.6304 1.4593 4.7172 29.2741 1.5763 0.4655
Pedestrian -1 -1 1.5213 1050.8285 806.3565 1095.1863 929.7471 1.6586 0.6102 0.5472 1.5819 4.2693 21.2295 1.6123 0.3032
Cyclist -1 -1 -1.5121 895.3750 776.6293 961.5562 917.4924 1.6395 0.7740 1.8140 -0.4262 3.7953 20.3222 -1.5227 0.6346
Car -1 -1 -1.1181 0.0000 731.4287 607.8435 1199.5992 1.4571 1.7750 3.9348 -3.1188 2.1338 7.5261 -1.5778 0.8946
Car -1 -1 -1.4161 734.6602 775.8589 855.3799 879.6894 1.6053 1.8634 4.0334 -3.3881 4.9622 31.1893 -1.5160 0.8586
Car -1 -1 -1.4390 687.1670 785.1614 823.7903 906.2578 1.4502 1.7324 3.7473 -3.3210 4.3042 24.7541 -1.5670 0.8491
Car -1 -1 -1.4359 571.3764 764.1692 767.1671 946.2091 1.5261 1.7285 3.4594 -3.2085 3.2771 17.0270 -1.6257 0.7779
Car -1 -1 -1.4753 804.6089 784.5103 878.2937 853.6553 1.5764 1.8130 3.9744 -3.5886 6.6359 45.3923 -1.5431 0.5069
Car -1 -1 -1.4658 838.6086 787.7487 905.2518 849.0511 1.6004 1.8551 3.9904 -3.0608 7.4812 51.9568 -1.5127 0.2469
