Pedestrian -1 -1 1.5410 997.4592 775.0603 1029.2257 861.4042 1.7008 0.6458 0.6309 1.0724 4.8356 30.8972 1.5895 0.4862
Pedestrian -1 -1 1.4861 1029.9806 773.8337 1079.5515 902.6260 1.7040 0.6471 0.6463 1.2990 3.8142 20.8634 1.5640 0.4570
Cyclist -1 -1 -1.5742 869.2303 772.1038 937.2612 917.1092 1.7107 0.8906 1.8790 -0.7905 3.8256 20.5318 -1.6034 0.6901
Car -1 -1 -1.1625 22.3444 729.9919 627.5776 1130.4186 1.5057 1.8265 3.9880 -3.2847 2.2554 8.6700 -1.5753 0.9151
Car -1 -1 -1.3959 721.6893 782.9231 842.5812 883.1512 1.5765 1.8626 4.2392 -3.8177 5.2476 32.5637 -1.5042 0.8284
Car -1 -1 -1.3976 678.5254 784.7657 810.9117 895.1257 1.4107 1.6791 3.4683 -3.6887 4.3782 25.9935 -1.5332 0.8103
Car -1 -1 -1.6517 589.5163 774.5755 754.2654 940.5988 1.4456 1.6760 3.2915 -3.5775 3.4390 18.1032 -1.8497 0.6964
Car -1 -1 2.1238 158.1810 791.1786 320.5290 874.7916 1.4303 1.7110 3.8236 -17.0356 5.5982 35.4932 1.6765 0.4496
Car -1 -1 -0.3782 0.0000 645.0732 298.4533 1216.0000 1.4908 1.8711 4.1765 -2.6949 1.5494 2.1911 -1.6495 0.4413
Car -1 -1 1.9052 592.5537 788.9860 778.9016 918.7330 1.3485 1.6189 3.5999 -4.0000 4.0008 22.2672 1.7293 0.4228
Car -1 -1 2.1795 0.0000 797.4087 115.2711 905.4416 1.4253 1.8076 3.8873 -17.8925 4.8834 28.0042 1.6043 0.4128
