Pedestrian -1 -1 1.4915 1022.8948 776.1169 1071.0509 897.6879 1.6268 0.6396 0.6603 1.2080 3.8012 21.1709 1.5639 0.4743
Pedestrian -1 -1 1.5601 995.3799 789.1735 1027.3501 873.0117 1.6694 0.6649 0.6532 1.0542 5.1607 31.4440 1.6075 0.4181
Pedestrian -1 -1 1.8559 516.3607 791.0656 571.9114 903.6285 1.6454 0.6486 0.7653 -6.5164 4.2870 23.3872 1.5824 0.3517
Cyclist -1 -1 -1.5881 860.9138 777.4801 929.9594 923.9469 1.7168 0.9042 1.9228 -0.9130 3.9151 20.5623 -1.6234 0.5842
Car -1 -1 -1.1886 53.4407 747.1667 633.2489 1141.9178 1.4910 1.8491 4.1112 -3.3184 2.3964 9.0026 -1.5878 0.8943
Car -1 -1 -1.4323 674.0994 786.6260 801.9110 897.2880 1.4121 1.7023 3.6010 -3.8272 4.4350 26.1505 -1.5723 0.8680
Car -1 -1 -1.4466 719.9590 784.8002 828.9732 885.2682 1.6222 1.8355 4.1040 -4.0190 5.3466 32.7701 -1.5603 0.7264
Car -1 -1 -1.6002 594.3870 781.0582 745.9481 943.2436 1.4285 1.6792 3.3533 -3.6509 3.5510 18.5038 -1.7973 0.7003
Car -1 -1 -0.3475 0.0000 678.6351 237.1313 1216.0000 1.4078 1.8297 4.2868 -3.0856 1.5718 2.4054 -1.5893 0.6323
Car -1 -1 2.1484 146.8417 854.7055 306.7247 940.3401 1.3468 1.7183 3.5965 -17.3778 7.1027 35.5647 1.6965 0.5948
Car -1 -1 2.1610 0.0000 794.9390 132.8167 904.4563 1.4444 1.8325 3.9900 -17.5667 4.8573 27.9995 1.5942 0.4340
