Pedestrian -1 -1 1.5714 1039.2557 781.3048 1074.7665 876.5721 1.6236 0.6290 0.6488 1.7307 4.4817 26.9790 1.6508 0.4576
Pedestrian -1 -1 1.4668 1078.5513 774.1802 1140.9771 932.5497 1.7040 0.6553 0.6368 1.6835 3.4356 17.0228 1.5846 0.4500
Cyclist -1 -1 -1.5271 903.0355 778.1241 974.1682 924.1196 1.7195 0.8754 1.8795 -0.2900 3.9259 20.5779 -1.5302 0.6449
Car -1 -1 -0.9471 0.0000 723.3127 558.1174 1216.0000 1.4176 1.7312 4.0031 -3.0780 1.9430 5.9496 -1.5312 0.9295
Car -1 -1 -1.3895 525.7915 758.2670 766.1494 968.1663 1.5819 1.7939 3.6702 -3.1156 3.1284 15.4847 -1.5946 0.9185
Car -1 -1 -1.4496 741.5938 774.3389 861.4948 885.3251 1.6475 1.8552 4.0071 -3.0911 4.8164 29.6839 -1.5452 0.9036
Car -1 -1 -1.4164 670.2498 775.3513 825.1690 907.5488 1.4903 1.7809 3.8541 -3.2190 4.0234 23.2326 -1.5497 0.8195
Car -1 -1 -1.5295 821.9410 789.8118 887.8893 857.9550 1.4853 1.7222 3.7600 -3.0635 6.5093 43.6632 -1.5883 0.7128
Car -1 -1 -1.4913 840.8946 783.6864 906.5338 846.6083 1.6052 1.8504 4.0307 -2.9144 7.1868 50.5207 -1.5371 0.6420
Car -1 -1 -2.6337 12.9470 757.4372 479.7448 917.1732 1.5469 1.8814 4.5124 -8.1285 3.1709 17.2739 -3.0927 0.3837
