Pedestrian -1 -1 1.5084 1079.5388 770.4930 1123.2964 886.4296 1.6935 0.6425 0.6777 2.1584 3.9757 23.0874 1.6189 0.5542
Pedestrian -1 -1 1.4410 1154.7889 752.0136 1235.9657 956.3302 1.7022 0.6454 0.6540 2.0617 2.8559 13.2295 1.6226 0.5502
Pedestrian -1 -1 1.4500 1124.5710 751.0659 1191.4764 922.2311 1.6439 0.6144 0.6161 1.9860 2.9489 15.1493 1.6032 0.5065
Cyclist -1 -1 -1.5150 920.2203 762.8713 996.8879 910.6087 1.7496 0.9240 1.9702 -0.0131 3.7453 20.6173 -1.5040 0.6745
Car -1 -1 -1.3545 457.3773 759.2906 750.2534 1001.4333 1.4334 1.6903 3.4842 -2.8309 2.7205 12.5638 -1.5910 0.9020
Car -1 -1 -1.4365 742.9391 776.8894 873.7499 891.9905 1.5029 1.7836 3.8725 -2.6484 4.4181 26.7099 -1.5278 0.9005
Car -1 -1 -1.3851 650.2739 774.3986 833.9706 927.1860 1.4833 1.7631 3.7930 -2.8532 3.7010 20.2461 -1.5225 0.8657
Car -1 -1 -1.5047 861.9123 781.9548 926.1882 845.6562 1.5510 1.7563 3.7092 -2.0997 6.7461 47.5826 -1.5369 0.8022
Car -1 -1 -0.3679 0.0000 672.4409 341.8718 1216.0000 1.4167 1.7937 4.2052 -3.0173 1.5728 2.7530 -1.5054 0.7520
Car -1 -1 2.1648 58.1950 811.1226 276.2899 921.3316 1.5246 1.8402 4.2671 -15.9987 5.5878 30.4095 1.6782 0.4974
Car -1 -1 -1.4350 819.7563 777.2902 907.3275 853.6157 1.5659 1.8262 3.9537 -2.6171 5.9419 40.8963 -1.4879 0.4102
Car -1 -1 2.0490 218.4278 775.3858 370.4024 857.6894 1.4722 1.7105 4.0050 -16.0897 5.3319 36.3038 1.6324 0.4092
Car -1 -1 2.2224 0.0000 772.5836 102.5222 901.9958 1.4705 1.8467 4.0625 -15.8380 4.0271 23.8102 1.6231 0.3898
