Pedestrian -1 -1 1.5488 1045.6714 786.8564 1085.1683 890.5415 1.6835 0.6737 0.7689 1.8046 4.5379 25.9513 1.6340 0.5448
Pedestrian -1 -1 1.5825 1088.0502 766.6049 1150.0454 937.7224 1.6850 0.6288 0.7646 1.6788 3.2265 15.8463 1.7084 0.4822
Pedestrian -1 -1 1.5437 1088.0344 777.5582 1141.5365 923.3567 1.6282 0.6210 0.6305 1.8202 3.4764 17.7620 1.6651 0.3514
Cyclist -1 -1 -1.5284 914.6681 770.8381 981.4664 908.9969 1.6527 0.8301 1.8287 -0.1636 3.7727 20.7914 -1.5251 0.6232
Car -1 -1 -0.8914 0.0000 715.9100 505.2062 1216.0000 1.3998 1.7147 3.7619 -3.0489 1.8328 5.2211 -1.5548 0.9343
Car -1 -1 -1.4010 515.5266 761.1041 759.6769 976.3142 1.5089 1.7484 3.6433 -3.0282 3.0161 14.6915 -1.6125 0.9291
Car -1 -1 -1.4097 671.0925 777.6476 831.4539 910.5330 1.4215 1.7573 3.8371 -3.0456 3.9091 22.4107 -1.5407 0.8983
Car -1 -1 -1.4303 739.6605 778.1595 863.4868 886.0198 1.5371 1.8167 3.8282 -2.9995 4.6902 28.8137 -1.5261 0.8864
Car -1 -1 -1.4885 848.4411 787.2292 913.9379 849.9123 1.5621 1.8089 4.0128 -2.6285 7.1993 49.8894 -1.5292 0.6997
Car -1 -1 -1.5014 816.0285 787.3109 888.1672 857.6628 1.5163 1.7614 3.7782 -3.0854 6.3798 42.8852 -1.5621 0.6079
Car -1 -1 0.5488 12.8774 765.1604 479.8004 936.1321 1.5609 1.8470 4.3360 -7.8158 3.2209 16.5868 0.0882 0.4327
