Pedestrian -1 -1 1.4113 1143.9160 760.4903 1220.1924 953.6315 1.7034 0.6258 0.6221 2.0508 2.9964 13.9456 1.5827 0.5939
Pedestrian -1 -1 1.4132 1118.1768 763.9451 1182.5873 923.6274 1.6125 0.6081 0.5603 2.0019 3.1152 15.8782 1.5606 0.5263
Pedestrian -1 -1 1.5200 1060.4698 776.5098 1100.8964 884.7984 1.6324 0.6196 0.6250 1.8946 4.0765 23.7824 1.6158 0.4648
Cyclist -1 -1 -1.5769 919.4783 760.1327 989.1871 903.3461 1.7297 0.9265 1.9202 -0.0914 3.7008 20.8365 -1.5699 0.6643
Cyclist -1 -1 1.8442 590.3628 730.8884 673.2521 863.8353 1.7804 0.7244 1.9476 -4.9531 3.4527 22.6022 1.6274 0.4508
Car -1 -1 -1.3518 459.4601 756.0892 751.8630 1000.9490 1.5243 1.7476 3.5568 -2.9210 2.8236 13.0203 -1.5858 0.9238
Car -1 -1 -1.4047 665.3127 775.9919 836.9479 923.5667 1.4849 1.7457 3.7161 -2.8178 3.7770 20.7989 -1.5361 0.8309
Car -1 -1 -1.4598 744.2457 775.9577 870.9124 893.9152 1.5872 1.8271 3.9511 -2.7146 4.5381 27.2202 -1.5514 0.8309
Car -1 -1 -1.4930 857.6450 777.3104 922.4521 838.4946 1.5030 1.7524 3.7237 -2.2508 6.5976 48.0895 -1.5279 0.7804
Car -1 -1 -0.6203 0.0000 665.8339 392.3607 1216.0000 1.4881 1.8244 4.1729 -2.9958 1.6398 3.4427 -1.5821 0.6950
Car -1 -1 -1.4786 826.4553 780.1527 904.5424 852.6276 1.5099 1.7701 3.8191 -2.6043 6.0126 41.4277 -1.5303 0.3985
Car -1 -1 2.3099 0.0000 791.2319 56.4097 925.0325 1.4711 1.8181 4.1335 -16.8202 4.3766 23.9645 1.6863 0.3551
Car -1 -1 2.1638 45.2329 797.5208 258.8179 902.9886 1.5023 1.8492 4.0782 -16.2893 5.2512 30.3583 1.6681 0.3319
