Pedestrian -1 -1 1.5219 1094.1598 767.6711 1142.8263 896.3167 1.7021 0.6574 0.6706 2.1957 3.7356 20.9408 1.6448 0.5613
Pedestrian -1 -1 1.4718 1193.7552 745.6273 1282.1031 980.2134 1.6669 0.6176 0.6481 2.0895 2.6122 11.3520 1.6869 0.4995
Pedestrian -1 -1 1.4425 1168.8955 764.4773 1247.0372 955.0759 1.5815 0.6206 0.6593 2.1795 2.8524 13.2675 1.6332 0.4768
Pedestrian -1 -1 1.5473 1049.1609 790.1409 1068.5673 843.2645 1.7259 0.6548 0.6351 3.3265 7.3991 51.0075 1.6269 0.3264
Cyclist -1 -1 -1.5245 928.2122 781.2179 993.0571 922.5188 1.6803 0.7953 1.8872 0.0110 3.9644 20.8852 -1.5120 0.6462
Car -1 -1 -1.2914 361.5027 748.7525 730.2194 1038.4684 1.5099 1.7375 3.5391 -2.8608 2.5746 11.0825 -1.5669 0.9204
Car -1 -1 -1.4313 725.4479 774.2335 869.5927 901.3883 1.5695 1.8449 4.0600 -2.6830 4.3101 25.3782 -1.5297 0.9141
Car -1 -1 -1.3715 638.3796 778.5769 828.7802 935.2860 1.3990 1.6681 3.5009 -2.7331 3.5012 18.6625 -1.5159 0.9003
Car -1 -1 -1.4533 824.2057 778.3124 911.2852 856.9142 1.5616 1.8083 3.8617 -2.4132 5.8130 39.4552 -1.5035 0.7575
Car -1 -1 -1.4735 857.5601 784.8799 927.1288 849.4519 1.4921 1.7387 3.7887 -2.0843 6.6370 46.1465 -1.5068 0.7502
Car -1 -1 2.1120 20.1603 765.5829 237.4943 870.2075 1.4707 1.7386 4.2603 -15.9776 4.3997 28.9778 1.6022 0.7205
Car -1 -1 2.0832 188.8775 785.9543 354.9620 873.6877 1.4965 1.8146 3.9909 -16.0971 5.5045 35.1511 1.6540 0.3669
