Pedestrian -1 -1 1.5145 1090.1528 772.4587 1133.9064 891.2697 1.6650 0.6203 0.6616 2.2302 3.8874 22.1740 1.6325 0.5201
Pedestrian -1 -1 1.4543 1141.8479 773.7380 1213.2225 957.1025 1.6428 0.6187 0.6210 2.0535 3.0939 14.2536 1.6222 0.4496
Pedestrian -1 -1 1.4779 1174.3423 756.0235 1258.8224 974.8732 1.6794 0.6423 0.6955 2.0909 2.7920 12.3100 1.6759 0.4187
Pedestrian -1 -1 1.5040 1038.2466 783.9194 1058.8265 837.4888 1.7727 0.6775 0.7060 3.0290 7.3348 51.9507 1.5765 0.4088
Cyclist -1 -1 -1.4787 932.3083 773.6862 1009.3559 917.2995 1.7160 0.8836 1.8636 0.1560 3.8891 20.8657 -1.4589 0.6271
Car -1 -1 -1.4235 734.2535 774.3668 871.4364 893.0350 1.5227 1.8001 3.8136 -2.6751 4.3219 26.0554 -1.5186 0.9174
Car -1 -1 -1.3784 649.5583 778.9141 843.3373 935.3086 1.4390 1.7833 3.8937 -2.7053 3.6719 19.6855 -1.5124 0.8690
Car -1 -1 -1.3535 427.4265 744.3666 741.2305 1011.6766 1.5367 1.7294 3.4995 -2.8288 2.6343 11.9625 -1.6034 0.8405
Car -1 -1 -1.4860 860.8130 776.7539 927.9714 840.1415 1.5228 1.7547 3.7860 -2.0669 6.5067 47.1432 -1.5180 0.8330
Car -1 -1 -1.4524 823.1514 774.4569 911.4603 853.9636 1.6181 1.8658 4.0401 -2.4768 5.8598 40.3346 -1.5027 0.7065
Car -1 -1 -0.3505 0.0000 642.9436 284.1302 1216.0000 1.4559 1.8111 4.0398 -2.8200 1.5084 2.3071 -1.5982 0.6378
Car -1 -1 2.1039 49.0189 771.7897 257.2015 875.4139 1.4963 1.7569 4.2026 -15.9447 4.6301 29.7712 1.6074 0.5243
