Pedestrian -1 -1 1.5566 1108.8236 761.5790 1173.3466 936.0574 1.6836 0.6469 0.7260 1.8608 3.1333 15.4602 1.6982 0.5999
Pedestrian -1 -1 1.5946 1048.6129 785.5774 1089.7571 892.7017 1.6977 0.6658 0.7362 1.8310 4.4607 25.3123 1.6827 0.5967
Pedestrian -1 -1 1.4860 1092.6610 782.5271 1149.4446 927.1628 1.5810 0.6167 0.6088 1.8481 3.4436 17.3539 1.6118 0.3618
Cyclist -1 -1 -1.5367 915.9530 773.9266 985.7376 915.4049 1.6723 0.8758 1.8343 -0.1225 3.8159 20.5773 -1.5312 0.7718
Car -1 -1 -1.3994 506.2398 764.6463 756.5588 990.0111 1.5347 1.7449 3.5873 -2.9978 3.0407 14.2850 -1.6153 0.9548
Car -1 -1 -1.4224 737.7187 778.5409 863.2279 888.3398 1.5470 1.7956 3.7734 -2.9770 4.6636 28.4043 -1.5190 0.8928
Car -1 -1 -0.8240 0.0000 706.0930 494.0709 1216.0000 1.4262 1.7161 3.7746 -2.9971 1.7903 4.7911 -1.5378 0.8767
Car -1 -1 -1.4200 674.9544 783.9268 833.9474 918.5167 1.4030 1.7397 3.7551 -2.9390 3.9404 21.9656 -1.5489 0.8646
Car -1 -1 -1.4750 847.0694 787.9332 916.1714 851.3234 1.5464 1.8431 4.0622 -2.5778 7.1429 49.2551 -1.5154 0.5907
Car -1 -1 -1.4358 814.4416 784.9490 896.5272 857.2325 1.5423 1.7924 3.6749 -2.9387 6.2650 42.2265 -1.4942 0.2632
Car -1 -1 2.2462 60.7626 780.2495 269.7990 874.9505 1.4410 1.7921 4.0923 -16.9434 4.9991 32.0746 1.7573 0.2461
