Pedestrian -1 -1 1.4616 1127.3721 763.9897 1200.5392 948.7423 1.6716 0.6425 0.7021 1.9492 3.0495 14.4482 1.6195 0.6143
Pedestrian -1 -1 1.4229 1107.5320 776.6609 1168.8444 929.7691 1.5825 0.5954 0.5916 1.9280 3.2719 16.3478 1.5614 0.5038
Pedestrian -1 -1 1.5151 1068.7699 773.7696 1108.6604 880.3403 1.6386 0.6197 0.6040 2.0574 4.0783 24.1917 1.6166 0.4638
Cyclist -1 -1 -1.5632 919.2060 772.2882 986.6990 914.5810 1.6989 0.8955 1.8964 -0.0968 3.8418 20.7873 -1.5563 0.7448
Car -1 -1 -1.3767 475.3100 759.7096 749.7675 994.3634 1.4917 1.7410 3.5907 -2.9641 2.8668 13.4289 -1.6060 0.9186
Car -1 -1 -1.4561 741.1332 774.9501 866.0978 888.1514 1.5587 1.8328 3.7857 -2.8281 4.5167 27.5690 -1.5507 0.8988
Car -1 -1 -1.4052 663.4363 774.8353 834.0286 917.8691 1.4535 1.7597 3.8213 -2.9056 3.7733 21.1992 -1.5381 0.8525
Car -1 -1 -0.6985 0.0000 680.4418 442.2008 1216.0000 1.4823 1.7988 3.9921 -2.9590 1.7011 3.8861 -1.5601 0.8287
Car -1 -1 -1.4459 855.3663 780.5237 924.2382 842.3571 1.5382 1.7534 3.6510 -2.2848 6.7980 48.6464 -1.4809 0.6487
Car -1 -1 -1.4436 814.2415 779.6871 898.9946 852.9666 1.5224 1.8266 4.0554 -2.8815 6.0823 41.9685 -1.5012 0.3771
Car -1 -1 2.0401 229.8562 762.0713 372.1507 838.9571 1.4566 1.6825 3.8527 -16.3941 5.0619 37.3338 1.6268 0.3524
