Pedestrian -1 -1 1.5321 1094.2557 769.5327 1140.0483 897.9230 1.7212 0.6344 0.7379 2.2173 3.8222 21.3298 1.6539 0.5028
Pedestrian -1 -1 1.4739 1153.7372 764.7009 1229.6982 960.4597 1.6601 0.6342 0.6942 2.0839 2.9648 13.5849 1.6525 0.5005
Pedestrian -1 -1 1.4246 1186.6888 756.1295 1275.2958 981.0566 1.6442 0.6106 0.6435 2.0946 2.6981 11.6696 1.6341 0.4428
Pedestrian -1 -1 1.5088 1039.5670 811.6837 1060.6250 866.1581 1.7724 0.6901 0.6423 3.0394 8.2094 51.2112 1.5827 0.3978
Cyclist -1 -1 -1.5170 928.2502 772.0022 996.0684 915.9802 1.7062 0.8134 1.8610 0.0327 3.8297 20.6310 -1.5035 0.5312
Car -1 -1 -1.4171 730.5808 773.2283 873.4939 895.9349 1.5403 1.8200 3.9176 -2.6388 4.2824 25.6366 -1.5126 0.9317
Car -1 -1 -1.3446 406.7877 757.2879 730.2441 1026.3964 1.4296 1.6748 3.3957 -2.7994 2.5890 11.3700 -1.6066 0.9067
Car -1 -1 -1.3638 637.0104 779.2740 831.6785 934.7589 1.3910 1.7059 3.6362 -2.7622 3.5410 18.9581 -1.5072 0.8899
Car -1 -1 -1.4881 858.0279 784.2034 925.7813 848.0298 1.4886 1.7507 3.8066 -2.1160 6.6519 46.5255 -1.5217 0.8320
Car -1 -1 2.0920 28.1228 765.0347 234.2370 866.9977 1.4611 1.7096 4.0820 -16.0235 4.3821 29.1195 1.5830 0.7266
Car -1 -1 -1.4364 825.5283 775.7501 912.1229 852.4600 1.5392 1.7586 3.8098 -2.4037 5.7466 39.7375 -1.4858 0.6682
Car -1 -1 2.0950 196.3161 770.3751 357.6283 852.6672 1.4395 1.7416 3.9073 -16.0803 5.0768 35.3611 1.6679 0.4416
