Pedestrian -1 -1 1.4827 1120.4227 757.2233 1191.6362 939.8748 1.6998 0.6552 0.7267 1.9257 3.0484 14.8567 1.6345 0.6484
Pedestrian -1 -1 1.4720 1103.1270 773.2963 1160.9897 922.4911 1.5814 0.6000 0.5889 1.9084 3.2751 16.7625 1.6058 0.5227
Pedestrian -1 -1 1.5745 1064.3408 775.2386 1104.1426 881.9822 1.6579 0.6416 0.7331 2.0390 4.1854 24.7436 1.6731 0.4377
Cyclist -1 -1 -1.5507 919.8861 767.8781 985.6476 909.6234 1.6851 0.8474 1.8822 -0.0970 3.7506 20.6515 -1.5440 0.7367
Cyclist -1 -1 1.8229 605.0636 725.7088 680.6584 847.9207 1.7166 0.7249 1.8360 -4.9759 3.3622 23.4773 1.6136 0.3266
Car -1 -1 -1.4051 497.9517 759.0974 749.9908 986.0024 1.4899 1.7063 3.4767 -2.9428 2.8806 13.7136 -1.6275 0.9509
Car -1 -1 -1.4229 734.8591 777.7031 863.9758 889.8132 1.5577 1.8287 3.7557 -2.9448 4.6088 27.9386 -1.5202 0.8777
Car -1 -1 -0.7152 0.0000 708.7652 457.1696 1216.0000 1.4296 1.7854 4.0549 -3.0479 1.7796 4.1831 -1.5345 0.8575
Car -1 -1 -1.4038 662.7091 776.4377 830.7418 915.2034 1.4241 1.7541 3.8587 -2.9891 3.8091 21.5788 -1.5380 0.8091
Car -1 -1 -1.4946 851.4917 783.3082 918.2608 848.7169 1.6247 1.8366 3.9705 -2.4567 7.0230 48.9429 -1.5328 0.7275
Car -1 -1 -1.4518 821.4908 780.5501 903.7242 853.8236 1.5509 1.8192 3.8814 -2.7279 6.1437 42.1297 -1.5054 0.5019
