Pedestrian -1 -1 1.4733 1134.6880 762.4657 1200.5892 935.1618 1.6156 0.6034 0.6261 2.0419 3.0121 14.8495 1.6336 0.5953
Pedestrian -1 -1 1.4509 1158.6896 750.8315 1244.1025 963.2057 1.7008 0.6567 0.7746 2.0547 2.8189 12.8688 1.6371 0.5827
Pedestrian -1 -1 1.5116 1087.1484 772.4831 1131.4338 889.8827 1.6743 0.6377 0.6791 2.2299 3.9382 22.5826 1.6277 0.5295
Cyclist -1 -1 -1.4909 926.7224 767.8938 1001.1893 911.6258 1.7219 0.8668 1.8817 0.0597 3.8079 20.8380 -1.4761 0.6084
Car -1 -1 -1.4442 742.0274 774.5980 872.1758 889.5374 1.4958 1.7849 3.8251 -2.6462 4.3392 26.4625 -1.5365 0.9356
Car -1 -1 -1.3418 453.3600 748.0824 751.6993 997.8610 1.5052 1.6893 3.3288 -2.7918 2.6589 12.3335 -1.5801 0.9087
Car -1 -1 -1.4081 653.7358 776.1469 835.2814 927.4235 1.4377 1.7808 3.8707 -2.7957 3.6674 20.0877 -1.5438 0.8687
Car -1 -1 -1.4401 861.5402 778.4587 932.2963 840.9359 1.5013 1.7262 3.7308 -1.9991 6.5710 47.4282 -1.4703 0.7732
Car -1 -1 -0.4770 0.0000 676.1681 321.6217 1216.0000 1.4159 1.7515 3.9782 -2.8173 1.5774 2.6889 -1.6069 0.6912
Car -1 -1 -1.4662 827.9127 776.4651 912.5910 855.1069 1.6228 1.8506 3.9331 -2.4197 5.9465 40.6444 -1.5146 0.6580
Car -1 -1 2.1017 41.8841 803.1979 250.7008 910.8964 1.5137 1.8383 4.1556 -16.2606 5.3536 30.1001 1.6032 0.4119
