Pedestrian -1 -1 1.4161 1191.8258 753.6838 1285.8323 974.5636 1.6449 0.6521 0.7735 2.2172 2.7145 12.0150 1.6305 0.6895
Pedestrian -1 -1 1.4778 1107.4490 763.4149 1158.8457 897.8271 1.6759 0.6252 0.6655 2.2585 3.5328 19.7024 1.6113 0.6174
Pedestrian -1 -1 1.3097 1220.3776 738.8240 1332.5885 997.4473 1.6428 0.6158 0.6417 2.1194 2.4379 10.1116 1.5558 0.4320
Cyclist -1 -1 -1.5085 939.7075 774.5142 1005.8549 916.0831 1.6731 0.7759 1.8247 0.1780 3.8289 20.6055 -1.4875 0.6507
Cyclist -1 -1 -1.6284 594.4595 776.8373 654.3003 919.8723 1.6430 0.6799 1.9525 -4.6133 3.8210 20.4038 -1.8528 0.4241
Car -1 -1 -1.4289 715.6025 774.2795 866.2022 905.2257 1.5288 1.8302 4.0780 -2.6632 4.1594 24.2619 -1.5320 0.9469
Car -1 -1 -1.3382 613.5449 769.8301 822.5667 937.3146 1.4340 1.6731 3.4197 -2.7535 3.3146 17.6355 -1.4938 0.9071
Car -1 -1 -1.2811 301.8417 749.4294 704.2803 1064.2700 1.4655 1.7038 3.4390 -2.8509 2.4480 10.0656 -1.5874 0.8518
Car -1 -1 2.1751 0.0000 761.5121 209.7724 869.6824 1.4583 1.7356 4.2619 -16.0689 4.2052 27.8800 1.6448 0.8072
Car -1 -1 -1.5010 855.8953 778.6072 924.0378 843.2242 1.4685 1.7476 3.8397 -2.1126 6.3156 45.2086 -1.5361 0.7781
Car -1 -1 -1.4536 821.9118 771.8082 908.5515 846.7250 1.4416 1.7460 3.9272 -2.4303 5.4416 38.7010 -1.5057 0.6834
Car -1 -1 2.0194 177.4896 773.1625 329.7955 857.3739 1.4438 1.6849 3.7315 -16.0434 5.0108 34.1053 1.5786 0.3927
