Pedestrian -1 -1 1.2605 1320.6486 701.2335 1485.4764 1050.7329 1.7140 0.6599 0.8011 2.3189 2.1396 7.9264 1.6076 0.6163
Pedestrian -1 -1 1.0060 1414.1649 650.1134 1684.7781 1118.5377 1.7212 0.6731 0.9210 2.3362 1.8312 6.0378 1.4765 0.6132
Pedestrian -1 -1 1.4586 1151.7438 737.6387 1225.9121 923.7319 1.8009 0.6866 0.8199 2.3363 2.9962 15.4243 1.6334 0.5674
Pedestrian -1 -1 1.5008 1042.8585 777.5134 1064.7231 834.9008 1.6788 0.6339 0.5975 2.8219 6.3681 45.6486 1.5770 0.2998
Cyclist -1 -1 -1.5359 948.6135 765.0895 1024.1290 914.2957 1.7624 0.9436 1.9546 0.3689 3.7842 20.5608 -1.5051 0.6417
Cyclist -1 -1 1.0009 1405.0729 647.4005 1682.6174 1120.9843 1.7388 0.6798 0.9674 2.3178 1.8377 6.0561 1.4666 0.1554
Car -1 -1 -1.0654 0.0000 718.7936 639.6352 1216.0000 1.4813 1.7276 3.6383 -2.8014 2.0292 6.8725 -1.5283 0.9419
Car -1 -1 -1.3804 674.2086 760.1423 858.9162 911.8793 1.5724 1.8467 3.8842 -2.6274 3.6588 21.0681 -1.5006 0.9282
Car -1 -1 -1.3131 528.4339 753.0076 801.2104 968.9219 1.5146 1.7362 3.5384 -2.7134 2.9106 14.4743 -1.5057 0.9128
Car -1 -1 -1.4994 848.8746 780.1086 920.9594 848.8606 1.4374 1.7048 3.8103 -2.0953 5.9890 41.9224 -1.5379 0.7173
Car -1 -1 -1.4775 810.8295 767.5694 901.9170 851.8103 1.5039 1.7480 3.8026 -2.4099 5.0433 35.1680 -1.5358 0.6984
