Pedestrian -1 -1 1.3788 1210.5350 751.9399 1308.4780 980.5113 1.6232 0.6330 0.6547 2.2497 2.6151 11.3368 1.6095 0.6771
Pedestrian -1 -1 1.5831 1108.4441 758.0031 1162.2422 902.9339 1.7202 0.6527 0.7412 2.2088 3.4418 18.9268 1.7190 0.5713
Pedestrian -1 -1 1.2796 1264.1299 734.7437 1399.0095 1021.4811 1.6268 0.6325 0.7822 2.2546 2.3296 9.1766 1.5685 0.4090
Cyclist -1 -1 -1.5997 933.4196 781.0738 999.1530 921.9936 1.6818 0.8775 1.8883 0.0536 3.9642 20.9046 -1.5850 0.6129
Car -1 -1 -1.4076 706.6887 774.9937 861.7108 903.6682 1.4656 1.7938 3.8913 -2.7049 4.0416 23.6732 -1.5156 0.9468
Car -1 -1 -1.1984 235.8031 745.2112 709.0255 1088.7424 1.4650 1.7007 3.5049 -2.8093 2.3671 9.4221 -1.5239 0.9231
Car -1 -1 -1.3339 603.1585 770.7864 822.7183 947.8943 1.4615 1.6925 3.4594 -2.7147 3.3025 17.0810 -1.4928 0.8890
Car -1 -1 -1.4986 854.6812 776.9727 924.4154 844.4041 1.5337 1.7637 3.7860 -2.0965 6.2665 44.6167 -1.5339 0.8601
Car -1 -1 -1.4555 821.7369 764.1941 909.1835 840.2473 1.4630 1.7426 3.9137 -2.3875 5.2019 38.1317 -1.5075 0.7743
Car -1 -1 2.1533 0.0000 760.8081 191.3349 872.8278 1.4840 1.7519 4.3526 -16.1656 4.1739 27.3865 1.6120 0.6752
Car -1 -1 2.0922 160.0376 765.7338 332.5760 854.4401 1.4944 1.7607 3.9871 -16.0365 4.8687 33.7746 1.6474 0.4796
