Pedestrian -1 -1 1.4801 1096.0614 767.6371 1145.3647 895.4548 1.6593 0.6265 0.6575 2.1812 3.6495 20.5110 1.6047 0.4951
Pedestrian -1 -1 1.3935 1199.4210 740.7494 1299.8185 989.3138 1.6839 0.6251 0.6470 2.0680 2.5455 10.7841 1.6182 0.4351
Pedestrian -1 -1 1.4420 1184.5781 772.7769 1266.0446 971.3655 1.5711 0.6193 0.6544 2.2330 2.8617 12.7013 1.6459 0.4181
Cyclist -1 -1 -1.5253 937.4353 778.1487 1004.0451 918.8168 1.6823 0.8231 1.7899 0.1510 3.9089 20.8084 -1.5057 0.6238
Car -1 -1 -1.4280 722.2933 775.5354 868.4694 902.6727 1.5238 1.8193 4.0447 -2.6613 4.2359 24.8641 -1.5280 0.9301
Car -1 -1 -1.3449 628.9620 771.8486 828.0994 934.5389 1.4582 1.6798 3.3334 -2.7341 3.4213 18.2507 -1.4932 0.8921
Car -1 -1 -1.3181 357.6594 756.6132 717.1871 1043.8298 1.3986 1.6713 3.4579 -2.8061 2.4906 10.6444 -1.6013 0.8676
Car -1 -1 -1.4515 821.0429 774.4821 909.1322 851.4989 1.5047 1.7981 3.9403 -2.4596 5.6199 39.1146 -1.5035 0.8319
Car -1 -1 2.1202 0.0000 762.7295 222.0108 870.9284 1.4973 1.7733 4.3250 -16.0703 4.3215 28.4546 1.5995 0.7425
Car -1 -1 -1.4799 856.1188 780.2142 926.7375 847.7776 1.5828 1.7819 3.7497 -2.0958 6.5387 45.7955 -1.5138 0.7013
Car -1 -1 2.0991 181.4168 786.2105 349.0531 873.6750 1.4720 1.7914 3.9165 -16.0494 5.4353 34.7073 1.6658 0.3494
