Pedestrian -1 -1 0.9582 1381.7234 671.0065 1623.9380 1073.9128 1.6134 0.6459 0.8850 2.3578 1.8320 6.5951 1.3891 0.6720
Pedestrian -1 -1 1.4751 1141.1715 739.4681 1211.7239 919.2113 1.7919 0.6838 0.8435 2.2802 3.0456 15.9201 1.6408 0.6695
Pedestrian -1 -1 1.1992 1289.2993 709.9363 1442.0883 1028.9661 1.6934 0.6533 0.6947 2.2809 2.1972 8.4966 1.5164 0.6040
Pedestrian -1 -1 1.4887 1042.0752 781.6743 1065.2151 842.0296 1.7845 0.6717 0.6516 2.8541 6.6673 46.2474 1.5648 0.3467
Cyclist -1 -1 -1.5450 952.3748 757.0493 1017.6178 899.7896 1.7194 0.8329 1.9263 0.3508 3.6464 20.8217 -1.5155 0.6654
Cyclist -1 -1 0.9408 1379.4113 669.0353 1636.8938 1086.6167 1.6477 0.6605 0.9506 2.3583 1.8565 6.5435 1.3754 0.1676
Cyclist -1 -1 1.4696 1139.9586 739.2045 1211.9086 922.2665 1.8204 0.6897 0.9188 2.2781 3.0764 15.9515 1.6348 0.1278
Car -1 -1 -1.1113 0.0000 714.9494 655.4271 1184.3085 1.5056 1.7681 3.7348 -2.8323 2.0662 7.4164 -1.5410 0.9534
Car -1 -1 -1.4117 683.9091 762.2506 859.3354 915.7862 1.6287 1.8622 4.0090 -2.6191 3.7966 21.5606 -1.5282 0.8743
Car -1 -1 -1.3217 542.2954 758.4608 804.5486 964.3091 1.4841 1.7467 3.5546 -2.7333 2.9857 14.9834 -1.5081 0.8621
Car -1 -1 -1.4903 852.4447 778.7217 923.4868 845.3024 1.4169 1.6756 3.6798 -2.0338 5.9672 42.3630 -1.5268 0.7481
Car -1 -1 -1.4350 801.7097 766.9805 898.5723 849.2943 1.4706 1.7492 3.9252 -2.5929 5.0561 35.7170 -1.4975 0.6334
