Pedestrian -1 -1 1.4052 1226.2386 753.1324 1325.9341 1000.1137 1.6551 0.6218 0.6479 2.2471 2.6049 10.7296 1.6493 0.6625
Pedestrian -1 -1 1.4778 1122.1152 751.9755 1180.6102 904.4245 1.7428 0.6513 0.7483 2.2981 3.3175 18.1398 1.6246 0.5406
Pedestrian -1 -1 1.2651 1290.6007 742.8063 1426.5139 1039.7218 1.5724 0.6034 0.6507 2.2451 2.2689 8.5069 1.5771 0.4602
Pedestrian -1 -1 1.4568 1044.7057 792.5941 1068.0990 851.4756 1.8073 0.6912 0.6386 3.0588 7.2408 48.1223 1.5348 0.3629
Pedestrian -1 -1 3.3006 401.7440 789.8403 508.7024 943.5908 1.2227 0.6708 0.8080 -4.4415 2.7199 13.1683 2.9524 0.3262
Cyclist -1 -1 -1.5296 940.3881 772.4486 1006.9261 912.7410 1.6817 0.8289 1.8403 0.1926 3.8328 20.8571 -1.5080 0.7330
Cyclist -1 -1 -1.7155 566.2150 767.5990 636.1395 907.8735 1.6289 0.6526 1.9112 -4.9360 3.6741 20.4248 -1.9558 0.3331
Car -1 -1 -1.3541 594.7033 766.0812 814.2755 945.7383 1.4507 1.6883 3.4412 -2.7285 3.1849 16.6066 -1.5193 0.9133
Car -1 -1 -1.1748 179.1346 733.9080 703.1501 1111.6431 1.5380 1.7543 3.5690 -2.8157 2.3251 8.9708 -1.5195 0.9009
Car -1 -1 -1.4068 704.2014 770.5751 863.9578 905.5355 1.5336 1.8250 3.8833 -2.6573 3.9950 23.2781 -1.5148 0.8936
Car -1 -1 -1.5002 855.8951 777.0081 925.1655 844.1673 1.5164 1.7390 3.6348 -2.0392 6.1780 43.9822 -1.5349 0.7526
Car -1 -1 -1.4459 816.8559 768.5766 906.2200 846.2318 1.4596 1.7222 3.8852 -2.4449 5.2547 37.5017 -1.5006 0.7355
Car -1 -1 2.1105 0.0000 752.2123 180.9561 861.9279 1.4644 1.7498 4.1783 -15.9991 3.9340 26.9139 1.5652 0.5882
