Pedestrian -1 -1 1.5215 1108.9570 763.9109 1161.2505 901.8661 1.6764 0.6515 0.7776 2.2506 3.5207 19.4247 1.6563 0.6560
Pedestrian -1 -1 1.4313 1204.9465 756.9780 1293.0653 979.3369 1.6441 0.6155 0.7034 2.2746 2.7265 11.8798 1.6534 0.6461
Pedestrian -1 -1 1.3061 1241.7094 730.1044 1365.0878 1000.5750 1.6563 0.6483 0.6966 2.2226 2.3687 9.7782 1.5726 0.4443
Pedestrian -1 -1 3.3714 446.2092 782.0102 536.8508 938.6943 1.3654 0.6736 0.6909 -4.4290 2.8891 14.1357 3.0497 0.3845
Cyclist -1 -1 -1.5593 941.6039 772.3105 1000.8832 905.3325 1.6248 0.7980 1.8448 0.1599 3.8137 21.2714 -1.5395 0.4662
Car -1 -1 -1.4252 713.6724 777.4323 864.1134 904.0754 1.4460 1.8022 4.0975 -2.6860 4.1248 24.1791 -1.5297 0.9363
Car -1 -1 -1.3123 613.3846 771.2061 830.6255 940.8446 1.4330 1.6765 3.4071 -2.6818 3.3186 17.4905 -1.4650 0.9230
Car -1 -1 -1.2417 261.5582 750.0511 710.1348 1085.7836 1.4988 1.7557 3.6856 -2.8779 2.4839 9.9155 -1.5557 0.9150
Car -1 -1 -1.4667 824.8677 777.8054 908.9789 852.2661 1.4238 1.7326 3.7699 -2.3738 5.5518 38.4437 -1.5176 0.8506
Car -1 -1 -1.5205 856.6534 783.4918 924.1033 851.6650 1.5593 1.7942 3.8241 -2.0948 6.5457 45.0923 -1.5551 0.7896
Car -1 -1 2.1291 0.0000 762.8125 197.1020 872.8234 1.4872 1.7430 4.2866 -16.2118 4.2507 27.8025 1.5937 0.6066
