Pedestrian -1 -1 1.4820 1123.8750 746.9026 1182.9243 901.2221 1.7378 0.6510 0.6809 2.2755 3.2166 17.7675 1.6304 0.6026
Pedestrian -1 -1 1.2184 1310.4301 727.9314 1456.3049 1048.1364 1.6435 0.6082 0.6515 2.3049 2.2328 8.2214 1.5500 0.5170
Pedestrian -1 -1 1.4131 1238.3486 742.4791 1347.0345 1005.6663 1.6861 0.6524 0.7029 2.2696 2.5262 10.3038 1.6702 0.4642
Pedestrian -1 -1 1.4688 1046.8625 788.6405 1069.2393 846.0143 1.7557 0.6640 0.6066 3.0942 7.0287 47.8470 1.5480 0.3107
Cyclist -1 -1 -1.5177 944.7571 765.2845 1011.1306 905.1432 1.6805 0.8035 1.8576 0.2523 3.7276 20.8483 -1.4931 0.6408
Cyclist -1 -1 -1.6985 560.8516 773.2013 629.3575 916.2815 1.6347 0.6545 1.8794 -4.9490 3.7307 20.1415 -1.9430 0.4442
Car -1 -1 -1.4106 702.3267 769.8862 866.2224 911.6735 1.5946 1.8576 3.9595 -2.6151 4.0197 22.9876 -1.5183 0.9070
Car -1 -1 -1.3370 593.1713 768.4028 818.3271 945.4745 1.3800 1.6509 3.4883 -2.6696 3.1229 16.3653 -1.5014 0.9026
Car -1 -1 -1.1734 144.9094 730.7568 689.9227 1107.5997 1.4586 1.7308 3.6313 -2.8290 2.2032 8.6722 -1.5337 0.8778
Car -1 -1 -1.4986 856.1377 777.8831 925.7697 845.5820 1.5253 1.7388 3.6018 -2.0188 6.1945 43.8092 -1.5330 0.7105
Car -1 -1 -1.4177 811.4213 775.2241 904.6008 854.9490 1.4955 1.7308 3.6741 -2.5124 5.4245 37.1734 -1.4747 0.6772
Car -1 -1 2.1289 0.0000 761.8972 180.2354 875.1361 1.4948 1.7558 4.0930 -15.9499 4.1361 26.7752 1.5830 0.3688
