Pedestrian -1 -1 1.1393 1370.7175 689.6003 1555.3303 1060.5084 1.6422 0.6264 0.7003 2.3637 1.9653 7.1075 1.5370 0.6630
Pedestrian -1 -1 1.4812 1133.6562 732.3150 1200.1697 901.3730 1.7694 0.6809 0.7186 2.2631 2.9834 16.5194 1.6398 0.6046
Pedestrian -1 -1 1.4885 1048.5992 784.4835 1070.3378 841.6165 1.7131 0.6397 0.6151 3.0754 6.7477 46.8707 1.5686 0.4325
Pedestrian -1 -1 1.2742 1276.1432 719.1405 1410.3549 1020.0648 1.7013 0.6330 0.6952 2.2886 2.2918 9.0212 1.5725 0.4063
Pedestrian -1 -1 1.5254 1069.3687 785.1660 1090.4484 841.7963 1.6954 0.6407 0.6093 3.7186 6.7563 46.9028 1.6194 0.3623
Cyclist -1 -1 -1.5561 949.3165 757.7668 1015.8361 902.5273 1.7661 0.8835 2.0036 0.3229 3.7346 21.1361 -1.5281 0.6143
Car -1 -1 -1.1146 21.5723 725.0999 673.9791 1159.9133 1.4627 1.7250 3.7209 -2.8098 2.1138 7.8125 -1.5172 0.9070
Car -1 -1 -1.3911 686.9847 766.1939 863.3015 915.4410 1.5960 1.8463 3.9996 -2.6168 3.8633 21.9411 -1.5050 0.8812
Car -1 -1 -1.3451 559.2052 763.6496 806.4306 960.7312 1.4454 1.7254 3.6249 -2.7254 3.0481 15.4234 -1.5248 0.8807
Car -1 -1 -1.4868 853.9113 774.6005 927.0200 844.1813 1.5251 1.7414 3.6914 -1.9816 5.9965 42.7811 -1.5216 0.7666
Car -1 -1 -1.4238 802.4777 770.9601 902.3832 856.8279 1.5572 1.8039 3.9952 -2.5725 5.2971 36.2229 -1.4845 0.6707
Car -1 -1 2.1529 0.0000 768.5861 135.1930 879.6233 1.3910 1.6326 3.7903 -16.0061 4.0310 25.5705 1.5834 0.5298
