Pedestrian -1 -1 1.4514 1132.6248 748.2030 1195.6177 907.7488 1.7390 0.6578 0.6054 2.3131 3.1751 17.1015 1.6078 0.5724
Pedestrian -1 -1 1.1839 1336.4650 705.3997 1505.4436 1055.4296 1.6543 0.6226 0.7315 2.3198 2.0842 7.6127 1.5466 0.5157
Pedestrian -1 -1 1.3176 1264.7135 730.1155 1385.7231 1007.7732 1.6554 0.6308 0.6182 2.2932 2.3445 9.4759 1.6012 0.4711
Pedestrian -1 -1 1.4888 1047.1172 786.5773 1070.0333 846.1254 1.8001 0.6815 0.6244 3.0700 6.9391 47.2200 1.5683 0.2837
Cyclist -1 -1 -1.5388 944.7939 756.6932 1008.6644 898.1851 1.7081 0.8047 1.9071 0.2353 3.6309 20.8430 -1.5152 0.5532
Cyclist -1 -1 -1.6986 534.7950 759.9969 607.8544 909.7114 1.6844 0.6802 1.9190 -5.1493 3.5538 19.6767 -1.9597 0.2729
Car -1 -1 -1.4061 696.5691 771.0461 863.9568 915.5011 1.5742 1.8314 3.9560 -2.6057 3.9629 22.4182 -1.5166 0.8939
Car -1 -1 -1.1382 83.3617 730.0466 675.6937 1139.0493 1.4736 1.7115 3.5383 -2.8182 2.1719 8.1242 -1.5244 0.8862
Car -1 -1 -1.3535 582.3152 765.7363 813.8124 955.4327 1.4427 1.6835 3.4709 -2.6463 3.0958 15.7802 -1.5232 0.8843
Car -1 -1 -1.4871 855.1990 777.2004 927.9717 846.6212 1.5376 1.7573 3.6893 -1.9733 6.1381 43.2853 -1.5210 0.7713
Car -1 -1 -1.4256 806.7037 771.4851 901.6234 853.8884 1.5242 1.7462 3.7869 -2.5638 5.3039 36.5992 -1.4852 0.6757
Car -1 -1 2.1022 0.0000 776.3965 161.6794 894.6248 1.4957 1.7895 4.0272 -15.9255 4.3529 26.1684 1.5468 0.3044
