Pedestrian -1 -1 0.8814 1614.9257 630.5653 1936.0000 1216.0000 1.6859 0.6346 0.6416 2.2065 1.7023 4.0069 1.5839 0.5809
Pedestrian -1 -1 1.4880 1039.9611 769.9797 1064.7916 833.4833 1.6965 0.6495 0.6467 2.5417 5.7800 41.7653 1.5633 0.4662
Pedestrian -1 -1 1.2866 1212.1969 727.5759 1315.5354 967.2227 1.6800 0.6258 0.5741 2.2254 2.4590 11.0446 1.5214 0.4617
Pedestrian -1 -1 2.0264 10.0377 702.2036 141.2258 935.2332 1.6638 0.6447 0.6543 -6.6669 2.2660 11.2847 1.4453 0.3492
Cyclist -1 -1 -1.5065 962.8204 761.5944 1036.8982 907.4306 1.7269 0.8708 1.9203 0.5536 3.6999 20.5842 -1.4662 0.6898
Car -1 -1 -1.2616 370.3878 740.1716 752.7169 1028.6370 1.5325 1.7675 3.6749 -2.7964 2.5498 11.3206 -1.5248 0.9210
Car -1 -1 -1.3742 621.0860 746.4717 834.3758 921.9213 1.5491 1.7829 3.7759 -2.6493 3.1535 17.8061 -1.5222 0.9132
Car -1 -1 -0.6364 0.0000 647.1328 455.2383 1216.0000 1.5269 1.8059 4.0688 -2.8369 1.6104 3.5618 -1.5472 0.8491
Car -1 -1 -1.5095 828.7094 773.2401 905.6242 847.4125 1.4427 1.7115 3.8380 -2.3879 5.4755 38.7268 -1.5604 0.8029
Car -1 -1 -1.4935 795.9723 765.2958 891.6216 854.4320 1.4489 1.7230 3.7267 -2.4604 4.6361 32.0766 -1.5608 0.6616
Car -1 -1 -1.4689 842.2134 774.3945 917.8945 841.7930 1.5273 1.8283 3.8684 -2.3792 6.1925 44.6821 -1.5107 0.3462
