Pedestrian -1 -1 0.8971 1654.4386 593.0394 1936.0000 1216.0000 1.6740 0.6330 0.6774 2.1376 1.6044 3.6318 1.6614 0.6381
Pedestrian -1 -1 1.5092 1039.7722 772.0061 1064.7720 836.4492 1.7065 0.6614 0.6402 2.5169 5.8116 41.4070 1.5843 0.4800
Pedestrian -1 -1 1.3247 1231.8907 722.5377 1341.1345 980.4567 1.7082 0.6254 0.6634 2.2694 2.4150 10.4910 1.5770 0.4313
Pedestrian -1 -1 2.0698 0.0000 708.7025 118.8718 952.4965 1.6844 0.6451 0.6478 -6.6453 2.3167 10.9292 1.4737 0.2848
Cyclist -1 -1 -1.4982 966.6960 774.1156 1040.2876 916.0415 1.6895 0.8654 1.8587 0.6093 3.8641 20.8210 -1.4553 0.6971
Cyclist -1 -1 1.7253 705.4761 779.9280 754.9913 879.0874 1.7717 0.7019 1.9463 -4.7342 5.0604 30.7477 1.5792 0.3258
Car -1 -1 -1.4740 821.4289 768.9386 906.3840 846.2426 1.4936 1.7589 3.9625 -2.4471 5.3898 38.4325 -1.5270 0.8512
Car -1 -1 -1.3745 602.9876 745.3517 822.9757 926.0631 1.5559 1.7926 3.8629 -2.7592 3.1204 17.4589 -1.5326 0.8459
Car -1 -1 -1.3008 372.4833 743.7177 741.7156 1032.4102 1.4680 1.7130 3.5470 -2.7110 2.4704 10.8405 -1.5692 0.8301
Car -1 -1 -1.4364 773.7628 760.9540 885.5883 856.7277 1.5210 1.7940 4.0338 -2.7147 4.5914 31.6830 -1.5130 0.8268
Car -1 -1 -0.5659 0.0000 653.4278 426.6018 1216.0000 1.5283 1.8395 4.1935 -2.8150 1.6289 3.1712 -1.5641 0.8042
Car -1 -1 -2.5036 0.0000 776.3398 286.0993 990.2722 1.6910 1.9051 4.1110 -8.9686 3.2521 14.3635 -3.0923 0.2668
