Pedestrian -1 -1 1.5018 1180.2979 729.5635 1259.0774 937.2574 1.7147 0.6541 0.7706 2.2696 2.6682 13.1990 1.7009 0.6301
Pedestrian -1 -1 1.0949 1422.8162 686.7993 1654.0664 1153.7061 1.7157 0.6386 0.7178 2.2702 1.9771 5.9534 1.5602 0.5805
Pedestrian -1 -1 1.5190 1046.9966 772.7855 1069.9420 835.5967 1.7602 0.6468 0.6177 2.8393 6.1155 43.7228 1.5983 0.3982
Pedestrian -1 -1 1.0692 1550.6250 709.6225 1749.5195 1114.8231 1.6528 0.6050 0.5944 2.9890 2.0403 6.5338 1.6004 0.2916
Cyclist -1 -1 -1.4703 964.3347 760.4968 1044.5900 906.5148 1.7713 0.9106 2.0016 0.6359 3.7855 21.1577 -1.4266 0.5474
Cyclist -1 -1 0.7818 1472.8657 654.7647 1936.0000 1216.0000 1.6062 0.6819 1.7831 2.1579 1.7077 4.1539 1.4467 0.2991
Car -1 -1 -1.3650 648.0412 755.0203 850.0288 922.2798 1.6070 1.8222 3.8735 -2.6381 3.4756 19.4761 -1.4974 0.9445
Car -1 -1 -0.9261 0.0000 711.8943 549.4046 1216.0000 1.4171 1.7020 3.6501 -2.8247 1.8286 5.2323 -1.5518 0.9396
Car -1 -1 -1.2787 463.1004 742.2802 787.8646 993.4556 1.5631 1.7706 3.5807 -2.7062 2.7196 12.8849 -1.4984 0.9282
Car -1 -1 -1.4836 837.2513 774.3224 914.5342 846.1509 1.4782 1.7272 3.5832 -2.2500 5.6778 40.2032 -1.5284 0.6087
Car -1 -1 -1.4689 810.7712 759.1600 906.7325 845.6929 1.4968 1.7460 3.8129 -2.2603 4.7098 33.8436 -1.5258 0.5644
Car -1 -1 0.7339 154.4782 769.2092 444.1300 885.6135 1.5692 1.8756 4.4067 -11.3181 4.1925 25.6165 0.3117 0.3516
