Pedestrian -1 -1 1.4668 1186.8182 731.4506 1274.9854 954.2700 1.7493 0.6713 0.8636 2.2669 2.6837 12.6490 1.6744 0.6535
Pedestrian -1 -1 1.0242 1468.9238 679.1412 1733.6274 1179.7544 1.6821 0.6341 0.7600 2.3202 1.8956 5.4982 1.5417 0.5463
Pedestrian -1 -1 1.5059 1048.2366 770.8890 1072.3174 834.6725 1.7691 0.6641 0.6546 2.8660 6.0318 43.3323 1.5865 0.4633
Pedestrian -1 -1 0.5676 1722.2872 576.9521 1936.0000 1216.0000 1.6283 0.6485 0.6945 2.3594 1.5256 3.6037 1.3903 0.2813
Cyclist -1 -1 -1.5139 967.7696 759.1295 1042.1617 906.2593 1.7912 0.9106 1.9860 0.6407 3.7803 21.1262 -1.4699 0.5980
Cyclist -1 -1 1.4576 1184.8612 731.2014 1276.0255 958.7963 1.7770 0.6822 0.9336 2.2595 2.7107 12.6373 1.6648 0.1357
Car -1 -1 -1.3677 642.5364 761.8053 847.6744 930.0366 1.5621 1.8252 3.8386 -2.6310 3.4899 19.0806 -1.5028 0.9446
Car -1 -1 -0.8968 0.0000 694.6232 541.2466 1216.0000 1.4460 1.7340 3.7922 -2.8121 1.7658 4.9520 -1.5576 0.9416
Car -1 -1 -1.2756 441.8876 750.7246 774.1818 1005.3151 1.5091 1.7452 3.5505 -2.7611 2.7143 12.4968 -1.5076 0.9414
Car -1 -1 -1.4426 797.0283 755.1605 902.4561 845.4510 1.5395 1.8143 3.9967 -2.4284 4.6343 33.4762 -1.5055 0.7450
Car -1 -1 -1.4911 835.7217 772.0773 912.1765 844.5772 1.4723 1.7034 3.7187 -2.2840 5.5865 39.9167 -1.5373 0.6591
Car -1 -1 2.0605 223.0510 732.2681 450.5472 847.8890 1.5226 1.8444 4.3403 -10.7460 3.5587 26.1122 1.6637 0.3049
