Pedestrian -1 -1 1.2660 1242.7802 723.4675 1376.1998 1000.1313 1.7042 0.6566 0.9021 2.3097 2.3940 10.0034 1.5356 0.7001
Pedestrian -1 -1 1.5338 1042.2518 777.1194 1066.7017 843.7543 1.7389 0.6522 0.6147 2.5407 5.9253 40.8078 1.6106 0.4870
Pedestrian -1 -1 0.8387 1695.1906 616.4852 1936.0000 1216.0000 1.6954 0.6609 0.6339 2.1174 1.6784 3.3570 1.6615 0.3978
Cyclist -1 -1 -1.4715 960.4483 773.9710 1043.1497 924.6967 1.7782 0.9274 1.9925 0.5884 3.9539 20.7746 -1.4295 0.5559
Cyclist -1 -1 1.2643 1243.1348 723.3706 1378.7843 1005.0488 1.7263 0.6611 0.9248 2.3110 2.4140 9.9703 1.5349 0.1709
Car -1 -1 -1.2680 323.8491 742.3549 731.4147 1052.6770 1.5039 1.7480 3.6456 -2.7907 2.4709 10.4742 -1.5549 0.8851
Car -1 -1 -1.3645 595.2337 750.3665 826.1827 937.8788 1.5583 1.8176 3.9144 -2.7173 3.1605 17.0992 -1.5237 0.8785
Car -1 -1 -1.4664 774.8752 763.7117 883.0114 862.1772 1.5659 1.8178 3.8479 -2.6942 4.6450 31.2230 -1.5436 0.8228
Car -1 -1 -0.4158 0.0000 628.3460 364.9461 1216.0000 1.5189 1.7858 3.8786 -2.8818 1.5300 2.8342 -1.5152 0.7750
Car -1 -1 -1.4858 816.8867 777.2254 901.7475 856.7645 1.5065 1.7746 3.9133 -2.5288 5.5683 37.8953 -1.5418 0.7338
Car -1 -1 2.0892 130.6247 774.4145 308.1959 860.5901 1.4089 1.8008 4.1006 -16.6674 5.0020 33.8372 1.6299 0.3029
Car -1 -1 2.0486 237.1623 782.2558 374.6917 854.6717 1.4179 1.7724 3.8660 -17.4066 5.8275 39.9171 1.6396 0.2777
