Pedestrian -1 -1 1.1929 1330.0444 676.6002 1507.8174 1035.3331 1.6856 0.6484 0.7783 2.2830 1.9597 7.5347 1.5548 0.6990
Pedestrian -1 -1 1.4555 1158.4728 736.9553 1232.1322 923.8077 1.7552 0.6619 0.7198 2.3200 2.8991 14.8849 1.6354 0.6435
Pedestrian -1 -1 1.0907 1443.7511 635.5568 1702.8451 1117.1122 1.6792 0.6624 0.7857 2.2698 1.7222 5.6305 1.5870 0.5733
Pedestrian -1 -1 1.4658 1043.4135 784.7257 1067.0179 845.2982 1.7516 0.6591 0.6278 2.8415 6.6246 45.2719 1.5431 0.4226
Cyclist -1 -1 -1.5269 951.3231 769.5862 1022.2064 913.7616 1.7047 0.8691 1.8939 0.3731 3.7941 20.6191 -1.4959 0.6134
Car -1 -1 -1.0802 0.0000 714.9768 622.5435 1216.0000 1.4615 1.7093 3.6007 -2.7762 1.9685 6.6083 -1.5602 0.9463
Car -1 -1 -1.3781 669.5559 761.2130 856.3816 917.7556 1.5980 1.8292 3.8632 -2.6316 3.6684 20.7235 -1.5008 0.9293
Car -1 -1 -1.3040 511.7647 753.3541 800.3729 978.8296 1.5317 1.7718 3.6529 -2.7256 2.9121 14.1877 -1.5019 0.9008
Car -1 -1 -1.4906 847.5838 776.3400 920.5414 844.4682 1.4227 1.6888 3.7613 -2.1054 5.8344 41.6509 -1.5298 0.7538
Car -1 -1 -1.4776 813.9853 764.0172 905.4278 847.6796 1.4764 1.7342 3.9128 -2.3174 4.9161 34.9873 -1.5337 0.6728
