Pedestrian -1 -1 1.4462 1171.9445 738.4014 1250.5935 938.0446 1.7206 0.6445 0.7004 2.2775 2.7873 13.6821 1.6387 0.5614
Pedestrian -1 -1 0.8421 1567.2800 601.5593 1897.0464 1185.3431 1.6623 0.6530 0.6578 2.3471 1.5958 4.6166 1.4759 0.4816
Pedestrian -1 -1 1.4995 1046.0453 776.0884 1069.4572 838.1869 1.7624 0.6573 0.6409 2.8579 6.2777 44.3382 1.5784 0.4764
Pedestrian -1 -1 1.1403 1390.6173 684.8333 1585.7286 1088.7910 1.6551 0.6301 0.6222 2.2820 1.9295 6.5339 1.5628 0.4543
Cyclist -1 -1 -1.5061 963.2156 759.6334 1033.6255 900.8662 1.7213 0.8455 1.9279 0.5467 3.7164 21.1415 -1.4669 0.5695
Cyclist -1 -1 0.7011 230.4770 709.6120 459.0483 910.6263 1.7058 0.7833 1.8833 -5.7092 2.5278 13.8697 0.2839 0.3770
Car -1 -1 -1.3722 658.8289 753.1740 856.1686 918.1219 1.6297 1.8366 3.9637 -2.5986 3.5201 19.9959 -1.4985 0.9481
Car -1 -1 -0.9857 0.0000 713.4173 572.2734 1216.0000 1.4568 1.7013 3.5976 -2.8179 1.9004 5.6839 -1.5575 0.9211
Car -1 -1 -1.2909 482.5311 743.4621 792.2794 981.7612 1.5378 1.7676 3.6488 -2.7205 2.7496 13.4033 -1.5020 0.8712
Car -1 -1 -1.4548 804.7814 758.5781 904.4543 846.2787 1.5241 1.7837 3.9713 -2.3760 4.7646 34.2185 -1.5143 0.7336
Car -1 -1 -1.4776 843.1931 775.3102 921.6085 848.3833 1.5181 1.7544 3.7090 -2.1035 5.8110 40.7824 -1.5179 0.6457
Car -1 -1 2.1003 266.2812 755.8300 473.4578 866.1433 1.4695 1.7395 3.8706 -10.4833 3.9968 26.8209 1.7233 0.2863
