Pedestrian -1 -1 1.4072 1191.9081 730.4281 1289.5265 954.1151 1.6957 0.6694 0.9364 2.2786 2.5964 12.2790 1.6223 0.7016
Pedestrian -1 -1 1.0252 1514.1108 680.6518 1796.4841 1216.0000 1.6271 0.6059 0.7401 2.2721 1.8265 4.9725 1.5931 0.6067
Pedestrian -1 -1 1.5079 1049.5708 771.2267 1073.6963 834.4657 1.7288 0.6574 0.6560 2.8672 5.9459 42.7636 1.5895 0.4177
Pedestrian -1 -1 -1.9586 1601.9368 688.7109 1820.9525 1156.4174 1.7726 0.6568 0.6272 3.0519 2.0502 6.1378 -1.3833 0.3139
Cyclist -1 -1 -1.5201 966.6311 760.0147 1041.5796 906.0665 1.7519 0.9179 1.9691 0.6208 3.7286 20.8549 -1.4767 0.6772
Cyclist -1 -1 1.3963 1191.5736 730.4968 1291.4666 959.1160 1.7236 0.6709 0.9684 2.2756 2.6225 12.2319 1.6119 0.1821
Car -1 -1 -1.2795 432.2338 752.7800 769.1993 1006.9227 1.4403 1.7079 3.5845 -2.7349 2.6370 12.1583 -1.5168 0.9264
Car -1 -1 -0.8188 0.0000 679.2935 522.9745 1216.0000 1.4758 1.7513 3.8557 -2.7883 1.7092 4.4685 -1.5478 0.9079
Car -1 -1 -1.3546 633.3497 750.7482 843.6475 921.8074 1.5916 1.8144 3.7532 -2.6603 3.3294 18.7095 -1.4948 0.8680
Car -1 -1 -1.4851 805.8366 756.5419 903.7558 847.2129 1.5184 1.7723 4.0323 -2.2845 4.6030 33.0019 -1.5446 0.7534
Car -1 -1 -1.4903 835.7137 771.7479 915.5746 847.0861 1.5189 1.7664 3.7768 -2.2150 5.5910 39.5494 -1.5352 0.7412
Car -1 -1 2.0718 205.1094 752.2966 434.0912 873.4692 1.5237 1.8234 4.1378 -10.7742 3.8757 25.4623 1.6651 0.2856
Car -1 -1 -1.4726 844.5170 770.8374 917.7292 836.2817 1.5136 1.8042 3.8929 -2.3911 6.1465 45.4789 -1.5136 0.2722
