Pedestrian -1 -1 1.3312 1197.4071 718.2798 1306.0977 951.6085 1.7062 0.6726 0.8661 2.2619 2.4657 11.7247 1.5553 0.5792
Pedestrian -1 -1 1.0474 1542.2786 701.0269 1848.2383 1216.0000 1.6219 0.6143 0.7251 2.1941 1.8733 4.5510 1.6551 0.4161
Pedestrian -1 -1 1.5267 1051.2345 772.7050 1074.7125 834.7104 1.6759 0.6446 0.6442 2.8772 5.8943 42.3466 1.6092 0.3630
Cyclist -1 -1 -1.5694 965.2080 761.2591 1032.8564 910.0549 1.7766 0.8900 1.9339 0.5358 3.7488 20.6441 -1.5301 0.7377
Cyclist -1 -1 1.3226 1193.8473 717.6870 1307.1942 957.1548 1.7432 0.6888 0.9326 2.2513 2.5005 11.7292 1.5456 0.1237
Car -1 -1 -1.2901 404.9636 743.6494 756.5023 1013.0401 1.4848 1.7296 3.6824 -2.7778 2.5664 11.7545 -1.5407 0.9388
Car -1 -1 -1.3512 618.8780 752.1138 835.7048 926.8263 1.5555 1.7850 3.8484 -2.7108 3.2712 18.1857 -1.4991 0.9206
Car -1 -1 -0.7373 0.0000 670.0504 497.8184 1216.0000 1.5148 1.8005 3.9928 -2.8005 1.6968 4.0113 -1.5482 0.8363
Car -1 -1 -1.4162 784.2867 756.8069 899.8276 851.9746 1.5587 1.8476 4.2026 -2.5284 4.6342 32.6928 -1.4840 0.7447
Car -1 -1 -1.4634 830.3987 775.4334 915.4004 851.5671 1.4999 1.7797 3.8405 -2.2651 5.6469 39.2261 -1.5101 0.5469
Car -1 -1 2.0843 179.5342 739.7455 420.6290 861.0729 1.5311 1.8426 4.3760 -11.0740 3.6580 25.4281 1.6662 0.4222
