Pedestrian -1 -1 1.2162 1370.5493 684.9639 1557.9073 1076.7056 1.6873 0.6377 0.7763 2.3178 1.9832 6.9664 1.6155 0.6707
Pedestrian -1 -1 1.4695 1172.0488 747.5555 1243.5653 934.2258 1.6810 0.6272 0.6314 2.3424 2.8786 14.2586 1.6590 0.5956
Pedestrian -1 -1 0.9321 1515.3843 615.5971 1810.5708 1162.1914 1.7068 0.6412 0.7024 2.3329 1.6777 5.0411 1.5051 0.3936
Pedestrian -1 -1 1.4655 1043.5741 789.1846 1068.2959 852.0999 1.7924 0.6821 0.6251 2.8211 6.7282 44.6074 1.5433 0.3884
Cyclist -1 -1 -1.5122 960.0527 754.2664 1031.3387 895.6068 1.7088 0.8588 1.8972 0.5019 3.5995 20.8697 -1.4750 0.6104
Car -1 -1 -1.3727 663.6813 760.5659 858.8424 923.2997 1.6181 1.8532 3.9459 -2.5914 3.6447 20.3019 -1.4963 0.9407
Car -1 -1 -1.0251 0.0000 698.4861 611.8889 1216.0000 1.5112 1.7401 3.6186 -2.7839 1.9060 6.1889 -1.5423 0.9260
Car -1 -1 -1.2930 489.8825 752.0075 794.2744 984.6030 1.5094 1.7676 3.7397 -2.7490 2.8411 13.7392 -1.5002 0.9219
Car -1 -1 -1.5023 842.7656 774.1612 916.7661 843.5349 1.4182 1.7196 3.9281 -2.1922 5.7190 41.1032 -1.5445 0.8166
Car -1 -1 -1.4888 807.8593 760.3695 899.1458 845.3677 1.4938 1.7442 3.8606 -2.4237 4.7904 34.4423 -1.5492 0.5546
