Pedestrian -1 -1 1.1617 1261.4253 715.9376 1408.0542 999.5245 1.6488 0.6313 0.8730 2.3450 2.2538 9.4680 1.4516 0.7700
Pedestrian -1 -1 1.5506 1041.9473 787.7347 1066.5739 854.5566 1.7178 0.6591 0.6361 2.5113 6.1557 40.4197 1.6273 0.4499
Cyclist -1 -1 -1.5109 964.6774 773.6433 1042.2219 921.2348 1.7614 0.9410 1.9347 0.6130 3.9402 20.8946 -1.4678 0.6458
Cyclist -1 -1 -1.7489 594.0413 759.3768 668.3183 899.7361 1.6645 0.6726 1.8896 -4.5775 3.6120 20.6549 -1.9690 0.2688
Cyclist -1 -1 1.1556 1261.5593 716.1678 1412.1456 1004.0419 1.6596 0.6293 0.9260 2.3485 2.2658 9.4355 1.4469 0.1919
Car -1 -1 -1.3276 575.4866 744.7255 824.2763 939.3570 1.5912 1.8373 3.8498 -2.7592 3.0860 16.6656 -1.4943 0.8957
Car -1 -1 -1.4487 767.9072 769.8367 881.5966 871.2023 1.5730 1.8356 3.8793 -2.7428 4.7533 30.8364 -1.5286 0.8751
Car -1 -1 -1.2243 254.8798 728.4116 720.6359 1068.5710 1.5705 1.8092 3.7494 -2.8696 2.3924 9.9688 -1.5361 0.8690
Car -1 -1 -0.2060 0.0000 632.2721 239.2912 1216.0000 1.4761 1.8140 3.9956 -3.0004 1.4969 2.1637 -1.5148 0.6165
Car -1 -1 -1.4243 808.1898 785.0777 900.6177 863.3622 1.4509 1.7487 3.7898 -2.6394 5.7012 37.7174 -1.4836 0.5025
Car -1 -1 2.1711 0.0000 764.1983 116.3217 875.0548 1.4620 1.8118 4.0056 -17.2222 4.1487 26.8223 1.5911 0.2342
