Pedestrian -1 -1 1.2545 1316.9945 701.1438 1468.7383 1036.8282 1.6494 0.6192 0.6498 2.2434 2.0657 7.8318 1.5958 0.5321
Pedestrian -1 -1 1.5602 1048.2266 789.4451 1074.4796 862.9364 1.8050 0.6724 0.6838 2.5931 6.1064 38.7281 1.6419 0.4616
Cyclist -1 -1 -1.5998 966.6130 766.8261 1028.8446 901.7951 1.6284 0.8320 1.8495 0.4946 3.7021 20.9221 -1.5630 0.6827
Cyclist -1 -1 -1.6581 561.7374 756.7922 631.4244 907.4682 1.7092 0.7217 1.9179 -4.8422 3.5441 19.7809 -1.9023 0.2900
Car -1 -1 -1.1776 186.3088 737.2983 697.0256 1098.9012 1.4407 1.6860 3.4329 -2.7717 2.2339 8.8011 -1.5251 0.9451
Car -1 -1 -1.3336 541.7741 747.0356 812.3992 958.7920 1.5715 1.8537 3.9178 -2.7580 2.9948 15.4204 -1.5157 0.8425
Car -1 -1 -1.4926 808.9032 780.5300 896.6805 862.2264 1.4587 1.7741 3.9261 -2.5701 5.4338 36.2178 -1.5531 0.8001
Car -1 -1 -1.4621 757.3356 766.9796 876.6652 880.5380 1.7102 1.8875 4.0494 -2.7843 4.7254 29.6891 -1.5471 0.7799
Car -1 -1 -1.5267 842.0813 783.6071 914.4251 855.1811 1.4966 1.8158 4.0509 -2.2984 6.1993 42.2848 -1.5696 0.2599
Car -1 -1 2.1397 45.1760 764.1391 261.2611 867.9091 1.5471 1.8389 4.3193 -16.3170 4.5916 30.4769 1.6436 0.2369
