Pedestrian -1 -1 1.2866 1340.5017 672.4202 1532.2731 1080.4572 1.6902 0.6511 0.9266 2.1293 1.9220 6.8016 1.6668 0.5111
Cyclist -1 -1 -1.6561 958.7706 771.1041 1035.5699 915.0590 1.7188 0.9317 1.9278 0.4762 3.8531 20.8440 -1.6200 0.6299
Cyclist -1 -1 1.2832 1343.2026 667.3060 1539.3323 1085.7181 1.7142 0.6545 0.9468 2.1276 1.9194 6.7316 1.6674 0.1331
Car -1 -1 -1.3132 517.1858 749.6282 799.2212 974.7268 1.5809 1.7866 3.7036 -2.7725 2.9503 14.5152 -1.5094 0.9269
Car -1 -1 -1.1300 75.8389 731.4721 671.8181 1142.5592 1.4504 1.6901 3.4058 -2.7807 2.1390 7.9210 -1.5225 0.8892
Car -1 -1 -1.4978 807.4214 783.5087 892.5068 862.9757 1.3794 1.6976 3.7915 -2.5860 5.3429 35.4652 -1.5604 0.8317
Car -1 -1 -1.4882 759.4575 768.5781 870.2986 875.4707 1.5688 1.7877 3.7123 -2.7512 4.5155 28.8090 -1.5753 0.5979
Car -1 -1 2.1408 0.0000 756.1263 134.9997 864.4094 1.4252 1.8063 4.1352 -16.8321 3.9554 26.7650 1.5698 0.3177
Car -1 -1 -1.4868 823.7112 790.9037 902.4455 865.9745 1.5229 1.7952 4.0259 -2.6660 6.3448 41.3980 -1.5398 0.2074
Car -1 -1 1.9501 265.8163 769.9480 390.9228 841.7736 1.4695 1.7859 3.9278 -17.0855 5.5961 40.5664 1.5538 0.2006
