Pedestrian -1 -1 1.0398 1473.6405 605.1482 1791.8738 1181.2411 1.7499 0.6781 0.8807 2.1929 1.6900 4.9897 1.5909 0.7071
Pedestrian -1 -1 1.4563 1042.6376 771.5320 1071.2361 844.1601 1.6862 0.6358 0.6026 2.3190 5.2758 36.2956 1.5348 0.5115
Pedestrian -1 -1 1.4901 1078.3105 773.0244 1106.0273 844.4550 1.6624 0.6343 0.5834 3.1781 5.2915 36.3405 1.5929 0.2609
Cyclist -1 -1 -1.6136 950.3474 760.0230 1020.7545 907.6346 1.7886 0.9247 1.9860 0.3169 3.7720 20.9506 -1.5858 0.5518
Cyclist -1 -1 1.0416 1466.3022 600.7385 1792.4766 1185.4753 1.7664 0.6797 0.9444 2.1799 1.6934 4.9960 1.5892 0.1287
Car -1 -1 -1.2779 454.1710 748.9623 781.3980 991.9111 1.5026 1.7766 3.9213 -2.8541 2.7757 13.3282 -1.5008 0.8842
Car -1 -1 -1.5111 797.6333 769.3782 887.5323 856.8904 1.4998 1.7792 4.1021 -2.6750 5.0303 34.4843 -1.5788 0.8742
Car -1 -1 -1.0853 0.0000 726.4611 603.5928 1216.0000 1.3847 1.6574 3.4299 -2.8303 1.9528 6.6494 -1.5701 0.8345
Car -1 -1 -1.4802 741.4478 757.2448 860.2734 868.2078 1.5467 1.7883 3.9300 -2.8732 4.1562 27.5161 -1.5771 0.7894
Car -1 -1 2.0848 16.7634 781.4793 218.2042 882.0690 1.4497 1.7752 3.9415 -16.6038 4.7620 29.6627 1.5696 0.2636
Car -1 -1 -1.5653 1013.0245 772.6722 1069.7012 833.4781 1.5530 1.8298 4.0916 2.7445 6.7562 50.5474 -1.4969 0.2567
Car -1 -1 2.1831 0.0000 766.2072 84.3979 883.9929 1.4294 1.7796 4.1045 -16.8603 4.0014 25.1571 1.5814 0.2508
