Pedestrian -1 -1 1.5086 1044.7441 778.2519 1073.0206 854.6907 1.7463 0.6458 0.5939 2.3261 5.4364 35.6819 1.5886 0.5358
Pedestrian -1 -1 0.8193 1556.7997 573.5551 1936.0000 1216.0000 1.7997 0.7126 0.9236 2.3252 1.6651 4.4141 1.4784 0.4993
Cyclist -1 -1 -1.6019 949.8315 760.6738 1018.9344 906.9785 1.7621 0.9174 1.9781 0.3030 3.7444 20.8418 -1.5747 0.5699
Cyclist -1 -1 0.8103 1543.5853 570.4657 1936.0000 1216.0000 1.8366 0.7161 0.9821 2.3015 1.6951 4.4121 1.4643 0.1157
Car -1 -1 -1.0827 0.0000 721.8933 579.2861 1216.0000 1.3634 1.6218 3.2491 -2.7745 1.8729 6.2096 -1.5969 0.8899
Car -1 -1 -1.3368 448.5195 742.3442 772.7441 999.6937 1.5512 1.8273 3.9749 -2.7925 2.7150 12.8261 -1.5647 0.8801
Car -1 -1 -1.4904 794.8924 774.2000 889.9524 863.1979 1.4801 1.7761 4.1097 -2.6267 5.0678 33.8688 -1.5581 0.6957
Car -1 -1 -1.4323 729.4747 763.0575 856.9033 872.9356 1.5126 1.7760 3.7762 -2.9931 4.2151 27.3328 -1.5344 0.4318
Car -1 -1 -1.5142 679.6567 778.2655 752.4849 850.7397 1.6311 1.8858 4.1290 -7.3068 6.4541 44.8822 -1.6666 0.4268
Car -1 -1 2.0924 80.7385 772.2126 265.5203 865.4992 1.4614 1.7304 3.9672 -16.6390 4.7924 31.8006 1.6070 0.3192
