Pedestrian -1 -1 1.1818 1370.0334 667.9342 1598.7383 1114.0696 1.6765 0.6467 0.9216 2.1264 1.8679 6.1818 1.6041 0.6505
Pedestrian -1 -1 1.4853 1037.6185 775.4594 1066.5792 850.7833 1.7933 0.6758 0.6405 2.2576 5.5735 37.2225 1.5606 0.3690
Cyclist -1 -1 -1.6564 950.5326 772.1938 1025.0397 916.5516 1.6979 0.8858 1.8898 0.3412 3.8157 20.5332 -1.6269 0.6743
Cyclist -1 -1 1.1795 1372.1113 664.4504 1606.4348 1122.5886 1.7004 0.6491 0.9511 2.1230 1.8751 6.1211 1.6058 0.1606
Car -1 -1 -1.3230 491.2609 753.9287 786.2522 981.7681 1.4946 1.7877 3.9983 -2.8571 2.8905 14.1456 -1.5314 0.9215
Car -1 -1 -1.0990 0.0000 738.4860 657.9616 1183.1198 1.4289 1.6936 3.4916 -2.8037 2.1348 7.5067 -1.5187 0.9121
Car -1 -1 -1.4822 795.9318 777.9271 886.7208 861.7267 1.4466 1.7355 3.9213 -2.7496 5.2322 35.0166 -1.5506 0.8105
Car -1 -1 -1.4785 751.8106 766.3445 864.4930 872.1510 1.5307 1.7606 3.6549 -2.8339 4.3850 28.3494 -1.5704 0.7309
Car -1 -1 -0.2813 0.0000 0.0000 273.4135 1216.0000 1.5975 1.9356 4.3008 -3.0828 1.5227 2.3440 -1.5423 0.3750
Car -1 -1 2.1137 6.0877 769.8548 207.6004 866.5176 1.4459 1.7645 3.9610 -17.2170 4.5831 30.3654 1.5928 0.3235
Car -1 -1 2.1925 0.0000 764.1671 66.3542 882.0605 1.4575 1.8048 3.9806 -17.1996 3.9920 25.2153 1.5825 0.2655
