Pedestrian -1 -1 1.1519 1272.3557 703.8629 1432.7664 1010.2499 1.6975 0.6511 0.9113 2.3398 2.2001 9.0278 1.4562 0.6685
Pedestrian -1 -1 1.5783 1045.1420 791.3279 1070.5901 859.6047 1.7227 0.6612 0.6361 2.5708 6.1864 39.7627 1.6577 0.4311
Cyclist -1 -1 -1.5391 967.3447 763.8624 1039.9584 908.5973 1.7343 0.9224 1.9227 0.6124 3.7612 20.8192 -1.4961 0.6464
Cyclist -1 -1 -1.5992 599.0482 756.3012 654.7386 899.5704 1.6908 0.6855 1.9024 -4.5997 3.5807 20.5020 -1.8223 0.3507
Cyclist -1 -1 1.1444 1273.5919 703.4414 1438.0488 1017.4634 1.7261 0.6570 0.9312 2.3440 2.2237 8.9726 1.4512 0.1731
Car -1 -1 -1.2375 256.9448 733.1078 714.0074 1074.1367 1.5137 1.7386 3.5900 -2.7812 2.3391 9.5963 -1.5535 0.8798
Car -1 -1 -1.3345 563.3058 748.6956 817.7359 951.0381 1.5958 1.8401 3.8695 -2.7768 3.1030 16.2173 -1.5076 0.8793
Car -1 -1 -1.4775 810.0533 783.8409 900.0223 864.7980 1.4428 1.7971 4.2054 -2.5774 5.6188 37.1582 -1.5362 0.8253
Car -1 -1 -1.4603 763.5602 765.3470 875.9230 868.4948 1.6063 1.8319 3.8417 -2.8182 4.6564 30.5308 -1.5437 0.7283
Car -1 -1 -0.1510 0.0000 0.0000 1936.0000 1216.0000 1.5382 1.8485 4.0420 -2.9659 1.4845 1.9150 -1.5360 0.4653
Car -1 -1 -1.5425 1160.6990 763.0899 1271.7356 884.7883 1.7369 1.8949 4.2245 4.9721 4.6043 28.7615 -1.3516 0.2599
