Pedestrian -1 -1 1.3215 1325.2318 687.7988 1490.4127 1064.5201 1.6853 0.6340 0.7962 2.1450 2.0089 7.2631 1.6774 0.4987
Pedestrian -1 -1 1.5417 1048.8241 780.1184 1074.8319 852.1240 1.7530 0.6541 0.6534 2.5677 5.7568 38.2313 1.6236 0.3490
Cyclist -1 -1 -1.6198 963.9615 763.1631 1032.0890 901.3744 1.6675 0.8825 1.8916 0.4922 3.6876 20.8971 -1.5831 0.6649
Cyclist -1 -1 -1.6534 555.8240 753.7706 623.7104 905.8268 1.6885 0.6865 1.8926 -4.8169 3.4400 19.3188 -1.9028 0.3478
Car -1 -1 -1.1596 133.9606 737.3581 691.7477 1129.7478 1.4640 1.7088 3.5523 -2.7696 2.2348 8.4341 -1.5237 0.9318
Car -1 -1 -1.3426 536.6496 743.2062 800.0233 956.6939 1.5637 1.7762 3.7007 -2.7635 2.8933 14.9238 -1.5323 0.9059
Car -1 -1 -1.4774 806.0520 780.0540 895.5960 861.6551 1.4370 1.7395 3.9030 -2.5890 5.3601 35.8345 -1.5393 0.8645
Car -1 -1 -1.4614 756.9680 765.8273 870.8129 871.3057 1.5733 1.7799 3.6903 -2.8035 4.4962 29.1516 -1.5491 0.8066
Car -1 -1 -1.5991 827.0954 788.1420 895.4855 861.8358 1.5025 1.8328 4.1902 -2.8605 6.3505 42.2471 -1.6556 0.2636
Car -1 -1 -1.4613 712.2614 790.0164 781.9720 854.6836 1.6739 1.8902 4.1557 -7.3290 7.5941 51.5203 -1.5922 0.2474
