Pedestrian -1 -1 0.7921 1606.1769 572.5815 1936.0000 1216.0000 1.7478 0.6879 1.0058 2.3183 1.6250 4.0322 1.5159 0.5990
Pedestrian -1 -1 1.4578 1045.5638 783.5374 1076.5325 861.2629 1.7504 0.6721 0.6170 2.3520 5.5287 35.2983 1.5393 0.5265
Cyclist -1 -1 -1.5919 950.3311 759.6433 1021.9556 910.2370 1.8001 0.9407 1.9623 0.3343 3.7471 20.6233 -1.5629 0.4572
Cyclist -1 -1 0.7795 1600.4371 568.9679 1936.0000 1216.0000 1.7787 0.6846 1.0337 2.2962 1.6492 3.9999 1.5042 0.1670
Car -1 -1 -1.4887 793.5325 768.2811 887.6971 857.8434 1.5179 1.7509 3.8758 -2.6450 4.9200 33.5345 -1.5579 0.8811
Car -1 -1 -1.3055 426.2932 739.0703 770.5017 1003.9763 1.5563 1.8222 3.9241 -2.8073 2.6614 12.4869 -1.5418 0.8523
Car -1 -1 -1.0999 0.0000 709.2791 569.2831 1216.0000 1.4416 1.6676 3.3647 -2.7584 1.8779 6.0028 -1.6306 0.8426
Car -1 -1 -1.4250 734.4622 756.9631 866.9555 872.2273 1.5650 1.7818 3.9252 -2.8034 4.1177 26.9011 -1.5218 0.5643
Car -1 -1 -1.4993 677.0632 775.1425 752.6483 848.6574 1.6566 1.8921 4.1320 -7.2896 6.3488 44.5671 -1.6525 0.4330
Car -1 -1 1.2544 1260.8475 768.9474 1488.2295 927.6207 1.5234 1.8345 4.2278 5.4716 3.6918 20.3747 1.5450 0.3963
Car -1 -1 -1.4976 824.7043 775.7200 903.2505 849.5464 1.4680 1.7571 3.9006 -2.5350 5.6747 39.7438 -1.5505 0.3304
