Pedestrian -1 -1 0.8240 1632.4880 564.2871 1936.0000 1216.0000 1.7643 0.6749 0.8492 2.1498 1.6348 3.6264 1.5918 0.7590
Pedestrian -1 -1 1.5018 1057.9326 782.0698 1087.3857 856.4432 1.6442 0.6495 0.6011 2.5790 5.3199 34.6660 1.5913 0.4760
Cyclist -1 -1 -1.6332 950.5681 758.7914 1023.0033 910.6583 1.7882 0.8871 1.9325 0.3236 3.6953 20.3191 -1.6045 0.6866
Cyclist -1 -1 0.8176 1634.4668 556.0609 1936.0000 1216.0000 1.7882 0.6722 0.9113 2.1537 1.6440 3.5972 1.5927 0.1208
Car -1 -1 -1.4798 790.6195 769.4006 886.7339 859.8459 1.5175 1.7407 3.7037 -2.6409 4.8805 32.9339 -1.5504 0.8836
Car -1 -1 -1.3168 410.8601 741.1582 765.1116 1019.4462 1.5672 1.8301 4.0159 -2.7903 2.6669 12.1263 -1.5595 0.8440
Car -1 -1 -1.0857 0.0000 706.9904 521.6937 1216.0000 1.4278 1.6699 3.4693 -2.7582 1.8236 5.3938 -1.6811 0.8191
Car -1 -1 -1.4918 737.8398 757.1625 858.3295 869.5428 1.4785 1.7659 3.8997 -2.7877 3.9762 26.2727 -1.5908 0.7784
Car -1 -1 1.3362 1276.8787 762.6396 1489.7401 932.5167 1.6121 1.8726 4.2113 5.4494 3.6398 19.8544 1.6331 0.4728
Car -1 -1 -1.4859 819.8713 796.1561 902.9447 876.3157 1.5637 1.8283 3.9866 -2.6049 6.3559 39.8259 -1.5401 0.2198
