Pedestrian -1 -1 1.6090 1057.2358 794.1352 1089.0880 876.1708 1.6116 0.6294 0.6286 2.3359 5.1803 31.1825 1.6993 0.3285
Cyclist -1 -1 -1.5851 964.6143 812.4503 1032.3209 961.2836 1.6883 0.8805 1.9465 0.5074 4.3736 20.4272 -1.5464 0.4621
Car -1 -1 -1.1829 169.8147 729.4503 719.1088 1108.0139 1.5195 1.8172 4.0035 -2.8137 2.3043 9.1791 -1.5189 0.9134
Car -1 -1 -1.8529 1337.7817 769.6737 1602.0737 968.5998 1.5572 1.8503 4.0336 5.5337 3.3857 16.8092 -1.4992 0.9099
Car -1 -1 -1.4384 761.6677 779.3316 879.1349 882.4091 1.5177 1.8069 4.0550 -2.7757 4.8597 30.2916 -1.5210 0.8400
Car -1 -1 -1.3736 685.2911 763.2688 848.0071 896.0424 1.5522 1.8023 3.7363 -2.9531 3.8999 23.4413 -1.4940 0.6916
Car -1 -1 -0.3548 0.0000 640.7701 339.7151 1216.0000 1.4941 1.7663 3.9740 -2.8002 1.5421 2.5025 -1.5387 0.6747
Car -1 -1 -1.4907 799.8528 792.4279 887.4562 872.5975 1.4010 1.7823 4.1325 -2.8418 5.7673 36.8977 -1.5572 0.3464
Car -1 -1 2.2556 0.0000 750.4808 179.0444 859.9129 1.4572 1.7567 4.0986 -16.2629 3.9043 26.9919 1.7042 0.2743
Car -1 -1 -1.3179 451.7640 798.2241 572.3245 881.9601 1.4929 1.8862 4.2221 -11.2269 6.1059 37.6611 -1.6027 0.2429
