Pedestrian -1 -1 1.6133 1041.3361 795.4868 1072.5468 876.5195 1.6238 0.6270 0.6125 2.0339 5.2846 31.7500 1.6924 0.5525
Cyclist -1 -1 -1.5586 965.3643 785.2265 1024.8877 925.7338 1.6491 0.7727 1.8474 0.4853 3.9631 20.6422 -1.5217 0.4456
Cyclist -1 -1 -1.4482 601.7639 748.7235 674.5255 900.8627 1.7269 0.6983 2.0161 -4.2306 3.4435 19.6962 -1.6625 0.2698
Car -1 -1 -1.2105 209.1135 734.1154 724.1625 1099.3934 1.5157 1.8029 4.0199 -2.7925 2.3566 9.4704 -1.5324 0.9200
Car -1 -1 -1.8287 1339.5366 775.2749 1578.3738 963.4368 1.5233 1.7908 3.7266 5.5489 3.4414 17.1383 -1.4807 0.9174
Car -1 -1 -1.3581 683.6752 760.2368 850.3219 896.1353 1.6147 1.8190 3.9008 -2.9923 3.9548 23.8310 -1.4779 0.7229
Car -1 -1 -0.3118 0.0000 645.3372 343.7834 1216.0000 1.4991 1.8041 3.8829 -2.9703 1.5635 2.6829 -1.4631 0.7104
Car -1 -1 -1.4090 758.5493 776.3021 883.4011 879.7614 1.5330 1.8533 4.1429 -2.7836 4.8433 30.5576 -1.4910 0.5996
Car -1 -1 -1.4835 797.2337 776.9003 888.6204 861.0107 1.5455 1.8606 4.1519 -2.8766 5.5338 37.1438 -1.5506 0.3985
Car -1 -1 -2.6828 1700.6854 673.2496 1936.0000 1216.0000 1.6761 1.8916 3.9591 4.0356 1.8713 3.9688 -1.6765 0.2860
