Pedestrian -1 -1 1.4740 1062.5698 780.5953 1102.5829 880.2517 1.6535 0.6479 0.6193 2.1121 4.4020 26.0898 1.5709 0.5090
Pedestrian -1 -1 -0.6813 740.7921 844.9479 813.0084 1011.5567 1.6826 0.6220 0.5186 -2.0435 4.1799 16.5688 -0.8012 0.2949
Cyclist -1 -1 -1.5957 966.3532 768.6978 1034.7502 919.2103 1.6979 0.8534 1.8606 0.5033 3.6721 19.5949 -1.5566 0.6826
Car -1 -1 -0.8862 0.0000 685.6497 551.3687 1216.0000 1.5027 1.7773 3.8461 -2.7839 1.7797 4.8775 -1.5521 0.9095
Car -1 -1 -1.4741 729.1746 766.5251 855.2480 880.8531 1.4502 1.7582 4.0032 -2.8489 4.0978 25.9489 -1.5769 0.8658
Car -1 -1 -1.9345 1434.3284 745.1931 1850.7410 1032.5065 1.6566 1.9231 4.3248 5.4938 2.8624 12.7455 -1.4759 0.8617
Car -1 -1 -1.3217 599.3207 750.0310 825.0947 928.3490 1.6827 1.8844 4.0786 -3.0511 3.4665 19.2008 -1.4788 0.8231
Car -1 -1 -1.3113 216.4029 732.3945 636.3261 1070.0677 1.6045 1.8411 3.9746 -3.4600 2.5064 10.4834 -1.6630 0.5040
Car -1 -1 -1.5024 736.7400 789.4916 812.9178 863.6592 1.5406 1.8241 4.0901 -5.2325 6.4362 42.3960 -1.6154 0.3121
Car -1 -1 0.9724 0.0000 756.4550 346.2805 954.3011 1.4269 1.7768 4.1447 -8.2678 2.8653 14.6794 0.4298 0.2731
