Pedestrian -1 -1 1.4784 1071.9733 754.6488 1109.5723 846.5257 1.5854 0.6301 0.6464 2.3386 3.9610 27.0538 1.5807 0.4267
Pedestrian -1 -1 0.0179 738.2954 901.2969 790.8585 1050.4797 1.5595 0.6092 0.5863 -2.2574 4.8017 17.2073 -0.1086 0.3374
Cyclist -1 -1 -1.6088 967.4733 756.3148 1036.2012 908.4296 1.7309 0.8509 1.8655 0.5092 3.5320 19.5623 -1.5695 0.6447
Car -1 -1 -0.9585 0.0000 703.5016 614.2589 1216.0000 1.4991 1.7910 3.9066 -2.7668 1.9049 5.7223 -1.5180 0.9310
Car -1 -1 -1.3783 627.6677 752.1957 821.2524 912.4882 1.5836 1.8104 3.8523 -3.0220 3.4408 19.8548 -1.5282 0.8635
Car -1 -1 -1.9215 1409.6963 732.3267 1799.9628 1004.3107 1.7144 1.9382 4.4501 5.5275 2.8523 13.5416 -1.4862 0.8026
Car -1 -1 2.1283 0.0000 792.0323 149.5679 902.2504 1.4590 1.7407 3.8326 -16.8544 4.7500 27.5290 1.5721 0.5158
Car -1 -1 -1.3848 750.4056 775.8059 876.7229 875.5884 1.3968 1.7203 3.7407 -2.7660 4.4958 28.7646 -1.4726 0.2939
Car -1 -1 -1.4051 776.6902 794.2189 885.6302 887.7609 1.5102 1.7701 3.8402 -2.8348 5.5116 33.3487 -1.4801 0.2846
Car -1 -1 0.1700 433.9868 765.3338 661.7277 863.8149 2.2438 2.1814 5.4566 -10.7402 6.0523 39.2190 -0.0917 0.2708
