Pedestrian -1 -1 1.5282 1065.8933 790.1966 1100.0876 876.8917 1.6310 0.6620 0.6665 2.4233 4.9662 29.8227 1.6252 0.5065
Cyclist -1 -1 -1.5249 971.4371 760.2436 1043.9713 908.9666 1.7499 0.8739 1.8854 0.6538 3.6809 20.3566 -1.4790 0.6143
Car -1 -1 -1.1177 9.1294 726.8325 690.4500 1179.8225 1.5204 1.8230 3.9782 -2.8213 2.2031 7.9763 -1.5119 0.9137
Car -1 -1 1.2143 1356.1683 757.6460 1674.0128 970.4324 1.5611 1.8826 4.1640 5.5914 3.1418 15.7023 1.5957 0.8619
Car -1 -1 -1.3848 669.4650 753.5679 840.9864 899.2512 1.6285 1.8083 3.8826 -2.9537 3.7118 22.2228 -1.5131 0.8395
Car -1 -1 -1.4590 754.0901 773.9119 870.1130 875.8008 1.4363 1.7646 4.0265 -2.8215 4.5347 29.0612 -1.5477 0.8382
Car -1 -1 -1.5349 773.4307 783.1237 839.8876 852.1172 1.5899 1.8277 3.8169 -4.6493 6.5994 45.3904 -1.6265 0.3076
Car -1 -1 1.9994 158.1200 766.2585 310.8696 848.7826 1.4754 1.7508 4.0806 -17.3176 5.0589 35.8502 1.5487 0.2500
Car -1 -1 2.0476 0.0000 755.9634 232.6715 875.2180 1.6432 1.9718 4.5426 -15.6559 4.2986 27.9898 1.5308 0.2369
Car -1 -1 -1.2938 431.6991 797.7111 560.7015 884.7111 1.4996 1.8880 4.2361 -11.2253 5.9516 36.3916 -1.5888 0.2367
