Pedestrian -1 -1 1.5269 1063.8796 769.8950 1102.1157 872.4731 1.7427 0.6623 0.6193 2.1657 4.3592 26.6579 1.6241 0.5251
Cyclist -1 -1 -1.6154 965.4907 759.8257 1034.7698 914.9586 1.7694 0.8494 1.8903 0.4889 3.6283 19.6540 -1.5772 0.5845
Car -1 -1 -0.9197 0.0000 705.8704 593.5353 1216.0000 1.4513 1.7603 3.9511 -2.7669 1.8502 5.3494 -1.5212 0.9114
Car -1 -1 -1.9260 1426.1161 740.7940 1815.3521 1008.8229 1.6350 1.8999 4.2222 5.5380 2.8280 13.2046 -1.4793 0.8544
Car -1 -1 -1.3188 607.2112 749.5759 825.2758 914.4878 1.5829 1.8469 4.0690 -3.0812 3.3988 19.6661 -1.4735 0.7765
Car -1 -1 -1.4553 736.3262 773.1846 861.6636 881.4470 1.3800 1.7256 3.8892 -2.7827 4.1910 26.3894 -1.5534 0.7744
Car -1 -1 2.0835 162.0502 776.7955 357.5750 876.9219 1.4906 1.8452 4.1897 -14.3946 4.8555 30.9699 1.6459 0.2465
Car -1 -1 2.2182 0.0000 781.6402 187.2066 902.0453 1.5571 1.8534 4.2139 -16.2679 4.6410 27.2324 1.6726 0.2285
Car -1 -1 -1.5370 742.1876 788.9413 813.2143 863.2161 1.5630 1.8369 4.0426 -5.2008 6.4837 42.7719 -1.6481 0.2094
Car -1 -1 -1.4335 774.5331 795.7991 881.3487 890.8831 1.5046 1.7775 3.8635 -2.8547 5.4760 32.7695 -1.5107 0.2039
