Pedestrian -1 -1 1.7562 304.4875 742.1691 341.1127 820.4661 1.7294 0.6702 0.6577 -14.7692 4.4739 34.6045 1.3517 0.5012
Pedestrian -1 -1 1.4940 944.9788 784.2928 966.6917 840.6428 1.7445 0.6650 0.6845 -0.1794 6.9760 48.7186 1.5032 0.4941
Pedestrian -1 -1 1.4486 1078.4156 744.9297 1126.1422 858.9474 1.6211 0.6441 0.6368 2.0941 3.4339 22.2628 1.5597 0.4348
Cyclist -1 -1 -1.7297 934.7255 751.5134 1019.7474 905.7191 1.6950 0.8171 1.8406 0.1784 3.3851 18.9942 -1.7083 0.5249
Car -1 -1 1.8841 503.6417 740.1848 788.1454 941.1813 1.5345 1.8079 3.9405 -3.1625 2.9139 15.8348 1.6804 0.7729
Car -1 -1 -2.0952 1553.5826 745.9936 1936.0000 1124.7285 1.5651 1.8531 4.1553 5.4671 2.5216 9.6783 -1.5054 0.7152
Car -1 -1 -1.4061 687.7252 769.3181 842.2354 898.3990 1.4332 1.7134 3.7452 -2.8954 3.8174 22.7807 -1.5280 0.6116
Car -1 -1 -0.1014 0.0000 0.0000 1936.0000 1216.0000 1.4880 1.8171 3.8772 -2.7061 1.4700 1.6674 -1.5586 0.4266
Car -1 -1 -1.5558 751.3264 790.5715 852.5771 902.6041 1.5660 1.8321 4.0748 -3.0605 5.0380 29.2346 -1.6518 0.2545
Car -1 -1 -1.5788 984.9339 798.4415 1041.5685 859.5461 1.4923 1.8465 4.2328 1.7816 7.6492 50.9019 -1.5299 0.2462
Car -1 -1 3.2768 416.5397 776.0118 607.5815 858.1593 2.1357 2.1320 5.3351 -13.6210 6.8952 45.6535 2.9936 0.2451
