Pedestrian -1 -1 1.5438 1053.5583 782.1906 1093.8030 889.9250 1.7094 0.6637 0.6309 1.8788 4.3791 25.0460 1.6347 0.4125
Pedestrian -1 -1 1.5164 954.6412 812.1610 975.4540 865.5468 1.7508 0.6943 0.6548 0.1285 8.2766 51.7737 1.5324 0.2972
Pedestrian -1 -1 -0.1984 1182.1323 781.2907 1244.1455 946.3777 1.6050 0.6267 0.5319 2.5958 3.2538 15.4508 -0.0061 0.2959
Cyclist -1 -1 -1.5697 954.3700 763.8682 1025.1443 913.6497 1.6842 0.8812 1.9019 0.3864 3.5927 19.5722 -1.5371 0.5878
Car -1 -1 -1.4464 710.5205 767.5076 851.0491 892.9157 1.5440 1.8132 3.9601 -2.9172 4.1121 24.9366 -1.5568 0.9107
Car -1 -1 -2.0230 1444.8317 756.4747 1936.0000 1065.1017 1.5902 1.9571 4.4377 5.4677 2.8335 11.8783 -1.5350 0.8487
Car -1 -1 -1.2958 571.3828 758.2558 812.9604 938.7401 1.5789 1.8530 4.0949 -3.1483 3.4070 18.3669 -1.4666 0.8277
Car -1 -1 -0.6782 0.0000 655.5808 529.7291 1216.0000 1.6067 1.8493 3.9761 -2.7611 1.7296 3.9393 -1.4950 0.6779
Car -1 -1 -1.5624 768.9017 781.3279 855.9549 872.9808 1.3969 1.7122 3.7954 -3.0931 4.8913 31.4460 -1.6518 0.4019
Car -1 -1 -1.5188 724.0298 790.8659 799.3845 866.7916 1.5428 1.8227 3.9944 -5.4771 6.3691 41.4314 -1.6408 0.2213
