Pedestrian -1 -1 1.4998 1054.9424 784.3185 1100.0610 901.0099 1.7570 0.6801 0.6573 1.8425 4.3271 23.7723 1.5935 0.5475
Pedestrian -1 -1 1.7450 332.8246 749.2314 367.6085 824.2911 1.7215 0.6679 0.6810 -14.7214 4.7515 36.0400 1.3574 0.3680
Pedestrian -1 -1 1.5243 946.5969 796.7162 966.7806 849.0397 1.6708 0.6578 0.6616 -0.1565 7.4948 50.3469 1.5343 0.3274
Pedestrian -1 -1 -1.3517 1633.8733 664.0128 1813.9633 1069.0408 1.8286 0.6351 0.5623 3.6992 2.0295 7.2569 -0.7828 0.2863
Cyclist -1 -1 -1.5918 956.7682 772.2386 1029.6129 928.4825 1.6890 0.8779 1.9547 0.3973 3.6581 19.0028 -1.5578 0.6628
Car -1 -1 -1.4363 698.4236 771.3262 844.2801 899.6552 1.5142 1.7904 3.8610 -2.9586 4.0578 24.0319 -1.5533 0.9100
Car -1 -1 -2.0886 1482.7657 765.7080 1936.0000 1092.1481 1.5128 1.8525 4.1789 5.4175 2.7310 10.8392 -1.5611 0.8814
Car -1 -1 -1.2961 545.3633 749.0963 809.9039 949.1206 1.6598 1.9044 4.2881 -3.1187 3.2893 17.3963 -1.4760 0.8596
Car -1 -1 -0.5616 0.0000 541.7570 403.4862 1216.0000 1.6691 1.9270 4.3765 -2.6433 1.6429 2.7311 -1.6524 0.7458
Car -1 -1 -1.2385 86.0672 749.1618 631.8174 1149.5149 1.4441 1.7824 3.9331 -3.1217 2.3318 8.6646 -1.6324 0.5837
Car -1 -1 -1.5162 759.7725 786.5886 856.5490 880.6631 1.3720 1.7214 3.9268 -3.0744 4.9024 30.6580 -1.6076 0.3487
