Pedestrian -1 -1 1.4735 945.7620 787.3002 968.4669 842.6664 1.7504 0.6999 0.7298 -0.1415 7.2214 49.9846 1.4837 0.5657
Pedestrian -1 -1 1.7943 326.7423 740.9194 363.4433 815.9050 1.7169 0.6825 0.6643 -14.7520 4.5253 35.8146 1.4032 0.5222
Pedestrian -1 -1 1.4681 1060.4514 767.8965 1108.6333 886.4609 1.7429 0.6861 0.7127 1.9070 3.9960 23.2043 1.5666 0.4241
Cyclist -1 -1 -1.6868 945.2108 760.2753 1023.2662 910.2554 1.6650 0.8166 1.8869 0.2734 3.5042 19.3405 -1.6602 0.5447
Car -1 -1 -1.4178 694.1682 766.7673 842.6368 893.7446 1.4984 1.7625 3.7328 -2.9754 3.9339 23.7774 -1.5372 0.8990
Car -1 -1 -2.0829 1489.2172 755.9944 1936.0000 1103.9838 1.6008 1.9258 4.2532 5.4280 2.7228 10.6491 -1.5459 0.8975
Car -1 -1 -1.2907 531.1311 747.9417 798.9278 949.1094 1.6433 1.8917 4.1409 -3.1890 3.2181 16.9916 -1.4799 0.8668
Car -1 -1 -0.4346 0.0000 570.1544 404.6420 1216.0000 1.5588 1.9075 4.3227 -2.7270 1.5422 2.6191 -1.5741 0.7578
Car -1 -1 -1.5743 761.8458 770.5459 854.4949 868.3894 1.4728 1.7470 3.7107 -3.0790 4.6014 30.1920 -1.6678 0.3997
Car -1 -1 -1.3052 0.0000 728.8193 504.6545 1145.6454 1.5244 1.7725 3.8842 -3.7363 2.2657 8.5868 -1.7725 0.3604
Car -1 -1 2.1424 0.0000 747.8619 124.0262 850.1761 1.4216 1.6771 3.8454 -17.2121 3.8264 27.3234 1.5708 0.3517
Car -1 -1 0.1432 434.9689 778.1766 633.2119 854.9879 2.0502 2.1063 5.7287 -13.3121 7.0043 46.9288 -0.1261 0.2942
