Pedestrian -1 -1 1.4922 943.7256 781.7893 966.8604 840.8660 1.7898 0.6924 0.7303 -0.1936 6.8411 47.7593 1.5011 0.5080
Pedestrian -1 -1 1.3636 1082.6748 749.0991 1137.3297 871.9200 1.6604 0.6634 0.6508 2.1117 3.4578 21.2872 1.4803 0.4493
Pedestrian -1 -1 1.7986 271.8757 738.1043 310.5786 818.6536 1.7307 0.6661 0.6424 -15.0401 4.3014 33.5789 1.3754 0.2970
Cyclist -1 -1 -1.6964 930.6251 760.4163 1004.4058 908.3526 1.5875 0.7197 1.8102 0.0569 3.3680 18.7085 -1.6818 0.6159
Car -1 -1 -1.4097 674.2089 764.4858 837.0484 898.3178 1.4266 1.7455 3.8658 -2.9205 3.6624 21.9917 -1.5380 0.9042
Car -1 -1 -1.2541 485.9370 744.3235 780.1293 955.2736 1.5300 1.7863 3.8521 -3.1412 2.8985 15.1283 -1.4670 0.7782
Car -1 -1 -2.1396 1597.5092 749.4510 1936.0000 1153.7916 1.5497 1.7987 3.9016 5.4457 2.4632 8.9666 -1.5101 0.6171
Car -1 -1 -1.5947 737.2491 765.2975 838.8268 874.9774 1.5442 1.7750 3.8061 -3.2959 4.3789 28.1895 -1.7041 0.3548
Car -1 -1 -1.6004 976.7646 792.2787 1033.1605 854.7924 1.5588 1.8116 3.9924 1.4290 7.3852 50.0478 -1.5581 0.3457
Car -1 -1 -1.4745 656.0135 764.8099 753.3249 853.7510 1.5158 1.7709 3.9350 -5.7455 4.8735 33.8675 -1.6361 0.3170
