Pedestrian -1 -1 1.3973 1077.7765 746.6301 1135.1646 880.9678 1.7085 0.6651 0.7038 1.9416 3.3719 20.0628 1.5118 0.5621
Pedestrian -1 -1 1.5474 936.3771 787.5856 957.8077 844.8927 1.6946 0.6586 0.6510 -0.4426 6.7828 46.4391 1.5507 0.4575
Pedestrian -1 -1 1.7420 231.9477 744.4656 269.2879 823.3848 1.6224 0.6312 0.6379 -15.3571 4.2385 32.3271 1.2952 0.2687
Pedestrian -1 -1 2.8981 1107.6233 760.9705 1166.5773 904.3426 1.7267 0.6218 0.6214 2.2288 3.4870 19.0029 3.0347 0.1902
Cyclist -1 -1 -1.6725 923.9178 757.6654 994.6547 914.5325 1.6542 0.7009 1.8477 -0.0453 3.3664 18.3342 -1.6638 0.7603
Cyclist -1 -1 1.6608 193.3223 754.9242 228.6026 822.8544 1.8235 0.7783 1.9083 -22.6252 5.8361 45.1192 1.1983 0.1805
Car -1 -1 -1.4080 650.2845 757.9072 826.4415 904.1912 1.5044 1.8018 3.9977 -3.0241 3.5580 21.0698 -1.5480 0.8619
Car -1 -1 -1.3040 450.0109 716.2216 771.8369 962.8674 1.7436 1.9325 4.2905 -3.1405 2.7546 14.3717 -1.5297 0.6916
Car -1 -1 1.9793 0.0000 814.4498 169.4384 931.4318 1.5811 1.9314 4.2084 -17.5244 5.6122 29.5911 1.4410 0.2161
Car -1 -1 -1.5590 983.9932 795.2449 1055.8469 873.3566 1.5066 1.8020 3.9558 1.6047 6.2658 39.7464 -1.5046 0.2130
