Pedestrian -1 -1 1.5137 1067.0570 776.4099 1109.2566 888.9177 1.7534 0.6642 0.6101 2.0730 4.2666 24.4860 1.6147 0.4794
Pedestrian -1 -1 -3.1027 1193.6707 762.3787 1253.7750 946.0669 1.7168 0.6190 0.5497 2.6181 3.1195 14.8911 -2.9016 0.3654
Pedestrian -1 -1 1.5390 963.1854 807.3190 983.3200 860.3337 1.7245 0.6777 0.6416 0.4080 8.0097 51.2011 1.5604 0.3070
Cyclist -1 -1 -1.5997 956.1504 769.1130 1031.3575 922.1635 1.6926 0.9230 1.9206 0.4035 3.6481 19.3150 -1.5657 0.6028
Car -1 -1 -1.4338 705.4035 772.7090 848.9038 898.5062 1.5140 1.7929 3.9160 -2.9392 4.1438 24.6278 -1.5467 0.9136
Car -1 -1 -2.0667 1459.9608 760.1532 1936.0000 1081.9604 1.5722 1.9278 4.3672 5.4527 2.7970 11.3467 -1.5585 0.8976
Car -1 -1 -1.2987 559.6920 764.3831 813.6836 951.4457 1.5513 1.8794 4.3713 -3.1376 3.4466 18.0515 -1.4721 0.8650
Car -1 -1 -0.6370 0.0000 650.8836 510.2710 1216.0000 1.6264 1.8714 4.0508 -2.7273 1.7251 3.6069 -1.5161 0.7355
Car -1 -1 -1.5331 763.4882 786.3633 854.2723 877.1037 1.3521 1.7006 3.8102 -3.1165 4.9272 31.1634 -1.6242 0.3655
Car -1 -1 -1.4323 701.5147 782.0651 794.3879 862.1095 1.5440 1.8085 3.9668 -5.4519 5.8151 38.6502 -1.5638 0.3442
Car -1 -1 0.2228 449.8169 766.4558 636.7419 844.4791 2.2007 2.2165 5.3918 -13.2896 6.8425 47.8192 -0.0411 0.3215
Car -1 -1 -1.2896 121.6193 732.5645 589.9999 1102.7361 1.5231 1.7674 3.7681 -3.4471 2.3333 9.2783 -1.6902 0.2731
