Pedestrian -1 -1 1.4963 1110.5267 766.3869 1176.1624 936.6177 1.6609 0.6420 0.6159 1.8758 3.1554 15.4668 1.6388 0.5510
Pedestrian -1 -1 -0.2057 80.8972 732.3503 128.1042 827.0068 1.6665 0.6375 0.6406 -15.9299 3.6968 27.8045 -0.7346 0.2747
Pedestrian -1 -1 1.6753 87.6275 774.7136 121.1277 847.3343 1.7759 0.6743 0.9099 -22.5705 5.7784 39.4012 1.1554 0.2255
Pedestrian -1 -1 1.4525 958.8332 793.7061 984.9557 859.2873 1.7325 0.6644 0.6377 0.2934 6.4745 41.6586 1.4727 0.2107
Cyclist -1 -1 -1.5108 911.7888 749.0067 986.8902 916.1268 1.6816 0.7434 1.8014 -0.1164 3.1973 17.3409 -1.5069 0.6407
Cyclist -1 -1 1.7937 60.0330 772.9570 110.6216 848.9854 1.7395 0.7562 1.8122 -22.8292 5.6980 39.0037 1.2641 0.2913
Cyclist -1 -1 -0.2454 73.1441 731.1060 136.9128 829.6017 1.7154 0.6845 0.8849 -15.9121 3.7287 27.7937 -0.7739 0.1174
Car -1 -1 -1.2289 239.2348 725.6815 703.6251 1056.8948 1.5867 1.8522 3.9837 -3.1004 2.4232 10.3999 -1.5491 0.8432
Car -1 -1 -1.3547 564.9084 777.2401 785.9926 947.8756 1.3506 1.7066 3.8102 -3.1519 3.3012 17.2170 -1.5387 0.7622
Car -1 -1 -1.4244 672.2941 770.1019 821.5180 894.8217 1.4437 1.7747 3.9634 -3.3338 3.9620 23.9433 -1.5583 0.3074
Car -1 -1 1.8869 152.8421 765.1262 349.7006 887.2379 1.5657 1.8953 4.5487 -12.6672 4.3213 27.0103 1.4427 0.1967
Car -1 -1 -1.6713 582.2828 761.5351 697.8986 869.3143 1.6446 1.9323 4.1324 -6.6836 4.6672 30.8187 -1.8809 0.1948
