Pedestrian -1 -1 1.4836 1101.9592 756.2429 1161.1942 907.9430 1.6155 0.6213 0.6264 1.9090 3.1216 16.8198 1.6170 0.6524
Pedestrian -1 -1 2.8423 119.7927 734.8304 170.2782 823.1165 1.6224 0.6133 0.7110 -15.8921 3.7974 29.1180 2.3356 0.3844
Pedestrian -1 -1 1.8157 115.2081 778.9433 150.9126 847.8492 1.7652 0.6917 0.7397 -22.5638 6.0090 40.7522 1.3112 0.2416
Cyclist -1 -1 -1.6265 907.0654 750.1376 975.5497 913.6525 1.6709 0.7233 1.8438 -0.2564 3.2293 17.6666 -1.6311 0.5852
Cyclist -1 -1 2.8108 913.2589 810.0402 985.5459 871.8834 1.5807 0.7406 1.9362 -0.3410 6.9663 42.8403 2.8158 0.4993
Cyclist -1 -1 3.0083 125.1182 734.3261 177.2331 825.5445 1.6728 0.6536 0.8094 -15.7832 3.8416 29.1357 2.5049 0.1048
Car -1 -1 -1.2598 313.3599 727.5958 721.8893 1026.3407 1.6059 1.8639 4.0410 -3.1328 2.5344 11.4812 -1.5495 0.8721
Car -1 -1 -1.3937 591.5466 762.2831 793.9355 930.8043 1.4971 1.7767 3.7639 -3.1495 3.3468 18.2473 -1.5659 0.8193
Car -1 -1 -1.4618 686.0739 774.6279 819.9626 894.1126 1.4117 1.7361 3.9793 -3.3507 4.0864 24.7068 -1.5916 0.3701
Car -1 -1 0.3668 162.2677 796.5129 425.3260 894.2149 1.6312 1.8952 4.3921 -13.1877 5.1677 29.7560 -0.0523 0.2532
Car -1 -1 -1.5821 971.1337 791.6209 1030.4292 857.6930 1.5315 1.7577 3.7781 1.2257 6.8993 46.2344 -1.5419 0.2113
