Pedestrian -1 -1 1.4437 1089.5308 761.7385 1148.1156 906.9211 1.6593 0.6383 0.6066 1.8872 3.3314 17.9695 1.5676 0.5333
Pedestrian -1 -1 2.7386 152.3694 742.7979 207.7701 832.3494 1.6901 0.6256 0.8053 -15.7092 4.1015 30.0765 2.2518 0.3283
Pedestrian -1 -1 1.0960 965.0137 793.8580 995.0411 858.9553 1.7948 0.6614 0.6511 0.5495 6.8081 43.9356 1.1219 0.2301
Cyclist -1 -1 -1.5299 917.2115 754.4953 988.9156 910.6737 1.6230 0.7680 1.8042 -0.0776 3.2613 17.9855 -1.5234 0.7036
Cyclist -1 -1 0.3182 924.0752 793.4913 993.5308 859.4362 1.7610 0.8254 1.8864 -0.0710 6.8212 44.1888 0.3297 0.2966
Cyclist -1 -1 2.9377 116.1345 739.8467 217.6802 835.3770 1.7386 0.7465 1.6826 -15.9440 4.1106 30.0323 2.4440 0.2858
Cyclist -1 -1 1.8582 131.0296 771.8790 181.1245 842.8293 1.7888 0.7894 1.7415 -22.8678 6.0577 42.5007 1.3663 0.2394
Car -1 -1 -1.4468 629.2190 756.0273 807.4775 920.0562 1.5548 1.7782 3.8100 -3.0029 3.4073 19.1950 -1.6015 0.9120
Car -1 -1 -1.2598 379.2121 735.5288 744.4046 1005.8893 1.5854 1.8273 3.8227 -3.0641 2.6416 12.3230 -1.5215 0.7950
Car -1 -1 -1.4854 701.2404 769.9794 823.8561 883.8924 1.4394 1.7437 3.7931 -3.3411 4.1235 25.7378 -1.6089 0.2870
Car -1 -1 1.9779 0.0000 739.1061 85.9901 816.9211 1.5381 1.8364 4.3284 -24.4565 4.6562 38.5453 1.4101 0.2569
