Pedestrian -1 -1 1.4494 1118.1553 754.5296 1189.2080 931.4536 1.6671 0.6429 0.6210 1.9068 2.9846 14.8792 1.5996 0.5796
Pedestrian -1 -1 1.4965 948.1708 795.9370 974.0309 860.5530 1.6736 0.6685 0.6758 -0.0074 6.4021 40.9854 1.5093 0.3687
Pedestrian -1 -1 3.2097 40.2688 741.8782 94.9212 837.7115 1.6367 0.6362 0.8158 -16.2214 3.7980 27.1591 2.6621 0.3371
Pedestrian -1 -1 1.7646 81.0305 771.3263 117.4462 843.6049 1.7786 0.6941 0.7539 -22.5723 5.6598 39.1687 1.2418 0.2840
Pedestrian -1 -1 1.4774 922.5762 795.3172 948.5942 861.3131 1.6973 0.6563 0.6675 -0.7018 6.3777 40.7066 1.4727 0.2313
Cyclist -1 -1 -1.5206 900.8989 743.8228 980.7515 911.3012 1.6899 0.8152 1.8874 -0.2135 3.1517 17.4186 -1.5228 0.6068
Cyclist -1 -1 3.1511 30.4476 739.6761 92.6401 840.1912 1.7047 0.6709 0.9560 -16.3082 3.8268 27.1152 2.6004 0.1472
Car -1 -1 -1.3894 551.3467 768.5858 774.0797 951.4272 1.4283 1.7525 3.8986 -3.1922 3.2231 16.7206 -1.5822 0.8578
Car -1 -1 -1.1917 199.5797 727.7780 690.1385 1068.6718 1.5298 1.7831 3.8062 -3.0836 2.3383 9.8164 -1.5316 0.8528
Car -1 -1 -1.4313 668.0936 762.1113 820.7343 892.6127 1.5047 1.8003 4.0273 -3.3055 3.8462 23.5022 -1.5669 0.2816
Car -1 -1 -1.6817 965.9035 788.3069 1039.4574 860.5439 1.6243 1.8262 3.9244 1.1938 6.7399 44.7943 -1.6414 0.2655
Car -1 -1 -1.5748 981.8306 785.7443 1064.3572 875.4710 1.4501 1.7222 3.8314 1.3895 5.2258 33.1461 -1.5188 0.2483
Car -1 -1 1.7398 568.8889 772.2587 693.1630 874.0191 1.5749 1.8500 4.0434 -6.7965 4.8486 31.1644 1.5293 0.2462
Car -1 -1 1.9098 127.5832 753.6263 318.0459 867.8741 1.6357 1.9107 4.6409 -14.3037 4.3642 29.2787 1.4506 0.2408
