Pedestrian -1 -1 1.4520 1087.2024 767.4707 1145.3125 912.6847 1.7027 0.6546 0.6221 1.9071 3.4924 18.4601 1.5739 0.5641
Pedestrian -1 -1 1.5000 934.5179 795.7090 957.5226 853.9781 1.6574 0.6544 0.6317 -0.4597 6.8191 44.8532 1.5026 0.3802
Pedestrian -1 -1 1.4749 959.7192 796.4904 983.1506 854.9915 1.6508 0.6474 0.6429 0.3006 6.8044 44.5693 1.4948 0.2842
Pedestrian -1 -1 -0.4489 1771.6302 748.2737 1936.0000 1082.0382 1.5300 0.6495 0.7030 4.5709 2.1832 7.5292 0.1971 0.2266
Cyclist -1 -1 -1.5655 925.0130 762.9419 987.4295 917.5621 1.5978 0.7128 1.8015 -0.0453 3.3408 17.9766 -1.5570 0.7460
Cyclist -1 -1 1.7172 153.5137 766.6005 194.5753 839.7159 1.8534 0.7656 1.9409 -22.6165 6.0258 42.9910 1.2348 0.2501
Car -1 -1 -1.4375 635.6465 758.5079 810.8638 914.5947 1.5094 1.7619 3.8407 -3.0239 3.4435 19.7114 -1.5886 0.8964
Car -1 -1 -1.2929 400.2309 732.7677 753.1920 1000.3071 1.6300 1.8828 4.0709 -3.0634 2.7045 12.8344 -1.5427 0.8733
Car -1 -1 -1.4914 705.1960 772.3444 827.9839 888.2142 1.4779 1.7904 3.9365 -3.3254 4.2562 26.1758 -1.6118 0.2630
Car -1 -1 2.0225 0.0000 742.0434 108.1347 827.1251 1.7080 1.9536 4.7058 -24.4734 4.9700 39.1973 1.4628 0.2144
Car -1 -1 -1.1967 1317.6620 772.9234 1430.9105 842.7885 1.5920 1.8166 4.3847 12.7625 6.3766 46.0513 -0.9071 0.2106
