Pedestrian -1 -1 1.4367 1083.1488 746.2329 1138.7003 884.4667 1.7300 0.6528 0.6756 1.9613 3.3531 19.6611 1.5544 0.6744
Pedestrian -1 -1 1.5568 936.8286 790.3832 957.4553 846.6964 1.6466 0.6287 0.6234 -0.4340 6.7600 45.8935 1.5601 0.4712
Pedestrian -1 -1 1.8479 222.7953 739.2355 263.7089 818.8285 1.6274 0.6438 0.6260 -15.3531 4.1009 31.9872 1.3966 0.3643
Cyclist -1 -1 -1.6832 923.8490 761.0037 992.6744 914.6086 1.5980 0.6561 1.7449 -0.0555 3.3236 18.0581 -1.6752 0.7581
Cyclist -1 -1 2.4961 1587.4957 809.6034 1668.4401 879.6898 1.8115 0.8276 1.9900 18.9221 7.1303 42.4566 2.9378 0.2713
Cyclist -1 -1 1.6086 185.4278 764.7921 217.5896 837.2162 1.9063 0.7740 2.0114 -22.6443 6.1786 44.5942 1.1414 0.2095
Car -1 -1 -1.2980 448.8425 722.3075 765.8990 959.2260 1.6134 1.8487 4.0181 -3.0841 2.6530 13.9138 -1.5281 0.8868
Car -1 -1 -1.4183 647.1776 752.1202 817.4615 896.4064 1.4810 1.7396 3.8172 -3.0520 3.4001 20.6424 -1.5633 0.8702
Car -1 -1 -1.5447 636.3927 766.6450 723.6075 857.0290 1.4464 1.7187 3.7495 -5.9867 4.6806 32.1377 -1.7236 0.3868
Car -1 -1 -1.6394 706.0707 751.3657 825.3666 874.3189 1.6754 1.8807 4.1478 -3.6249 4.1594 27.1559 -1.7663 0.2927
Car -1 -1 -1.5432 983.3760 794.7388 1058.1892 873.7975 1.5113 1.8015 3.9463 1.6150 6.2173 39.3963 -1.4881 0.2505
