Pedestrian -1 -1 1.4563 1125.1069 755.8920 1199.8640 940.7696 1.6616 0.6486 0.6887 1.9159 2.9461 14.3056 1.6132 0.5732
Pedestrian -1 -1 1.5431 947.8658 796.1902 972.9025 861.8247 1.6795 0.6661 0.6659 -0.0267 6.3422 40.3693 1.5554 0.3221
Pedestrian -1 -1 1.5199 923.6101 796.4246 949.0842 862.6914 1.6853 0.6589 0.6195 -0.6701 6.3172 40.0556 1.5157 0.2226
Pedestrian -1 -1 2.9645 0.0000 725.4523 97.6815 832.0879 1.7272 0.7442 1.5577 -16.2907 3.5649 26.5302 2.4033 0.1003
Cyclist -1 -1 -1.5107 906.2509 734.7310 994.4375 905.9037 1.7338 0.8902 1.8853 -0.1000 3.0802 17.3615 -1.5059 0.6430
Cyclist -1 -1 3.0710 0.0000 724.6826 98.1152 832.2866 1.7207 0.7946 1.9836 -16.4920 3.5504 26.5115 2.5038 0.3326
Car -1 -1 -1.1804 147.4225 716.5259 680.4155 1083.2003 1.5807 1.8184 3.9450 -3.1120 2.2822 9.4479 -1.5382 0.8610
Car -1 -1 -1.3913 552.7392 760.4166 781.8120 949.0212 1.4502 1.7641 3.8055 -3.0302 3.0878 16.1587 -1.5815 0.8225
Car -1 -1 -1.5800 999.2404 787.2052 1082.7352 877.5682 1.4426 1.7044 3.6058 1.7344 5.1566 32.3702 -1.5118 0.4231
Car -1 -1 1.9199 118.5980 734.8290 325.3359 853.9578 1.5532 1.8422 4.3986 -12.7016 3.6337 26.0130 1.4574 0.3459
Car -1 -1 -1.4343 660.4488 776.8746 811.1996 903.2907 1.3773 1.7446 3.9155 -3.3644 3.9113 22.9730 -1.5760 0.2920
Car -1 -1 3.4513 53.8694 765.0157 356.0104 881.8068 1.9785 2.1594 5.0458 -15.1804 4.9554 30.3079 2.9837 0.2514
