Pedestrian -1 -1 1.5250 1181.8871 756.4162 1283.4818 1032.4485 1.6257 0.6182 0.7205 1.7377 2.5061 9.6034 1.7409 0.6618
Pedestrian -1 -1 1.4958 950.4980 823.4617 980.2071 898.6912 1.6564 0.6581 0.5966 0.0925 6.3349 34.9183 1.5117 0.5592
Pedestrian -1 -1 1.5106 920.1489 822.9615 949.3047 898.4274 1.6633 0.6534 0.5774 -0.6220 6.3259 34.8950 1.5054 0.4429
Pedestrian -1 -1 1.5555 866.5125 836.4952 886.2414 892.2015 1.7005 0.6310 0.5525 -2.7359 8.5599 48.1835 1.5114 0.3880
Pedestrian -1 -1 0.3335 9.5086 701.4575 131.1211 973.9891 1.7215 0.6027 0.5550 -5.9503 2.2526 10.0123 -0.2585 0.2914
Cyclist -1 -1 -1.6431 844.5491 790.8975 944.6938 981.9746 1.7219 0.9608 1.9250 -0.7541 3.6368 16.2408 -1.6818 0.6139
Car -1 -1 -0.7948 0.0000 678.3559 518.2692 1216.0000 1.5480 1.7909 3.8855 -3.1970 1.8095 5.2941 -1.4723 0.8438
Car -1 -1 -1.2615 335.7316 756.0481 722.9000 1032.0312 1.4833 1.8343 4.2238 -3.2561 2.7414 12.2070 -1.5417 0.6727
Car -1 -1 2.1572 52.7527 789.7685 306.1005 919.5669 1.4893 1.7841 3.9631 -12.6276 4.4130 24.4581 1.6724 0.2415
Car -1 -1 -2.5633 145.5873 781.4683 552.7090 948.9224 1.5936 1.8354 4.1759 -7.2512 3.6003 17.8917 -2.9624 0.1886
