Pedestrian -1 -1 1.5287 949.0593 793.6284 977.0104 865.4578 1.6788 0.6700 0.6433 0.0405 5.8727 36.8389 1.5427 0.5874
Pedestrian -1 -1 1.4207 1152.7672 711.5623 1255.0775 961.7852 1.7449 0.6623 0.7647 1.7872 2.4110 11.0980 1.6111 0.4901
Pedestrian -1 -1 1.6118 869.9967 789.3533 891.6314 843.7210 1.7160 0.6812 0.7729 -2.6833 7.2490 49.9270 1.5701 0.4046
Pedestrian -1 -1 1.5083 922.4594 793.4592 950.0338 864.6344 1.6705 0.6517 0.5756 -0.6195 5.8613 36.8714 1.5038 0.2638
Pedestrian -1 -1 0.3529 420.6662 753.9249 504.9883 882.7162 1.5148 0.6563 0.8224 -6.1906 3.1487 18.6004 0.0206 0.2217
Cyclist -1 -1 -1.5867 870.1840 741.8617 957.7470 922.6213 1.7413 0.9189 1.9382 -0.5346 3.1222 16.6693 -1.6105 0.6963
Car -1 -1 -0.9890 0.0000 686.1973 596.5711 1216.0000 1.6098 1.8571 4.1129 -3.1677 1.9716 6.7208 -1.5157 0.9230
Car -1 -1 -1.3508 452.6812 748.7673 744.9190 985.4088 1.5111 1.7687 3.8543 -3.0885 2.7923 13.5253 -1.5882 0.8358
Car -1 -1 2.2589 0.0000 824.9408 230.0006 959.6398 1.5128 1.8739 4.2010 -14.7292 5.2374 25.6212 1.7308 0.3419
Car -1 -1 1.9126 602.4923 792.6906 721.6240 872.2590 1.4834 1.7756 3.9735 -7.6970 6.0762 38.8334 1.7243 0.2315
