Pedestrian -1 -1 1.5024 1143.5056 714.1575 1230.1619 949.0577 1.7311 0.6419 0.6873 1.7513 2.4509 11.6836 1.6796 0.6647
Pedestrian -1 -1 1.5928 948.6197 795.3835 975.2200 864.8167 1.6349 0.6398 0.6749 0.0190 5.9240 37.2738 1.6062 0.4496
Pedestrian -1 -1 1.5548 921.9434 794.9448 947.3109 862.7222 1.6169 0.6306 0.5846 -0.6687 5.9121 37.4747 1.5492 0.3191
Pedestrian -1 -1 1.5926 869.2560 798.1936 889.6902 851.9528 1.7072 0.6616 0.7454 -2.7496 7.5819 50.3164 1.5501 0.2899
Cyclist -1 -1 -1.5583 877.6766 742.7617 963.5017 920.3999 1.7289 0.9082 1.9090 -0.4349 3.1268 16.7806 -1.5754 0.6703
Car -1 -1 -1.3777 469.0609 750.7737 745.0090 983.0291 1.5245 1.7868 3.8489 -3.1109 2.8589 13.8954 -1.6095 0.8898
Car -1 -1 -1.0077 0.0000 689.6198 617.8840 1216.0000 1.6250 1.8606 4.0903 -3.1787 2.0274 7.1914 -1.4991 0.8712
Car -1 -1 -2.6887 1596.5342 673.1304 1936.0000 1216.0000 1.5696 1.8229 4.0886 3.3509 1.7472 3.3934 -1.6526 0.4673
Car -1 -1 2.0098 0.0000 737.2184 137.2872 874.7147 1.5778 1.8763 4.3143 -14.6233 3.4853 23.1297 1.4319 0.4314
Car -1 -1 -1.3826 620.4426 786.2645 714.7844 861.4059 1.4954 1.7570 3.7703 -7.7476 5.9891 39.7574 -1.5677 0.3766
