Pedestrian -1 -1 1.5174 1143.7938 727.6732 1223.4296 939.0890 1.6998 0.6560 0.7656 1.8994 2.6118 12.8506 1.6908 0.5219
Pedestrian -1 -1 1.4749 920.3951 806.6282 948.0246 874.2589 1.6439 0.6632 0.5900 -0.6980 6.3546 38.4365 1.4693 0.4814
Pedestrian -1 -1 1.4845 948.5952 807.1993 976.2498 874.1466 1.6328 0.6704 0.6330 0.0270 6.3875 38.6642 1.4982 0.4557
Pedestrian -1 -1 1.5109 872.1076 790.2020 892.6033 846.3054 1.8237 0.6687 0.7105 -2.7083 7.5350 51.2807 1.4703 0.3649
Cyclist -1 -1 -1.5509 885.4513 736.5318 963.9028 903.6779 1.6829 0.8493 1.9063 -0.3981 3.0449 17.2892 -1.5649 0.6914
Cyclist -1 -1 1.7327 599.6822 769.7402 655.4260 876.0632 1.7465 0.7200 1.9182 -6.2757 4.5729 28.2046 1.5167 0.2227
Car -1 -1 -1.3701 491.1753 754.8215 755.5583 967.7374 1.4729 1.7871 3.9493 -3.1607 2.9289 14.7673 -1.5901 0.8813
Car -1 -1 -1.0385 0.0000 674.2486 660.9018 1138.7911 1.7039 1.8904 4.0847 -3.1537 2.0402 8.0639 -1.4705 0.8458
Car -1 -1 3.4963 0.0000 747.1302 313.8602 874.3344 2.1054 2.1695 5.3163 -15.6654 4.5963 29.0153 2.9960 0.3494
Car -1 -1 1.9499 53.0620 724.3660 288.1115 851.8201 1.6115 1.9539 4.4867 -12.9795 3.4230 24.8964 1.4588 0.3077
