Pedestrian -1 -1 1.5000 1135.8439 741.1284 1211.5319 938.1785 1.6527 0.6378 0.6386 1.8805 2.7136 13.3014 1.6659 0.6241
Pedestrian -1 -1 1.5317 949.6557 803.5562 976.8115 874.8669 1.7674 0.6932 0.6660 0.0484 6.4815 39.1176 1.5461 0.4200
Pedestrian -1 -1 1.5058 920.7288 804.3262 948.1393 875.3483 1.7471 0.6795 0.6217 -0.6991 6.4436 38.8091 1.5004 0.3501
Pedestrian -1 -1 1.5458 873.2365 787.2809 892.1980 841.3959 1.7903 0.6482 0.6352 -2.7250 7.4561 51.8412 1.5054 0.2975
Pedestrian -1 -1 1.8888 21.6507 771.7687 62.7976 849.1058 1.8171 0.6823 0.7170 -22.8502 5.5118 37.1913 1.3367 0.2602
Pedestrian -1 -1 0.3171 65.7247 649.3575 260.4923 1201.3256 1.7826 0.5801 0.4977 -2.7585 1.8736 5.2112 -0.2992 0.2564
Cyclist -1 -1 -1.5963 893.0760 740.6910 965.5714 906.7872 1.6707 0.7950 1.8964 -0.3866 3.0885 17.3476 -1.6094 0.7301
Car -1 -1 -1.3333 486.7690 747.7919 758.0524 960.1458 1.5525 1.8041 3.9784 -3.2784 2.9711 15.2580 -1.5532 0.8644
Car -1 -1 -1.0976 5.2146 686.5665 671.2014 1111.4331 1.6672 1.8898 4.1025 -3.1408 2.1088 8.5957 -1.4989 0.8237
Car -1 -1 2.1702 0.0000 741.0179 76.5637 868.1025 1.4981 1.8453 4.2743 -16.1895 3.5058 23.7069 1.5569 0.2387
Car -1 -1 1.9617 57.8103 721.0309 295.7961 848.3547 1.6344 1.9764 4.5233 -12.9728 3.3979 25.0865 1.4741 0.2256
Car -1 -1 3.4871 37.1867 758.9319 304.7254 861.2960 1.6991 1.9408 4.2431 -15.4196 4.4466 29.3913 2.9988 0.1981
