Pedestrian -1 -1 1.4890 1127.3754 748.6787 1201.1024 934.1085 1.6240 0.6429 0.6360 1.8774 2.8024 13.8952 1.6475 0.6249
Pedestrian -1 -1 1.5143 949.7117 807.7148 976.8522 877.5150 1.7523 0.6925 0.6730 0.0505 6.6522 39.7309 1.5287 0.4274
Pedestrian -1 -1 1.5104 912.0712 810.2285 939.3033 879.6985 1.7440 0.6929 0.6090 -0.9454 6.6954 39.6245 1.4991 0.3187
Pedestrian -1 -1 3.2865 3.5215 736.6002 65.7607 839.3772 1.6979 0.6644 0.8459 -16.2339 3.6916 26.2156 2.7215 0.2986
Pedestrian -1 -1 1.8407 32.7735 770.1278 73.1270 847.0518 1.8230 0.6937 0.7471 -22.8371 5.5195 37.6093 1.2940 0.2434
Cyclist -1 -1 -1.5847 898.0717 740.6442 976.8610 910.2410 1.7364 0.8767 1.9208 -0.2842 3.1738 17.6029 -1.5911 0.6585
Cyclist -1 -1 -1.4900 542.2037 744.5317 614.3949 928.4077 1.7160 0.6222 1.9336 -4.1430 3.0984 16.2729 -1.7488 0.2643
Cyclist -1 -1 3.2096 0.0000 735.3375 61.3122 843.2842 1.7685 0.6972 0.9954 -16.3396 3.7406 26.1595 2.6408 0.1484
Car -1 -1 -1.1734 89.7973 710.1362 665.9599 1102.1449 1.6096 1.8599 4.0108 -3.1443 2.2402 9.0418 -1.5527 0.8938
Car -1 -1 -1.3737 527.3857 764.6936 768.3053 956.0789 1.4063 1.7492 3.9207 -3.1586 3.0695 15.8261 -1.5768 0.7717
Car -1 -1 -1.5567 995.7130 787.1038 1080.0680 877.4122 1.4159 1.7004 3.6578 1.6958 5.1066 32.1349 -1.4894 0.4761
Car -1 -1 2.0113 72.7612 726.7646 314.4305 853.7518 1.6597 1.9188 4.5924 -12.9602 3.5632 25.6139 1.5336 0.3202
