Pedestrian -1 -1 1.4954 1139.3899 722.3788 1221.5608 938.4422 1.6701 0.6340 0.7221 1.7924 2.4974 12.3011 1.6672 0.5712
Pedestrian -1 -1 1.5940 878.3468 789.9930 898.9135 843.0350 1.7140 0.6748 0.7083 -2.4707 7.3745 50.9148 1.5576 0.4319
Pedestrian -1 -1 1.5508 950.0635 799.4806 975.7045 868.9528 1.6653 0.6440 0.6761 0.0385 6.1291 37.8963 1.5648 0.4124
Pedestrian -1 -1 1.5216 912.0758 790.8057 939.8837 863.7806 1.7611 0.6821 0.5967 -0.8960 5.9964 37.8572 1.5101 0.3126
Cyclist -1 -1 -1.5814 883.7250 739.6080 964.6202 913.4730 1.7130 0.8668 1.9220 -0.4229 3.0908 16.9893 -1.5974 0.6841
Cyclist -1 -1 1.7687 593.1578 767.7042 652.6416 874.1449 1.7295 0.7148 1.8962 -6.2754 4.4773 27.8186 1.5494 0.2279
Car -1 -1 -1.3795 487.2940 748.6129 751.0521 973.7895 1.5463 1.7687 3.7387 -3.0928 2.8822 14.2513 -1.6035 0.9130
Car -1 -1 -1.0614 0.0000 685.9090 633.9874 1174.8292 1.6457 1.8751 4.1338 -3.1653 2.0451 7.6745 -1.5183 0.8958
Car -1 -1 3.4642 0.0000 741.4989 284.7664 870.4318 2.0877 2.1464 5.1636 -15.9497 4.4355 28.5632 2.9487 0.2881
Car -1 -1 -1.4147 625.9644 780.7998 717.3834 856.4096 1.5047 1.7771 3.8528 -7.6379 5.8518 39.7490 -1.5971 0.2368
Car -1 -1 2.0508 0.0000 735.9870 161.9525 853.3831 1.4268 1.7252 3.9295 -14.6357 3.3632 24.0401 1.4907 0.2179
