Pedestrian -1 -1 1.3436 1199.1599 746.5836 1332.8622 1044.9949 1.6459 0.6445 0.8451 1.8197 2.4149 9.0236 1.5846 0.4578
Pedestrian -1 -1 1.4783 948.3496 826.4999 978.7882 903.5200 1.6624 0.6528 0.5888 0.0499 6.3248 34.2664 1.4929 0.4560
Pedestrian -1 -1 1.5279 908.0983 823.7858 937.8198 901.8073 1.6869 0.6620 0.5706 -0.8784 6.2737 34.1847 1.5145 0.3784
Pedestrian -1 -1 1.6095 0.0000 706.0175 92.6804 987.6344 1.6861 0.6182 0.5848 -5.9531 2.2296 9.6057 0.9946 0.3069
Pedestrian -1 -1 1.5540 873.9503 820.0838 894.4348 878.1482 1.7557 0.6478 0.5942 -2.4572 8.0160 47.6496 1.5149 0.1788
Cyclist -1 -1 -1.6700 833.4446 802.4398 935.2473 998.4618 1.7477 0.9253 1.9951 -0.8696 3.8075 16.2963 -1.7159 0.6548
Car -1 -1 -0.7856 0.0000 702.2218 503.5174 1216.0000 1.5276 1.8293 4.0571 -3.1239 1.8859 4.8490 -1.5096 0.8329
Car -1 -1 -1.4609 405.6611 718.4690 679.8953 986.9186 1.8090 2.0182 4.7706 -3.7846 2.8643 14.3487 -1.7327 0.5477
Car -1 -1 1.9661 136.9547 783.9366 267.5475 856.3295 1.4618 1.7884 4.0766 -20.9734 6.0985 41.5034 1.5002 0.1801
Car -1 -1 2.1159 33.7837 781.8185 289.8906 915.4153 1.5222 1.7978 4.0193 -12.6151 4.2468 23.9128 1.6211 0.1766
