Pedestrian -1 -1 1.2693 1340.4341 723.1880 1547.4575 1157.5698 1.6142 0.6413 0.8962 1.9835 2.0561 6.2475 1.6607 0.7298
Pedestrian -1 -1 1.4313 962.6356 818.9270 998.2324 903.6776 1.6737 0.6775 0.6003 0.3994 5.7927 31.4104 1.4574 0.4810
Pedestrian -1 -1 1.5031 917.5306 809.1066 950.1870 894.9393 1.7059 0.6539 0.5846 -0.5784 5.6116 31.3919 1.4969 0.4694
Pedestrian -1 -1 1.5119 890.2254 834.8494 913.9474 897.0852 1.7664 0.6860 0.5928 -1.7815 8.1243 44.9614 1.4851 0.3429
Cyclist -1 -1 -1.6747 812.8758 805.6360 910.1280 997.5953 1.6484 0.8362 1.8899 -1.0774 3.6704 15.7287 -1.7373 0.5799
Cyclist -1 -1 -1.5420 525.1910 755.1017 604.7198 945.7800 1.6688 0.7484 1.8961 -4.0810 3.1043 15.4776 -1.8111 0.5035
Cyclist -1 -1 1.2712 1339.3795 725.3043 1546.0048 1164.5408 1.6228 0.6326 0.9305 1.9754 2.0749 6.2420 1.6615 0.1511
Car -1 -1 -1.2509 171.5290 767.8289 647.7508 1121.8270 1.3837 1.7189 3.7669 -3.1306 2.4576 9.3155 -1.6151 0.9076
Car -1 -1 -0.3867 0.0000 699.8459 296.6139 1216.0000 1.4000 1.7249 3.9935 -3.0561 1.6407 2.7684 -1.5225 0.5353
Car -1 -1 1.9091 33.0442 762.0244 196.7397 860.2278 1.4952 1.7220 3.9373 -17.2590 4.5016 30.6970 1.3919 0.3214
Car -1 -1 1.9245 168.6297 779.9026 303.3492 858.4465 1.4356 1.7810 3.8920 -18.0170 5.5153 37.3372 1.4754 0.2461
Car -1 -1 0.5156 0.0000 782.0040 197.9983 910.3129 1.5148 1.7148 3.9994 -13.1703 3.8254 21.0183 -0.0596 0.2288
