Pedestrian -1 -1 0.9608 1482.5858 648.1084 1792.8912 1216.0000 1.6507 0.6282 0.6756 2.0334 1.7270 4.5700 1.5321 0.5683
Pedestrian -1 -1 1.5159 919.5438 808.4063 955.7602 902.2230 1.7481 0.6883 0.6349 -0.4699 5.4119 29.5203 1.5122 0.5520
Pedestrian -1 -1 1.6550 891.4360 832.8966 916.1879 895.5948 1.7096 0.6580 0.6503 -1.6652 7.7943 43.4032 1.6293 0.4853
Pedestrian -1 -1 1.4809 965.1171 814.2493 1001.4082 902.7712 1.6547 0.6750 0.6347 0.4337 5.4627 29.7369 1.5089 0.4533
Pedestrian -1 -1 0.7875 1704.8381 667.8301 1936.0000 1216.0000 1.5915 0.6023 0.5778 2.7790 1.7347 4.6757 1.4939 0.2514
Pedestrian -1 -1 0.5722 0.0000 752.9409 260.7778 1163.8004 1.3536 0.6419 0.7419 -3.0802 1.8527 5.4852 -0.0638 0.1824
Cyclist -1 -1 -1.7101 782.7090 767.0619 888.5439 957.3786 1.6359 0.8304 1.9361 -1.3272 3.2020 15.4378 -1.7926 0.5786
Cyclist -1 -1 -1.4523 508.7984 740.1021 611.2423 946.6321 1.6970 0.7549 1.8899 -3.8262 2.8818 14.3868 -1.7263 0.2475
Car -1 -1 -1.1452 0.0000 739.5070 642.2903 1173.1754 1.4234 1.7862 4.0665 -3.0485 2.1945 8.0238 -1.5653 0.9043
Car -1 -1 1.8808 661.4416 819.8168 773.1907 900.3981 1.4973 1.8059 3.8651 -6.4205 6.9473 39.7622 1.7299 0.1827
