Pedestrian -1 -1 1.2958 1276.9337 760.5547 1446.9805 1131.5472 1.6053 0.6294 0.8309 1.9086 2.2987 7.2146 1.6172 0.6018
Pedestrian -1 -1 1.4043 946.3273 825.0451 981.3198 907.9694 1.6915 0.6750 0.6279 0.0526 6.1044 32.6106 1.4191 0.5491
Pedestrian -1 -1 1.4591 905.0511 824.1037 939.1310 909.6382 1.7393 0.6804 0.5993 -0.8500 6.0914 32.3322 1.4451 0.5466
Pedestrian -1 -1 0.0149 318.4528 805.8224 424.7388 1057.6204 1.3172 0.5730 0.5571 -3.4495 2.4192 8.7347 -0.4118 0.2477
Pedestrian -1 -1 1.2905 974.1000 826.0551 1008.2930 906.8725 1.6880 0.6449 0.5209 0.6626 6.2004 33.2151 1.3243 0.2188
Cyclist -1 -1 -1.6417 823.2159 798.1801 914.4891 991.9989 1.7260 0.8588 2.0126 -1.0332 3.7313 16.2531 -1.6988 0.6298
Cyclist -1 -1 1.2867 1280.2018 762.3133 1457.7217 1141.3921 1.6219 0.6368 0.9255 1.9397 2.3289 7.2188 1.6126 0.1070
Car -1 -1 -1.2766 267.4186 788.7366 665.1436 1098.6715 1.3345 1.6337 3.5250 -3.1125 2.6397 10.1228 -1.6065 0.7047
Car -1 -1 -0.6042 0.0000 687.5984 408.6051 1216.0000 1.4980 1.7666 3.7339 -3.0087 1.7319 3.6668 -1.5172 0.6750
Car -1 -1 -1.5887 521.7805 768.5780 702.3831 961.0458 1.4462 1.7063 3.7747 -3.8541 3.2112 16.3284 -1.8284 0.2019
Car -1 -1 3.3560 522.0378 812.6032 700.2552 895.3961 1.8718 1.8989 4.2263 -9.1067 6.9057 39.1421 3.1349 0.1880
