Pedestrian -1 -1 1.3849 1326.7533 765.6650 1495.6068 1167.6115 1.5595 0.6191 0.9026 1.9725 2.2324 6.6502 1.7475 0.6090
Pedestrian -1 -1 1.4379 951.3724 821.9404 984.8129 904.9444 1.6736 0.6524 0.5640 0.1431 5.9289 31.9784 1.4556 0.4922
Pedestrian -1 -1 1.4556 914.1025 820.1465 948.1544 906.3821 1.7225 0.6649 0.5895 -0.6421 5.9068 31.7145 1.4477 0.4320
Pedestrian -1 -1 1.5468 884.1025 832.8859 906.1395 893.0688 1.7192 0.6601 0.6201 -2.0066 8.0672 45.3146 1.5152 0.2734
Pedestrian -1 -1 -3.5783 1709.7568 718.8508 1858.9250 1042.7164 1.7197 0.6098 0.5655 4.6523 2.2744 8.4842 -2.9913 0.2642
Cyclist -1 -1 -1.6745 819.2404 800.3841 920.9237 995.6351 1.6769 0.8785 1.9490 -0.9896 3.6440 15.7309 -1.7312 0.7030
Cyclist -1 -1 -1.4424 545.1957 775.1278 640.8615 961.5558 1.6506 0.7556 1.9474 -3.8787 3.3478 15.8831 -1.6905 0.2761
Cyclist -1 -1 1.3849 1326.7533 765.6650 1495.6068 1167.6115 1.5595 0.6191 0.9026 1.9725 2.2324 6.6502 1.7475 0.1290
Car -1 -1 -1.2301 194.2186 769.2099 661.7810 1105.1921 1.3803 1.7133 3.7638 -3.1490 2.4950 9.6598 -1.5819 0.8515
Car -1 -1 -0.4058 0.0000 664.5664 332.1921 1216.0000 1.4572 1.8008 4.1268 -3.0762 1.5898 2.8888 -1.5141 0.7233
Car -1 -1 1.9742 138.1546 779.5361 282.0140 858.4330 1.4449 1.7990 3.9445 -18.6580 5.5150 37.3380 1.5110 0.1832
