Pedestrian -1 -1 1.1293 1376.1963 701.3151 1611.1564 1182.5817 1.6382 0.6162 0.7249 1.9541 1.9413 5.5686 1.5695 0.6543
Pedestrian -1 -1 1.5160 919.7968 810.7953 952.4058 895.7393 1.6491 0.6452 0.5969 -0.5204 5.5095 30.7381 1.5112 0.5474
Pedestrian -1 -1 1.4553 965.3676 812.2946 999.4871 896.1567 1.6234 0.6420 0.6359 0.4329 5.5308 30.8364 1.4828 0.4422
Pedestrian -1 -1 1.5512 890.9547 819.0809 914.0174 880.1722 1.7040 0.6788 0.6982 -1.7475 7.5160 44.3948 1.5244 0.3437
Pedestrian -1 -1 -2.2985 1644.0282 714.9508 1876.0178 1183.5531 1.6321 0.5719 0.5240 2.9798 1.9876 5.6123 -1.6804 0.2186
Cyclist -1 -1 -1.6754 797.6675 785.4896 897.2383 977.1494 1.6730 0.8583 1.8584 -1.2231 3.4657 15.7040 -1.7485 0.7572
Cyclist -1 -1 -1.4690 530.0524 757.7692 616.4860 948.6693 1.6301 0.6777 1.8255 -3.8785 3.0526 15.0551 -1.7328 0.3948
Car -1 -1 -1.2132 108.6156 767.1486 644.6611 1148.8483 1.3908 1.7460 3.8702 -3.1146 2.4201 8.8640 -1.5961 0.9270
Car -1 -1 -0.2718 0.0000 683.1293 267.8383 1216.0000 1.4609 1.7922 4.1334 -3.0431 1.6356 2.3754 -1.5162 0.4969
Car -1 -1 -1.2978 379.4133 770.6447 581.7399 912.2569 1.5347 1.8598 4.1904 -7.1572 3.9558 22.7143 -1.6074 0.2215
