Pedestrian -1 -1 1.4999 918.8231 821.6599 954.1160 910.9168 1.6828 0.6730 0.6518 -0.5026 5.6879 30.0898 1.4955 0.6354
Pedestrian -1 -1 1.4696 964.4689 824.2505 999.8810 909.8098 1.6270 0.6660 0.6333 0.4210 5.7202 30.3646 1.4970 0.4744
Pedestrian -1 -1 1.0600 1424.1541 669.3291 1687.3488 1213.5222 1.6881 0.6210 0.6484 1.9675 1.8470 5.0203 1.5588 0.4510
Pedestrian -1 -1 1.5608 891.0975 823.9280 914.7157 887.3254 1.7529 0.6868 0.6632 -1.7106 7.6351 43.8529 1.5344 0.3267
Cyclist -1 -1 -1.6801 791.0702 775.6692 892.1766 966.0012 1.6630 0.8588 1.9040 -1.2842 3.3472 15.6899 -1.7577 0.7070
Cyclist -1 -1 -1.4746 517.0501 732.2656 611.9627 933.9200 1.7095 0.7478 1.8372 -3.8640 2.8331 14.6798 -1.7454 0.6164
Car -1 -1 -1.1859 66.1940 751.6080 636.1120 1145.6681 1.3890 1.7114 3.7626 -3.0599 2.2601 8.3853 -1.5872 0.8666
Car -1 -1 -0.2854 0.0000 660.6526 254.7935 1216.0000 1.4486 1.7674 3.8061 -2.8126 1.5463 2.1811 -1.5711 0.4665
Car -1 -1 -2.6958 567.1191 817.6747 747.2881 895.3947 1.6129 1.8065 4.3034 -8.0049 6.8831 39.4683 -2.8878 0.2720
Car -1 -1 3.7345 0.0000 793.1268 163.9352 938.5245 1.6188 1.8222 4.0696 -13.0395 3.9423 19.7265 3.1331 0.2163
