Pedestrian -1 -1 1.4830 1018.2191 784.2601 1058.9279 887.7324 1.5429 0.5979 0.6060 1.2139 4.0868 23.5620 1.5493 0.4860
Pedestrian -1 -1 1.5840 932.4725 794.8425 959.8493 862.6940 1.6390 0.6817 0.6730 -0.3828 6.0164 38.1776 1.5866 0.4112
Pedestrian -1 -1 1.4919 970.5285 781.0303 1011.7823 886.6920 1.5781 0.6112 0.6660 0.4693 4.0893 23.7063 1.5248 0.3741
Pedestrian -1 -1 3.1947 602.6404 800.0368 635.3569 876.0035 1.4327 0.6824 0.6098 -6.9484 5.0357 30.3774 2.9738 0.1372
Cyclist -1 -1 -1.7361 662.1783 749.0277 780.6610 954.8044 1.6417 0.7988 1.8694 -2.3022 2.9019 14.1682 -1.9026 0.6740
Car -1 -1 -0.5695 0.0000 641.7017 441.1324 1216.0000 1.5237 1.7951 3.9849 -2.8446 1.5846 3.3810 -1.5232 0.7715
Car -1 -1 1.8788 536.2457 799.2234 636.5795 868.5605 1.6320 1.9116 4.2982 -12.0967 7.5478 48.5362 1.6429 0.1506
Car -1 -1 1.6488 806.1766 801.9287 873.4936 867.4667 1.6135 1.8853 4.2026 -4.0397 7.8211 50.3278 1.5804 0.1470
Car -1 -1 -1.3409 685.2512 792.3936 791.1434 873.1889 1.5318 1.8295 4.0753 -5.7826 6.1621 39.2276 -1.4784 0.1451
Car -1 -1 -1.2237 265.1502 750.1223 444.2475 863.4814 1.5901 1.7859 4.0790 -11.0819 4.0771 27.6278 -1.6093 0.1403
