Pedestrian -1 -1 1.5316 956.8795 783.9615 997.6396 890.1537 1.6221 0.6409 0.6316 0.2537 4.2224 24.1259 1.5548 0.5826
Pedestrian -1 -1 1.5170 1011.9617 785.2077 1052.8086 892.0011 1.6270 0.6328 0.6823 1.1441 4.2537 24.1592 1.5790 0.5256
Pedestrian -1 -1 1.6013 923.4022 791.6294 948.8990 857.3474 1.6155 0.6337 0.6382 -0.6483 5.9722 38.7491 1.5969 0.4635
Pedestrian -1 -1 -1.5336 363.0647 770.3045 445.7954 993.7817 1.6442 0.6011 0.5807 -4.4132 2.8346 11.8670 -1.9187 0.1431
Cyclist -1 -1 -1.7281 679.0213 745.0618 792.6100 951.5082 1.6712 0.7753 1.9099 -2.1904 2.9052 14.3303 -1.8842 0.7262
Car -1 -1 -0.6787 0.0000 649.9924 478.5256 1216.0000 1.5813 1.8040 3.8994 -2.8149 1.6782 3.7945 -1.5349 0.8243
Car -1 -1 -2.6056 299.2775 788.2968 566.1226 899.7484 1.6452 1.9146 4.2219 -9.6329 4.7852 27.3871 -2.9452 0.2192
Car -1 -1 1.7129 529.0270 801.2263 611.3538 870.8405 1.6278 1.9600 4.3855 -12.7033 7.6530 48.8169 1.4666 0.1756
Car -1 -1 -1.7185 1095.7382 805.2101 1265.4083 966.4412 1.4993 1.7713 3.8081 2.8399 4.1547 20.1073 -1.5572 0.1735
Car -1 -1 -1.3772 689.9028 794.0772 788.5107 872.3722 1.5039 1.8107 4.0153 -5.8256 6.2238 39.6653 -1.5141 0.1422
