Pedestrian -1 -1 1.5036 971.2117 775.0991 1018.0224 898.8300 1.6905 0.6409 0.8342 0.4819 3.9326 21.8960 1.5388 0.6814
Pedestrian -1 -1 1.5452 935.9827 789.9158 965.3267 866.7831 1.7753 0.7084 0.7698 -0.2637 5.8589 36.6147 1.5506 0.5369
Pedestrian -1 -1 1.4972 1026.8157 780.1559 1071.5404 897.9482 1.6285 0.6155 0.6888 1.2838 3.9408 21.9280 1.5711 0.5321
Pedestrian -1 -1 3.2575 601.7906 786.0516 637.8626 872.9296 1.5946 0.6637 0.6109 -6.6520 4.7753 29.1538 3.0365 0.1800
Pedestrian -1 -1 0.8432 32.0163 717.1251 161.1199 841.0961 1.6579 0.6896 1.6142 -12.3795 3.0138 21.4165 0.3025 0.1014
Cyclist -1 -1 -1.7760 616.9765 748.0964 749.1321 964.2100 1.6604 0.7974 1.9272 -2.5850 2.8766 13.7211 -1.9708 0.6292
Cyclist -1 -1 0.8787 25.7659 713.7584 170.6478 846.1354 1.7563 0.7762 1.8567 -12.3598 3.0692 21.4211 0.3390 0.4308
Car -1 -1 -0.4570 0.0000 422.0050 247.7554 1216.0000 1.5544 1.7963 3.9537 -2.6780 1.5328 2.2419 -1.7102 0.6184
Car -1 -1 -1.5006 585.3633 775.2673 694.5181 884.1136 1.6399 1.8880 4.3116 -6.5882 4.9891 31.0458 -1.7051 0.2045
Car -1 -1 -1.4244 696.6321 790.3026 789.6675 870.1024 1.4992 1.7640 3.8513 -5.4912 5.9226 38.0567 -1.5591 0.1802
