Pedestrian -1 -1 1.5197 1056.6841 778.2652 1102.9341 903.6335 1.5669 0.5902 0.6528 1.5690 3.6385 19.8603 1.6155 0.6050
Pedestrian -1 -1 1.5825 987.5730 778.8186 1033.4661 902.0956 1.5454 0.5945 0.6296 0.6601 3.6284 19.9066 1.6295 0.6043
Pedestrian -1 -1 1.5285 948.9155 793.0497 977.0514 866.1076 1.6192 0.6392 0.6231 0.0371 5.5839 34.9397 1.5423 0.5753
Pedestrian -1 -1 3.3737 422.4076 762.8720 474.8868 873.7465 1.6621 0.6748 0.6516 -8.1196 3.8834 23.7061 3.0387 0.3813
Pedestrian -1 -1 0.5053 0.0000 690.4033 244.1750 1216.0000 1.6317 0.6050 0.6348 -2.7520 1.8588 4.8366 -0.1592 0.2417
Cyclist -1 -1 0.5659 30.2826 701.7630 219.7094 843.1874 1.7796 0.8720 2.0333 -11.0516 2.8221 19.8080 0.0380 0.6253
Cyclist -1 -1 -1.8165 541.1735 734.1459 676.7310 948.7729 1.6265 0.7006 1.9510 -3.1887 2.6804 13.4017 -2.0644 0.6219
Car -1 -1 -1.3342 1094.9062 795.1207 1295.7593 956.0469 1.4253 1.7077 3.5271 3.1128 3.8503 19.3463 -1.1522 0.2794
Car -1 -1 1.9799 64.3436 754.5480 258.4770 860.7105 1.5891 1.8827 4.3188 -15.9345 4.3888 30.0627 1.4875 0.2187
Car -1 -1 -1.3875 695.4930 789.1357 799.6323 874.0737 1.5139 1.7881 3.9549 -5.1475 5.7434 36.4905 -1.5192 0.1967
Car -1 -1 -1.1573 276.7331 790.6451 410.6243 866.4174 1.4697 1.8134 4.0971 -16.4884 6.1489 40.1451 -1.5439 0.1731
