Pedestrian -1 -1 1.5361 981.0055 771.7115 1029.6495 903.6390 1.6839 0.6447 0.7621 0.5925 3.7170 20.3254 1.5788 0.7218
Pedestrian -1 -1 1.5230 1049.5198 775.8739 1097.7308 903.4865 1.6311 0.6320 0.6925 1.5212 3.7194 20.3253 1.6144 0.6134
Pedestrian -1 -1 1.5822 946.6559 802.1785 976.7017 878.9534 1.7161 0.6927 0.6251 0.0126 5.9305 35.2300 1.5955 0.6034
Pedestrian -1 -1 3.3068 431.0426 770.3708 476.3922 878.1089 1.6329 0.6466 0.5940 -8.1490 4.0059 24.0268 2.9754 0.3827
Pedestrian -1 -1 -2.1857 1617.8076 682.1669 1860.7301 1149.6249 1.7160 0.6425 0.5880 3.0262 1.9520 5.8620 -1.5864 0.3011
Cyclist -1 -1 -1.7845 554.1222 725.0350 688.8187 944.6713 1.6882 0.7623 1.9432 -3.0957 2.6608 13.4842 -2.0237 0.4971
Cyclist -1 -1 0.7251 6.3836 697.5805 194.4290 844.4845 1.8551 0.8966 2.1221 -11.5834 2.8653 20.1492 0.1847 0.4125
Car -1 -1 -1.1799 358.0851 824.9769 503.9629 918.1062 1.5376 1.8440 4.1351 -12.6317 6.6242 35.9021 -1.5141 0.2760
Car -1 -1 -1.1259 275.3176 789.5555 409.9730 865.1716 1.4956 1.8079 4.0291 -16.7188 6.1964 40.6293 -1.5130 0.2163
Car -1 -1 2.0554 70.3498 757.5435 273.3436 861.5354 1.5935 1.8880 4.2853 -15.9708 4.4917 30.5304 1.5690 0.1829
Car -1 -1 -2.6029 1578.7579 696.2251 1936.0000 1216.0000 1.6042 1.7826 3.7543 3.9942 1.9392 5.0107 -1.7641 0.1809
