Pedestrian -1 -1 1.4662 1063.0706 768.3720 1119.0656 908.0175 1.6311 0.6294 0.8138 1.6163 3.4652 18.7108 1.5701 0.7168
Pedestrian -1 -1 1.5575 952.0985 789.7238 980.4775 866.5269 1.6511 0.6383 0.6904 0.1138 5.4345 33.9807 1.5736 0.5883
Pedestrian -1 -1 1.4411 995.7095 764.7913 1053.7296 905.9277 1.6518 0.6410 0.7711 0.7872 3.4412 18.7196 1.4976 0.5019
Pedestrian -1 -1 0.3974 16.4088 696.8880 287.3576 1216.0000 1.5081 0.6215 0.5929 -2.4321 1.7455 4.5563 -0.2510 0.3409
Pedestrian -1 -1 -1.3546 12.5075 717.0100 115.7277 934.8286 1.6708 0.6305 0.5723 -7.2892 2.4439 12.1722 -1.9364 0.1596
Pedestrian -1 -1 3.6394 68.5973 708.2839 250.2955 850.4810 1.7224 0.7860 1.8838 -10.1601 2.8042 18.9954 3.1285 0.1070
Cyclist -1 -1 -1.8504 475.4485 726.2875 640.1485 962.7018 1.7253 0.8170 1.9898 -3.5096 2.6704 12.8811 -2.1350 0.5778
Cyclist -1 -1 3.5783 50.9349 706.5643 238.6901 851.1090 1.7368 0.7950 1.9356 -10.3334 2.7994 18.9818 3.0598 0.5698
Car -1 -1 -1.3638 721.3295 792.6878 826.5460 875.2728 1.5455 1.8589 4.1842 -4.8118 6.1617 38.9728 -1.4772 0.1755
Car -1 -1 -2.8701 1759.5643 630.6612 1936.0000 1216.0000 1.6119 1.8631 4.2685 3.4159 1.6296 2.4518 -1.5933 0.1500
Car -1 -1 1.9809 0.0000 736.3334 148.6020 863.9760 1.5530 1.7997 4.1180 -14.8834 3.5155 24.1629 1.4161 0.1465
