Pedestrian -1 -1 1.5454 963.8518 790.9695 993.4716 868.5107 1.6418 0.6534 0.6572 0.3851 5.3875 33.4010 1.5701 0.5577
Pedestrian -1 -1 1.4777 1004.9287 775.0040 1057.8687 913.9852 1.5887 0.5911 0.7175 0.8499 3.4582 18.2571 1.5391 0.5227
Pedestrian -1 -1 1.5113 1073.5416 779.1821 1123.6106 915.2155 1.5504 0.5784 0.6286 1.6579 3.4533 18.1169 1.6208 0.4379
Pedestrian -1 -1 0.5094 0.0000 693.4950 259.7567 1216.0000 1.4626 0.6351 0.6383 -2.4185 1.6743 4.2424 -0.1884 0.2483
Pedestrian -1 -1 0.2835 519.1779 763.0837 563.7739 872.0209 1.7052 0.6465 0.5468 -6.8894 4.0046 24.5595 0.0082 0.2197
Pedestrian -1 -1 0.7201 110.2112 723.2136 267.1584 874.4126 1.7520 0.7929 1.6040 -9.6130 3.0138 18.6285 0.2247 0.2006
Pedestrian -1 -1 -1.2793 0.0000 678.6982 139.9265 1128.8651 1.7081 0.6021 0.5594 -3.7510 1.9420 6.1318 -1.9381 0.1485
Cyclist -1 -1 -1.7939 452.1488 718.8894 602.2855 947.3182 1.6971 0.7994 1.9791 -3.8164 2.5828 13.0358 -2.0990 0.6218
Cyclist -1 -1 0.6096 61.9159 724.4723 246.3663 874.9177 1.7557 0.8080 1.8884 -10.0176 3.0267 18.5964 0.0958 0.4771
Car -1 -1 -1.3842 729.9089 793.8298 834.6851 878.6930 1.5646 1.8797 4.2003 -4.5213 6.1440 38.3702 -1.4919 0.2194
Car -1 -1 2.0201 0.0000 744.3439 160.3121 874.3881 1.5662 1.8445 4.2752 -14.9011 3.6875 24.3304 1.4585 0.1734
Car -1 -1 1.8975 253.6337 793.4929 378.3633 871.5863 1.4982 1.8279 4.0599 -17.0956 6.2237 39.8225 1.4949 0.1648
Car -1 -1 -0.4289 0.0000 483.6305 212.4324 1216.0000 1.6302 1.8591 4.2765 -3.0165 1.6150 2.3803 -1.6700 0.1618
