Pedestrian -1 -1 1.4552 1058.2030 776.6118 1113.3135 913.5003 1.6405 0.6296 0.8188 1.5953 3.6359 19.2547 1.5552 0.6468
Pedestrian -1 -1 1.5083 989.9014 774.2921 1042.7673 910.2294 1.6529 0.6489 0.6783 0.7040 3.6132 19.2804 1.5589 0.6234
Pedestrian -1 -1 1.5041 949.1666 793.0358 979.3047 869.7411 1.6698 0.6591 0.6387 0.0651 5.5714 34.3649 1.5189 0.5744
Pedestrian -1 -1 -1.5551 0.0000 607.4953 157.8424 1216.0000 1.7369 0.5867 0.5613 -2.6653 1.6925 4.2178 -2.3043 0.2359
Pedestrian -1 -1 3.2361 413.6985 753.7344 459.5938 865.6204 1.6362 0.6329 0.6164 -8.1097 3.6622 23.1338 2.8927 0.2310
Cyclist -1 -1 3.5936 64.5458 715.5189 250.5360 856.7964 1.7251 0.8249 1.9518 -10.3603 2.9249 19.3312 3.0828 0.5819
Cyclist -1 -1 -1.8078 499.3610 716.9750 651.6400 939.6868 1.6781 0.8300 1.9673 -3.4402 2.5566 13.2066 -2.0799 0.5730
Cyclist -1 -1 1.4569 1058.8406 775.5203 1114.8990 915.5554 1.6679 0.6374 0.8305 1.5992 3.6373 19.1334 1.5577 0.1092
Car -1 -1 -1.2915 296.4339 783.3757 408.1102 860.4589 1.5297 1.7552 3.8329 -16.1671 5.9678 39.8833 -1.6737 0.2833
Car -1 -1 -1.4039 694.7414 794.0540 797.1273 879.4326 1.4964 1.7825 3.9100 -5.1263 5.7996 36.0584 -1.5367 0.1807
