Pedestrian -1 -1 1.6230 975.8151 777.2272 1023.0709 899.2346 1.5923 0.6131 0.7284 0.5383 3.7593 20.8832 1.6622 0.6031
Pedestrian -1 -1 1.4937 1047.1281 780.7789 1095.0056 901.3635 1.5823 0.6257 0.6861 1.5265 3.7936 20.8674 1.5832 0.5905
Pedestrian -1 -1 1.5748 944.7432 801.3167 974.6542 877.4789 1.7181 0.7011 0.6512 -0.0343 5.9571 35.6013 1.5867 0.4854
Pedestrian -1 -1 1.2739 18.7504 719.1342 113.8929 853.9200 1.6860 0.7050 1.4440 -12.2631 3.0232 20.4806 0.7162 0.1819
Pedestrian -1 -1 3.2312 439.5426 752.4545 480.4571 868.6085 1.7959 0.6500 0.5782 -8.1565 3.9056 24.3494 2.9037 0.1695
Cyclist -1 -1 -1.7855 578.8309 739.6056 711.1481 956.2159 1.6730 0.7691 1.9239 -2.9247 2.8017 13.6803 -2.0073 0.6179
Cyclist -1 -1 1.0403 11.7971 714.8951 151.8371 857.4604 1.7833 0.7980 1.8675 -12.0589 3.0646 20.4985 0.4907 0.4657
Car -1 -1 -1.1564 275.5095 789.6616 411.4521 865.0919 1.4798 1.8723 4.2121 -16.7524 6.2077 40.7807 -1.5428 0.2253
Car -1 -1 1.9138 1074.7262 792.8209 1299.4081 958.2436 1.5094 1.6747 3.9343 3.1288 4.0025 20.0793 2.0903 0.2098
Car -1 -1 -1.3885 689.7482 792.8391 792.0540 876.0328 1.5086 1.7997 3.9356 -5.4203 5.9150 37.2298 -1.5245 0.2062
Car -1 -1 -1.5841 1016.9713 781.8624 1110.3204 883.9576 1.4731 1.7143 3.7196 2.0135 4.7583 29.3835 -1.5003 0.1946
Car -1 -1 -1.4670 112.9134 733.3251 444.2995 1062.8069 1.5853 1.8008 3.8774 -4.6949 2.5175 10.7271 -1.9202 0.1688
