Pedestrian -1 -1 1.4682 1079.7714 746.0717 1162.0706 964.8108 1.7269 0.6327 0.7013 1.3312 2.7738 12.5621 1.5961 0.6929
Pedestrian -1 -1 1.4794 1222.7522 751.2648 1308.5028 969.3160 1.6912 0.6589 0.8170 2.5457 2.7916 12.5719 1.7120 0.4849
Pedestrian -1 -1 1.5721 1041.5138 815.5869 1078.0748 910.6539 1.6607 0.6708 0.6827 1.8464 5.2739 27.9682 1.6536 0.4597
Pedestrian -1 -1 3.2825 395.7450 760.5479 443.9520 900.7176 1.7639 0.6138 0.5262 -7.1862 3.5981 19.8648 2.9256 0.3582
Pedestrian -1 -1 0.1628 387.1762 769.6063 441.1628 908.4399 1.6224 0.5942 0.5453 -6.7770 3.4500 18.5414 -0.1994 0.2696
Pedestrian -1 -1 -1.1503 258.9564 747.4570 343.3920 915.7972 1.6548 0.6186 0.5850 -6.8031 2.9439 15.4316 -1.5881 0.1866
Cyclist -1 -1 -0.3772 355.0018 739.7297 556.1743 916.3041 1.7227 0.7328 2.0052 -5.6348 3.0798 16.7399 -0.7160 0.4520
Cyclist -1 -1 -2.0655 50.5967 721.9805 303.7915 997.6701 1.6959 0.6952 1.9073 -5.5468 2.4320 10.5476 -2.5974 0.3791
Car -1 -1 1.1818 1413.9785 787.1572 1541.7825 867.5778 1.5786 1.8309 4.2921 13.8391 6.1900 40.3224 1.5340 0.2671
Car -1 -1 2.1108 0.0000 765.0524 157.8676 901.0580 1.4859 1.8039 4.2344 -14.2913 3.8333 22.9025 1.5397 0.2170
Car -1 -1 0.5246 0.0000 806.4371 183.6596 961.2443 1.5570 1.7747 3.8738 -12.0003 3.9222 18.4613 -0.0710 0.2156
