Pedestrian -1 -1 1.3851 1166.0281 757.6917 1243.5181 943.1539 1.7055 0.6442 0.6929 2.3676 3.0324 14.5957 1.5720 0.5945
Pedestrian -1 -1 1.5787 998.3385 788.6688 1033.5896 879.9053 1.7277 0.6908 0.6715 1.0990 5.0465 29.9498 1.6294 0.5835
Pedestrian -1 -1 1.4946 1029.5388 757.3389 1102.7351 947.1819 1.7270 0.6650 0.8294 1.0140 3.0576 14.6060 1.5813 0.5710
Pedestrian -1 -1 -1.4981 358.0737 763.8773 415.1026 916.6046 1.6715 0.5851 0.6928 -6.7355 3.3413 17.5483 -1.8791 0.3666
Pedestrian -1 -1 3.3409 523.9319 775.5207 586.5839 877.8485 1.3978 0.6500 0.7701 -5.9146 3.6301 21.8121 3.0723 0.1987
Cyclist -1 -1 0.1558 158.2057 735.7286 365.5773 909.3240 1.7510 0.8147 1.9976 -7.7356 3.0351 16.6424 -0.3000 0.6446
Cyclist -1 -1 -2.0814 190.8686 708.3887 424.4886 966.2192 1.7427 0.7676 1.9062 -5.0552 2.4342 11.5253 -2.5321 0.3616
Cyclist -1 -1 1.4907 1027.9498 755.9427 1103.0266 949.2510 1.7548 0.6774 0.9123 1.0098 3.0792 14.6549 1.5769 0.1024
Car -1 -1 1.8892 1089.8848 804.9925 1268.8634 933.4802 1.4115 1.7044 3.8251 3.6322 4.5985 24.3746 2.0570 0.4255
Car -1 -1 2.1136 0.0000 761.4789 170.5809 889.4064 1.5084 1.7889 4.0447 -14.6378 3.8881 24.0191 1.5546 0.2549
Car -1 -1 -3.2698 1087.6981 827.0065 1219.9438 886.8976 1.4962 1.8070 3.7301 5.6987 7.6471 44.5800 -3.1265 0.1954
Car -1 -1 1.9862 18.8067 758.2316 150.7498 828.2635 1.5029 1.7516 3.9283 -24.4966 5.4260 41.9502 1.4579 0.1896
Car -1 -1 -1.6743 1064.5028 798.1916 1135.6823 866.0510 1.6715 2.0026 4.4705 4.6352 7.7838 50.5076 -1.5676 0.1817
