Pedestrian -1 -1 1.4518 1115.1959 763.1370 1182.4401 926.0587 1.6275 0.6379 0.8701 2.0135 3.1600 16.1350 1.5976 0.6940
Pedestrian -1 -1 1.5020 1025.1611 768.9746 1083.6755 927.4380 1.6264 0.6019 0.6084 1.0039 3.2182 16.2146 1.5802 0.5028
Pedestrian -1 -1 1.6587 977.8542 795.6512 1013.5249 881.3799 1.6846 0.6776 0.7446 0.7274 5.3213 31.4379 1.6954 0.4500
Pedestrian -1 -1 3.2622 532.0901 775.5760 580.2995 880.7244 1.5017 0.6736 0.6352 -6.1766 3.8398 22.8255 2.9953 0.3425
Pedestrian -1 -1 3.3916 408.3036 748.9418 459.0129 877.8777 1.7364 0.6327 0.5400 -7.4516 3.5180 21.1372 3.0444 0.2758
Pedestrian -1 -1 1.4018 1098.0447 811.2978 1148.7056 940.6854 1.6811 0.6142 0.5773 2.2283 4.2864 20.6003 1.5284 0.1987
Cyclist -1 -1 0.1758 146.1508 708.8046 349.1416 874.8378 1.7988 0.8806 2.0471 -8.3664 2.8282 17.6338 -0.2871 0.6265
Cyclist -1 -1 -1.9187 342.9877 725.8643 536.8563 977.8052 1.7001 0.7794 1.9794 -4.1799 2.5711 11.8982 -2.2852 0.5102
Cyclist -1 -1 1.4506 1114.3378 762.4703 1182.5439 928.2780 1.6513 0.6429 0.9081 2.0072 3.1769 16.1220 1.5962 0.1354
Car -1 -1 -1.4140 783.4615 784.1553 870.0904 858.6273 1.6233 1.8626 4.1062 -3.8809 6.5122 43.7870 -1.4916 0.1782
Car -1 -1 -2.2421 0.0000 732.9339 255.0701 1049.9980 1.4041 1.7386 4.0513 -6.4807 2.1205 8.6875 -2.9561 0.1738
