Pedestrian -1 -1 1.5293 1033.1331 804.7551 1068.8903 896.9010 1.6633 0.6656 0.6164 1.7099 5.1364 28.5587 1.6043 0.6194
Pedestrian -1 -1 1.4485 1045.9238 752.1160 1125.2079 953.2815 1.6733 0.6325 0.6622 1.0888 2.8252 13.2038 1.5500 0.4438
Pedestrian -1 -1 1.4519 1193.5426 745.3548 1276.6097 956.0876 1.7085 0.6445 0.7671 2.3698 2.7892 13.0057 1.6622 0.4005
Pedestrian -1 -1 3.2412 386.5506 772.3270 436.1292 906.8440 1.7064 0.6395 0.5727 -7.4191 3.7348 20.1924 2.8799 0.2219
Pedestrian -1 -1 0.0045 201.7860 756.7336 322.7698 927.1842 1.6263 0.6843 1.1270 -7.3268 3.0577 15.6822 -0.4553 0.1991
Cyclist -1 -1 -0.3768 349.1917 741.1575 542.6732 916.1094 1.7452 0.6855 1.9706 -5.8438 3.1399 17.0320 -0.7211 0.4559
Cyclist -1 -1 -1.7482 166.3777 715.9642 333.7969 974.6669 1.5937 0.7024 1.8403 -5.1712 2.3095 10.8144 -2.2385 0.4335
Cyclist -1 -1 0.0045 201.7860 756.7336 322.7698 927.1842 1.6263 0.6843 1.1270 -7.3268 3.0577 15.6822 -0.4553 0.1576
Car -1 -1 1.1498 1392.7294 783.4976 1517.6240 860.4676 1.5529 1.7902 4.1112 13.4722 6.1307 41.0416 1.4882 0.4517
Car -1 -1 2.0284 0.0000 762.5967 143.2522 894.0840 1.5002 1.7532 3.7458 -14.3828 3.8099 23.1247 1.4589 0.3609
Car -1 -1 1.3462 1109.3282 800.8104 1199.3306 874.4167 1.6024 1.8619 4.0857 5.7194 7.1161 44.7611 1.4895 0.2921
