Pedestrian -1 -1 1.5736 1012.5135 795.5143 1046.7706 884.7415 1.6631 0.6643 0.6390 1.3527 5.0691 29.5139 1.6339 0.6291
Pedestrian -1 -1 1.4528 1031.2332 750.6036 1109.2112 942.2903 1.6923 0.6574 0.8279 1.0226 2.9199 14.1809 1.5426 0.6233
Pedestrian -1 -1 1.3936 1167.5854 752.9193 1246.9207 939.3354 1.6700 0.6502 0.6674 2.3265 2.9145 14.1987 1.5828 0.5725
Pedestrian -1 -1 0.1866 393.2511 768.7086 444.2331 901.2392 1.6455 0.5714 0.5362 -7.1066 3.5622 19.6045 -0.1713 0.2683
Pedestrian -1 -1 -0.6162 324.9918 750.5436 414.9686 912.7579 1.7271 0.5788 0.7648 -6.7719 3.2073 17.1401 -1.0085 0.2426
Cyclist -1 -1 -0.1698 218.1822 743.2998 417.5880 926.4671 1.8045 0.7104 1.9414 -7.1481 3.1894 16.6534 -0.5937 0.4952
Cyclist -1 -1 -2.0767 172.3032 730.5585 398.1407 988.0530 1.6741 0.6770 1.8469 -5.0724 2.5206 11.1801 -2.5421 0.4315
Cyclist -1 -1 1.4499 1030.4227 748.2070 1110.8789 946.3052 1.7387 0.6696 0.9096 1.0244 2.9455 14.1697 1.5399 0.1042
Car -1 -1 -1.1612 0.0000 760.4523 145.3944 891.1194 1.5246 1.7925 3.8333 -14.6263 3.8570 23.6985 -1.7264 0.2324
Car -1 -1 2.1950 0.0000 741.7503 54.2549 891.2806 1.4650 1.7999 4.0347 -14.1437 3.1752 19.8560 1.5556 0.1984
