Pedestrian -1 -1 1.5210 1025.6984 770.1318 1091.0155 946.8549 1.6803 0.6384 0.7114 0.9778 3.1906 15.1854 1.6021 0.6363
Pedestrian -1 -1 1.3932 1141.4263 752.9427 1217.9313 935.0812 1.7408 0.6618 0.7553 2.2116 3.0756 15.2088 1.5617 0.6106
Pedestrian -1 -1 1.5191 984.7352 791.4222 1020.8265 880.6936 1.7157 0.7081 0.7292 0.8418 5.1512 30.4838 1.5604 0.5256
Pedestrian -1 -1 0.4199 389.3430 762.6244 450.1440 885.6882 1.5900 0.6636 0.5637 -7.3996 3.5057 20.4520 0.0634 0.3453
Pedestrian -1 -1 3.3929 534.8657 768.9491 590.4327 879.3502 1.5483 0.6525 0.6555 -5.9018 3.7151 22.1642 3.1295 0.2779
Pedestrian -1 -1 0.2373 134.8299 723.5104 342.3129 896.4076 1.8056 0.8240 1.9879 -8.1547 2.9658 16.9646 -0.2317 0.1077
Cyclist -1 -1 0.2373 134.8299 723.5104 342.3129 896.4076 1.8056 0.8240 1.9879 -8.1547 2.9658 16.9646 -0.2317 0.5688
Cyclist -1 -1 -1.8412 261.7237 724.7548 449.5845 983.1224 1.7157 0.8189 1.9340 -4.7745 2.5651 11.7146 -2.2619 0.3718
Car -1 -1 -1.4734 372.1156 762.1121 450.9774 828.6743 1.4180 1.7188 3.7521 -15.4809 5.4818 42.2596 -1.8211 0.3212
Car -1 -1 2.1787 0.0000 746.5264 127.1175 891.5059 1.5883 1.8863 4.3391 -14.5699 3.5733 22.2243 1.5831 0.2370
Car -1 -1 1.9732 1.5620 761.3549 136.5526 831.7617 1.4661 1.7527 4.1105 -24.7476 5.4625 41.6431 1.4371 0.2074
