Pedestrian -1 -1 1.5029 1045.3086 748.7725 1120.2369 945.7764 1.6889 0.6467 0.6734 1.0965 2.8444 13.6031 1.6023 0.5041
Pedestrian -1 -1 1.4269 1186.1667 755.0699 1267.3617 951.3145 1.6665 0.6477 0.7074 2.3983 2.8798 13.5661 1.6306 0.4844
Pedestrian -1 -1 1.5462 1022.8487 796.3470 1055.4469 882.9468 1.5854 0.6238 0.6118 1.5048 4.9419 28.9583 1.6129 0.4435
Pedestrian -1 -1 0.1769 403.8864 762.6972 458.8148 897.6827 1.6449 0.6203 0.5732 -6.8335 3.4563 19.3029 -0.1737 0.3393
Pedestrian -1 -1 -0.0070 201.4907 734.5427 295.8406 897.6442 1.6180 0.6571 0.8916 -7.6263 2.8274 15.9986 -0.4751 0.3340
Cyclist -1 -1 -1.8063 176.7431 714.3834 358.4088 975.0872 1.6273 0.7209 1.8385 -5.0858 2.3355 10.9040 -2.2855 0.4188
Cyclist -1 -1 -0.4186 306.6382 740.3595 501.2584 911.9510 1.6940 0.7331 1.9433 -6.3027 3.0788 16.9875 -0.7894 0.4045
Cyclist -1 -1 -0.0640 202.6030 732.8222 311.0504 900.0342 1.6502 0.6754 0.9947 -7.5384 2.8440 16.0001 -0.5273 0.1736
Car -1 -1 2.1232 0.0000 755.3484 173.9150 890.7630 1.5627 1.7975 4.1324 -14.2544 3.7785 23.3277 1.5620 0.2847
Car -1 -1 -1.5501 912.3040 816.2231 973.3381 884.7314 1.6109 1.8480 4.0786 -0.5600 8.1085 48.7277 -1.5484 0.1947
Car -1 -1 1.5292 855.8846 798.1044 924.4368 874.5377 1.5258 1.7642 3.9733 -2.0026 6.5342 41.1925 1.4924 0.1856
