Pedestrian -1 -1 1.4777 1015.6162 769.6599 1071.9829 920.6128 1.6363 0.5980 0.6418 0.9414 3.3298 17.1669 1.5481 0.6125
Pedestrian -1 -1 1.4643 1098.1565 772.3187 1154.2501 921.7119 1.6221 0.5888 0.6252 1.8896 3.3479 17.1874 1.5938 0.5709
Pedestrian -1 -1 1.6157 976.1254 793.4474 1008.1444 874.0372 1.6498 0.6574 0.6397 0.6718 5.3407 32.4026 1.6499 0.5200
Pedestrian -1 -1 3.2665 547.8985 770.4681 589.4703 883.9012 1.6917 0.6740 0.5563 -6.1971 4.0276 23.6261 3.0085 0.2479
Pedestrian -1 -1 -1.7779 1087.3846 833.4940 1137.5083 935.3820 1.3443 0.6068 0.6431 2.1685 4.3917 21.5000 -1.6593 0.1940
Pedestrian -1 -1 0.1721 142.9554 702.8130 323.4807 855.3137 1.7244 0.7981 1.8795 -8.8405 2.7090 18.2405 -0.2989 0.1317
Cyclist -1 -1 -1.7581 428.7699 735.1281 570.4915 969.0952 1.6289 0.7328 1.9141 -3.8528 2.6162 12.3805 -2.0833 0.6310
Cyclist -1 -1 0.1730 128.3019 703.1448 311.0090 856.4240 1.7275 0.8177 1.8904 -8.9926 2.7159 18.2167 -0.3056 0.4627
Car -1 -1 -1.6364 1261.4216 781.7524 1467.8615 1000.1681 1.4212 1.7071 3.7174 3.8580 3.1638 14.6111 -1.3436 0.1930
Car -1 -1 1.9151 0.0000 750.6600 108.5177 896.8399 1.6275 1.8468 4.0498 -14.5462 3.7121 22.6006 1.3290 0.1704
Car -1 -1 -1.3998 698.6524 789.7692 807.1199 880.4405 1.5184 1.7874 3.8937 -4.7018 5.5118 34.2386 -1.5281 0.1609
