Pedestrian -1 -1 1.4600 1110.1555 767.7831 1169.1980 922.6322 1.6187 0.5909 0.7348 1.9851 3.2505 16.7021 1.5992 0.6826
Pedestrian -1 -1 1.4780 1020.9691 765.8135 1078.6616 917.5244 1.6087 0.5996 0.6106 0.9857 3.2159 16.7455 1.5527 0.6317
Pedestrian -1 -1 1.6142 978.2474 792.7892 1009.5109 874.3652 1.6438 0.6312 0.6181 0.6971 5.2555 31.8374 1.6496 0.4408
Pedestrian -1 -1 -1.7816 1090.9513 831.3339 1141.9944 935.6442 1.3521 0.6025 0.6625 2.1902 4.3215 21.1537 -1.6600 0.2170
Pedestrian -1 -1 0.1602 135.8366 702.7152 326.0256 865.0827 1.7947 0.8407 1.9459 -8.6966 2.7624 17.8983 -0.3122 0.1020
Cyclist -1 -1 -1.8365 402.1255 721.5663 568.3107 968.3224 1.7114 0.7710 1.8993 -3.9015 2.5620 12.1574 -2.1724 0.5599
Cyclist -1 -1 0.1602 135.8366 702.7152 326.0256 865.0827 1.7947 0.8407 1.9459 -8.6966 2.7624 17.8983 -0.3122 0.3515
Car -1 -1 -1.7787 1225.8602 773.5895 1487.9380 1002.0627 1.4843 1.7413 3.8218 3.5970 3.0969 14.2492 -1.4970 0.3550
Car -1 -1 1.9738 0.0000 744.9838 127.3561 898.0717 1.7035 1.9541 4.4894 -14.5810 3.7229 22.7640 1.3902 0.1951
Car -1 -1 1.8261 276.0111 785.1240 379.0763 854.8394 1.4848 1.7987 4.0077 -18.4287 6.3887 43.6595 1.4305 0.1754
