Pedestrian -1 -1 1.4006 1364.7500 741.2128 1481.0532 1023.8207 1.7279 0.6473 0.8402 3.0693 2.5426 10.0025 1.7501 0.6305
Pedestrian -1 -1 1.4932 1172.8641 738.3813 1273.7937 1013.7826 1.7027 0.6329 0.8030 1.7456 2.4983 10.0463 1.6999 0.6246
Pedestrian -1 -1 1.5671 1114.1521 804.6195 1154.9733 911.6130 1.7185 0.6868 0.6833 2.9809 4.8520 25.6904 1.7006 0.5424
Pedestrian -1 -1 -1.3226 414.7655 766.0605 491.9946 944.4927 1.6970 0.6141 0.6081 -5.1130 3.1519 15.0803 -1.6663 0.1834
Pedestrian -1 -1 -1.7783 1266.9329 852.8790 1335.5642 1015.0687 1.5811 0.6110 0.5811 3.5708 4.0267 15.7377 -1.5254 0.1830
Cyclist -1 -1 -0.8027 592.7226 761.4908 758.3630 935.8806 1.6790 0.7205 1.9116 -3.2067 3.3191 16.9584 -0.9931 0.5172
Cyclist -1 -1 -1.9493 0.0000 701.1979 196.0820 1030.4180 1.7167 0.6952 1.9026 -5.4661 2.2167 8.9872 -2.5608 0.4890
Cyclist -1 -1 1.3877 1364.1078 738.5146 1484.2579 1027.4828 1.7518 0.6505 0.9010 3.0619 2.5461 9.9563 1.7381 0.1056
Cyclist -1 -1 1.4830 1170.7710 736.3323 1274.4158 1018.1143 1.7346 0.6393 0.8831 1.7411 2.5195 10.0583 1.6890 0.1053
Car -1 -1 1.8391 418.2722 805.0032 538.5668 889.1862 1.5793 1.9393 4.2209 -12.6279 6.5801 39.3776 1.5340 0.3973
Car -1 -1 2.2256 0.0000 781.7578 163.1108 928.2664 1.4491 1.7672 3.9149 -13.3188 3.8781 21.1372 1.6482 0.1870
Car -1 -1 -0.9731 322.8936 791.4594 495.9582 881.6265 1.4592 1.7970 3.9438 -12.5268 5.5072 34.2120 -1.3223 0.1843
Car -1 -1 1.4236 1180.7994 827.7629 1269.6970 912.2399 1.6753 1.9299 4.1989 7.3627 7.6727 42.0714 1.6143 0.1754
