Pedestrian -1 -1 1.4540 1239.2219 752.7999 1359.8967 1055.2889 1.6410 0.6455 0.9309 2.0269 2.4586 9.0508 1.7195 0.7699
Pedestrian -1 -1 1.6123 1144.6351 800.3052 1189.0132 909.5501 1.6818 0.6863 0.6826 3.4011 4.6279 24.7154 1.7683 0.6150
Pedestrian -1 -1 1.2932 1440.6390 736.6938 1581.3817 1041.9360 1.6552 0.6373 0.7338 3.2212 2.3446 8.8150 1.7090 0.5855
Pedestrian -1 -1 1.1190 1531.3157 748.1119 1654.4879 1019.3273 1.6246 0.5745 0.4869 3.9727 2.4219 9.4300 1.5847 0.2819
Pedestrian -1 -1 -1.0870 209.0090 766.5395 289.4831 930.3579 1.7014 0.6195 0.5288 -7.7393 3.2680 16.2694 -1.5520 0.2807
Pedestrian -1 -1 -1.8674 1721.5446 728.7554 1859.8668 1045.5980 1.7316 0.6049 0.5472 4.8373 2.3636 8.7507 -1.2795 0.2385
Cyclist -1 -1 -0.8214 670.9115 774.2917 832.8708 953.1688 1.7000 0.6933 1.9002 -2.3238 3.4780 16.8209 -0.9582 0.5648
Cyclist -1 -1 1.4342 1240.3538 753.6176 1363.2462 1059.7667 1.6523 0.6363 0.9572 2.0329 2.4732 9.0208 1.7013 0.1978
Car -1 -1 -1.7837 1324.5170 801.1475 1523.1876 966.3348 1.4615 1.7892 4.0828 6.0138 4.0575 19.8990 -1.4601 0.5258
Car -1 -1 1.8627 434.7791 800.3871 553.9918 880.9711 1.5149 1.8642 3.9624 -12.0163 6.2942 38.7424 1.5670 0.3955
Car -1 -1 -1.6277 980.4535 794.6448 1044.9591 862.1891 1.5412 1.8245 4.0631 1.5528 7.0417 46.4183 -1.5803 0.2229
