Pedestrian -1 -1 1.3374 1147.3900 736.6445 1256.7561 999.2205 1.7325 0.6216 0.7812 1.6954 2.5559 10.6147 1.5273 0.7142
Pedestrian -1 -1 1.3634 1323.3749 759.7945 1440.6290 1026.1222 1.7014 0.6677 0.7896 2.9143 2.6800 10.4188 1.6830 0.6441
Pedestrian -1 -1 1.5767 1095.1282 808.5988 1133.3501 907.9200 1.6151 0.6501 0.7453 2.6889 4.8896 26.2463 1.6960 0.3976
Pedestrian -1 -1 1.3494 1545.8456 877.5103 1657.4977 1141.7032 1.6915 0.6412 0.5923 4.5402 3.5492 10.6341 1.8103 0.2932
Pedestrian -1 -1 -1.9897 1565.5466 866.5862 1670.6139 1055.9807 1.4470 0.6313 0.6066 5.5019 3.5269 12.5524 -1.5256 0.1697
Cyclist -1 -1 -1.9923 0.0000 700.8291 208.7704 1025.2872 1.7639 0.7282 1.9728 -5.6301 2.2798 9.3382 -2.5961 0.5785
Cyclist -1 -1 -0.4029 519.4080 750.2248 722.8188 933.3495 1.7758 0.8101 2.0660 -3.7842 3.2557 16.7217 -0.6320 0.4467
Cyclist -1 -1 1.3325 1148.0592 734.6000 1261.2606 1004.6351 1.7678 0.6304 0.8406 1.7062 2.5756 10.5776 1.5243 0.1009
Car -1 -1 -0.9366 329.2927 791.6962 506.6711 881.5933 1.4636 1.8136 4.0459 -12.5071 5.5792 34.7014 -1.2803 0.1975
Car -1 -1 2.2545 0.0000 769.5825 142.0892 908.6954 1.4258 1.7377 3.8433 -13.8164 3.6969 21.4770 1.6672 0.1869
Car -1 -1 2.6735 1517.5297 822.9224 1715.0466 900.8686 1.6184 1.8371 4.0887 16.1678 6.6538 37.0411 3.1088 0.1827
Car -1 -1 1.5492 965.9080 821.2597 1028.5253 891.3470 1.5450 1.8606 4.0637 1.1006 7.9167 46.4792 1.5868 0.1568
