Pedestrian -1 -1 1.4202 1269.6302 734.7410 1399.9017 1058.0950 1.6689 0.6343 0.8853 2.1094 2.3310 8.5304 1.7138 0.6797
Pedestrian -1 -1 1.5199 1166.2739 802.6355 1211.0874 916.5725 1.7179 0.6938 0.6883 3.6632 4.6311 24.1273 1.6907 0.6047
Pedestrian -1 -1 1.3758 1486.6842 745.3317 1622.1252 1067.5880 1.6200 0.6151 0.6529 3.2365 2.3125 8.2051 1.8251 0.5494
Pedestrian -1 -1 1.9302 16.1847 794.4158 97.9799 954.4379 1.6013 0.5963 0.5682 -9.6791 3.4562 16.0239 1.3620 0.1612
Cyclist -1 -1 -0.8073 693.2990 777.2750 862.9557 961.8268 1.7195 0.7033 1.9587 -1.9967 3.5090 16.5688 -0.9255 0.4530
Cyclist -1 -1 -1.7778 1332.5679 850.3029 1441.7129 1058.8064 1.5863 0.6862 2.0694 4.1598 3.9691 14.7438 -1.4678 0.2632
Cyclist -1 -1 1.4061 1266.7329 733.7857 1402.3462 1060.7502 1.6770 0.6430 0.9762 2.1091 2.3374 8.5453 1.6992 0.1669
Cyclist -1 -1 -1.4779 1090.1572 973.4529 1198.6146 1216.0000 1.7319 0.7101 1.9726 1.6317 5.0206 13.0675 -1.3292 0.1636
Car -1 -1 2.3139 0.0000 792.3062 165.9999 942.9663 1.3552 1.7268 4.0098 -12.9294 3.8612 20.2705 1.7296 0.3089
Car -1 -1 -1.3642 440.3159 797.7933 544.4010 880.3690 1.5538 1.7884 3.7379 -11.9151 6.1966 38.2154 -1.6617 0.2160
Car -1 -1 -1.6397 989.9423 792.0361 1056.7327 860.9124 1.5694 1.8313 4.0748 1.8671 6.9482 46.0763 -1.5852 0.2113
