Pedestrian -1 -1 1.5790 1075.6577 807.4654 1115.9243 910.3058 1.7101 0.6971 0.7071 2.4011 5.0110 26.6471 1.6856 0.6986
Pedestrian -1 -1 1.3716 1133.0902 741.1132 1238.3328 989.1302 1.7100 0.6449 0.8069 1.6529 2.6050 11.1063 1.5486 0.5620
Pedestrian -1 -1 1.3785 1286.2419 749.6276 1388.4419 992.9578 1.6516 0.6231 0.7211 2.7370 2.5962 10.9368 1.6656 0.3992
Pedestrian -1 -1 1.2856 1498.7467 808.0715 1608.5438 1054.6681 1.6776 0.6314 0.6022 4.3558 3.0705 11.0282 1.7164 0.3818
Pedestrian -1 -1 1.4288 1223.0698 894.8468 1287.7589 1057.1520 1.6211 0.6280 0.6155 3.2127 4.6360 16.3706 1.6493 0.2255
Pedestrian -1 -1 -2.9938 1191.8356 800.7934 1251.0148 902.2798 1.4403 0.6552 0.8058 4.0403 4.2220 23.2056 -2.7999 0.1642
Cyclist -1 -1 -1.9647 0.0000 701.1262 232.0618 1020.8274 1.7905 0.7584 1.9395 -5.6060 2.3255 9.6399 -2.5489 0.4396
Cyclist -1 -1 -0.4609 476.2217 751.3801 671.5154 936.3781 1.7863 0.7478 1.9811 -4.2899 3.2740 16.6540 -0.7217 0.3812
Cyclist -1 -1 1.3541 1129.6871 740.5618 1239.3943 993.1033 1.7353 0.6537 0.8898 1.6493 2.6333 11.1530 1.5300 0.1020
Car -1 -1 0.5772 0.0000 818.5926 163.6872 990.9792 1.6484 1.8135 4.0167 -11.8248 4.0411 17.4908 -0.0382 0.2073
Car -1 -1 2.2567 0.0000 791.0720 71.0244 907.1584 1.5039 1.8312 4.1856 -18.7861 4.8248 27.7237 1.6538 0.1872
Car -1 -1 1.5962 1157.1731 835.3741 1229.2838 914.5734 1.5698 1.8670 3.8166 6.6505 7.8567 42.6148 1.7680 0.1802
Car -1 -1 2.1663 294.3698 788.1065 464.0027 874.4873 1.4195 1.7496 3.9392 -13.4046 5.4363 34.6892 1.7990 0.1770
Car -1 -1 2.6647 1482.6758 820.6135 1679.2722 897.5637 1.6112 1.8457 4.1954 15.5741 6.6838 37.7091 3.0796 0.1711
Car -1 -1 2.2650 0.0000 766.4595 140.4705 902.2064 1.4039 1.7181 3.8110 -13.8996 3.6362 21.5953 1.6775 0.1691
