Pedestrian -1 -1 1.3905 1392.0615 728.9881 1518.1543 1029.9343 1.7297 0.6516 0.8606 3.0888 2.4188 9.4156 1.7647 0.5482
Pedestrian -1 -1 1.6367 1115.6499 801.5020 1160.5867 910.9279 1.7235 0.6982 0.7151 2.9997 4.7645 25.3305 1.7728 0.4442
Pedestrian -1 -1 1.4517 1211.2554 738.8771 1315.2085 1014.2142 1.6695 0.6130 0.6072 1.9439 2.4335 9.6853 1.6893 0.4338
Pedestrian -1 -1 1.6781 29.4846 791.1249 98.2551 945.0069 1.5941 0.6141 0.5542 -10.0161 3.4938 16.7059 1.1150 0.1888
Cyclist -1 -1 -0.7939 644.5148 771.5693 810.4422 946.4103 1.6772 0.6905 1.9561 -2.6267 3.4434 17.0119 -0.9478 0.4407
Cyclist -1 -1 -1.4705 0.0000 724.5136 119.3002 1065.3657 1.6698 0.7052 1.8649 -5.4101 2.3276 8.8882 -2.0824 0.3282
Cyclist -1 -1 1.3821 1387.8390 726.5989 1517.6040 1034.1024 1.7623 0.6593 0.9270 3.0758 2.4385 9.4276 1.7544 0.1068
Car -1 -1 1.8456 415.5851 797.0308 536.8212 880.0670 1.5591 1.9179 4.2103 -12.5844 6.3013 39.0646 1.5387 0.5022
Car -1 -1 2.1922 69.3343 844.5621 308.0352 974.6423 1.5733 1.8916 4.0318 -14.0180 5.9143 27.4210 1.7169 0.1823
Car -1 -1 2.2310 0.0000 777.1689 163.2006 927.0663 1.4795 1.7431 4.0188 -13.2948 3.8337 21.0467 1.6522 0.1750
Car -1 -1 -0.9033 262.6267 799.3096 454.3712 895.5592 1.4649 1.8166 3.9814 -13.1066 5.5407 32.7799 -1.2830 0.1729
