Pedestrian -1 -1 1.3866 1529.5614 724.1128 1675.2616 1076.5308 1.6701 0.6239 0.7144 3.3076 2.2139 7.7643 1.8709 0.6820
Pedestrian -1 -1 1.5321 1173.2191 830.6763 1217.3489 944.8707 1.6776 0.6784 0.6591 3.7007 4.9880 23.6850 1.7075 0.5576
Pedestrian -1 -1 1.4208 1307.7659 710.1722 1446.3657 1052.9224 1.7138 0.6555 0.8040 2.2468 2.2048 8.1566 1.7476 0.5537
Pedestrian -1 -1 1.1160 1807.2172 697.7581 1936.0000 1040.1188 1.6802 0.6391 0.5861 4.8879 2.0793 7.8397 1.7717 0.3711
Pedestrian -1 -1 1.3634 1612.2640 735.1614 1736.0186 1046.3245 1.6583 0.5762 0.5149 4.0574 2.3127 8.5407 1.8858 0.2521
Cyclist -1 -1 -0.9335 709.0756 767.0257 875.5182 954.1364 1.7422 0.8282 1.9545 -1.8377 3.4177 16.5763 -1.0416 0.4799
Cyclist -1 -1 -1.8594 1335.7042 849.8378 1463.1562 1063.1444 1.5990 0.6766 2.1067 4.2074 3.9421 14.5148 -1.5413 0.2327
Car -1 -1 1.8322 448.3527 799.1660 559.9763 879.5289 1.4950 1.7763 3.7995 -11.5713 6.1581 38.0913 1.5421 0.2446
Car -1 -1 2.2443 0.0000 784.9092 175.2723 939.6033 1.4267 1.7483 4.0235 -12.6853 3.8106 20.1942 1.6668 0.2076
Car -1 -1 -1.6599 1007.7839 794.2096 1078.9957 864.9977 1.5922 1.8740 4.2779 2.4819 7.0579 46.1179 -1.5918 0.1950
Car -1 -1 1.6428 956.3828 775.2623 1040.3042 856.7621 1.6342 1.9123 4.4423 1.0713 5.9730 40.8380 1.6826 0.1809
