Pedestrian -1 -1 1.5648 1052.0695 807.1675 1090.1987 904.2266 1.6857 0.6940 0.6310 2.0308 5.0921 27.6054 1.6541 0.6449
Pedestrian -1 -1 1.4105 1085.1677 741.3459 1179.4479 973.5768 1.7497 0.6540 0.7906 1.3687 2.7213 12.0745 1.5470 0.5820
Pedestrian -1 -1 1.4109 1218.0665 752.6562 1308.0875 976.7380 1.6871 0.6316 0.6402 2.4098 2.7408 11.9916 1.6429 0.4583
Pedestrian -1 -1 0.0891 400.5653 763.1343 450.4965 910.1044 1.6942 0.5943 0.5298 -6.5377 3.4156 18.2660 -0.2666 0.2735
Pedestrian -1 -1 -1.8291 1444.1277 839.3234 1544.7107 1065.4482 1.6364 0.6278 0.6663 4.2292 3.3957 11.8980 -1.4399 0.2133
Pedestrian -1 -1 -1.8316 1182.8402 845.0317 1246.3180 989.3624 1.5512 0.6068 0.5751 2.9280 4.1460 17.3196 -1.6398 0.2094
Pedestrian -1 -1 -1.2962 253.0743 750.5809 338.9082 936.3527 1.7749 0.6597 0.6207 -6.7233 3.0773 15.1363 -1.7370 0.2014
Cyclist -1 -1 -2.0270 26.3353 707.4228 274.0534 984.1628 1.6669 0.6699 1.8635 -5.5800 2.2760 10.2555 -2.5769 0.4454
Cyclist -1 -1 -0.4144 384.0372 747.6456 590.7348 934.7387 1.7994 0.8110 2.0422 -5.2525 3.2476 16.6587 -0.7322 0.4020
Cyclist -1 -1 -3.0946 1243.0358 765.5387 1315.0232 831.0081 1.8000 0.8417 2.0561 9.5092 6.0719 44.7389 -2.8670 0.1922
Car -1 -1 1.7723 451.6407 792.1951 550.9051 865.3763 1.4902 1.8613 4.4550 -13.2357 6.5892 43.2778 1.4815 0.2985
Car -1 -1 -0.3344 1404.7701 811.9798 1598.5961 889.1602 1.6977 1.9337 4.3657 14.0130 6.7019 38.9641 0.0328 0.2661
Car -1 -1 2.1173 0.0000 759.1223 170.3067 896.5106 1.5082 1.8243 4.2082 -13.9907 3.7348 22.6848 1.5510 0.2025
Car -1 -1 0.5517 0.0000 799.6808 166.9707 966.6479 1.6663 1.8447 4.0596 -12.1606 3.9082 18.1423 -0.0589 0.1979
