Pedestrian -1 -1 1.4111 1097.6537 739.3563 1199.7367 982.7408 1.7515 0.6723 0.9112 1.4451 2.6786 11.6534 1.5598 0.6986
Pedestrian -1 -1 1.4398 1261.0071 754.2492 1352.8439 992.6923 1.6993 0.6248 0.6548 2.6286 2.7189 11.4211 1.7042 0.5544
Pedestrian -1 -1 1.5947 1058.5682 809.0682 1097.8514 909.3524 1.6864 0.6790 0.7254 2.1168 5.0629 27.0175 1.6890 0.5360
Pedestrian -1 -1 1.3275 1481.5530 785.0663 1580.1956 1011.0231 1.6039 0.6078 0.5587 4.3339 2.8607 11.4068 1.7431 0.3816
Pedestrian -1 -1 -1.1833 323.4104 765.0737 402.8576 934.9810 1.6562 0.5860 0.5869 -6.1376 3.1243 15.3650 -1.5832 0.2399
Cyclist -1 -1 -1.9503 0.0000 708.5993 240.0989 1001.9967 1.6961 0.7069 1.8731 -5.6426 2.2997 9.9522 -2.5207 0.4295
Cyclist -1 -1 -0.6546 463.6096 759.6372 648.5693 937.6388 1.6910 0.6739 2.0071 -4.4964 3.2891 16.7326 -0.9265 0.3475
Cyclist -1 -1 1.4059 1094.5803 738.1482 1199.2574 985.3125 1.7681 0.6777 0.9838 1.4295 2.6882 11.6519 1.5531 0.1939
Car -1 -1 1.1667 1435.2854 787.4853 1568.1853 869.7065 1.5795 1.8339 4.2619 14.1637 6.1037 39.4489 1.5336 0.3345
Car -1 -1 -1.7576 1524.4377 837.6078 1754.3788 1041.4895 1.5385 1.9400 4.3965 8.2610 4.5251 18.6206 -1.3030 0.2675
Car -1 -1 2.1993 0.0000 762.0690 123.1447 898.0920 1.4349 1.7460 3.9115 -14.2152 3.6132 21.7632 1.6051 0.2284
