Pedestrian -1 -1 1.1472 1604.9431 683.0468 1814.9036 1096.1274 1.7239 0.6397 0.7717 3.3682 2.0045 6.7880 1.7107 0.6733
Pedestrian -1 -1 1.3589 1375.8506 692.0054 1541.5675 1099.8246 1.7703 0.6396 0.8133 2.3363 2.1094 7.0999 1.7524 0.6247
Pedestrian -1 -1 1.4928 1205.8228 835.9929 1250.0110 947.1704 1.5636 0.6261 0.6242 4.0420 4.8166 22.6983 1.6908 0.5112
Pedestrian -1 -1 -0.0612 14.6734 795.3130 109.8272 943.8931 1.3620 0.6412 0.7816 -9.2112 3.1637 15.3207 -0.6302 0.3194
Pedestrian -1 -1 1.7158 741.8250 876.7604 796.9126 1006.7646 1.6260 0.6571 0.5722 -2.5787 5.0666 20.1354 1.5941 0.2465
Pedestrian -1 -1 2.5271 1674.4834 703.9244 1848.5413 1054.7197 1.6780 0.6010 0.5543 4.0506 2.0960 7.6013 3.1114 0.1863
Cyclist -1 -1 -0.8864 802.3944 780.4738 986.4437 976.1504 1.8083 0.8570 2.1879 -0.7111 3.6682 16.7475 -0.9206 0.4689
Cyclist -1 -1 -0.0502 14.6728 796.9063 123.8983 947.7126 1.3630 0.7037 0.9090 -9.1385 3.1883 15.3196 -0.6156 0.1061
Car -1 -1 -1.6302 1029.6115 811.8144 1099.9828 887.5518 1.5295 1.7857 3.8412 2.8426 6.9871 41.7230 -1.5472 0.2054
Car -1 -1 2.1979 0.0000 810.6688 172.2175 982.2193 1.4554 1.7835 4.1327 -12.2627 4.1208 19.3509 1.6163 0.1907
Car -1 -1 0.3341 700.7026 832.2914 827.7080 892.7703 1.5834 1.7886 3.7555 -6.4583 8.5780 49.1625 0.2147 0.1781
