Pedestrian -1 -1 1.1105 1619.6971 675.8859 1929.0133 1216.0000 1.7135 0.6453 0.9282 2.6507 1.9006 4.9731 1.7500 0.7157
Pedestrian -1 -1 1.6661 1253.6610 836.6181 1307.7612 963.8320 1.6149 0.6615 0.6609 4.4470 4.6194 20.8017 1.9013 0.5443
Pedestrian -1 -1 -1.1362 163.5201 857.2539 226.8161 971.3055 1.6113 0.6411 0.6743 -11.7298 5.2258 22.9116 -1.6165 0.2684
Pedestrian -1 -1 -0.9423 134.0140 831.6292 246.5863 997.9648 1.3727 0.6291 0.7029 -7.0478 3.3193 13.6934 -1.4463 0.1809
Pedestrian -1 -1 -1.7177 1507.1484 814.5396 1599.6069 1053.7723 1.7182 0.6194 0.5591 4.6045 3.2415 11.6573 -1.2897 0.1741
Cyclist -1 -1 -1.2218 928.2087 768.4951 1061.1311 948.5994 1.7102 0.8761 1.9301 0.4109 3.4393 16.9482 -1.1843 0.5330
Cyclist -1 -1 1.0919 1615.3188 675.7005 1933.4598 1216.0000 1.7294 0.6415 0.9696 2.6389 1.9158 4.9571 1.7312 0.1689
Car -1 -1 3.1642 732.1862 817.4366 857.3423 875.3179 1.6000 1.9144 4.0675 -5.5079 8.1580 49.8269 3.0654 0.3505
Car -1 -1 2.3299 404.2532 860.2742 593.8931 969.3774 1.5195 1.7931 3.6744 -9.7164 6.8293 31.6918 2.0371 0.2770
Car -1 -1 2.1998 0.0000 817.4612 161.1058 1000.7435 1.3777 1.8956 4.1923 -11.6540 3.9465 17.8264 1.6006 0.2047
Car -1 -1 -1.6718 1093.3920 818.4301 1170.8334 894.3691 1.5273 1.8351 3.8599 4.7468 7.2149 41.9942 -1.5432 0.1706
