Pedestrian -1 -1 1.6865 1244.5281 824.3333 1299.0780 952.8896 1.6742 0.6716 0.6687 4.4124 4.5628 21.2319 1.9155 0.6352
Pedestrian -1 -1 1.0136 1557.6309 632.9707 1865.8223 1165.0491 1.7406 0.6646 0.9265 2.6513 1.7722 5.3807 1.6046 0.6199
Pedestrian -1 -1 0.9920 1759.8322 657.4836 1936.0000 1139.5066 1.6557 0.6215 0.6433 3.4196 1.7842 5.5404 1.6872 0.3291
Pedestrian -1 -1 -1.0753 60.0488 879.4692 134.4061 1015.8973 1.6551 0.6298 0.6224 -11.3590 5.0592 19.6737 -1.6111 0.2217
Pedestrian -1 -1 -1.0363 174.9754 831.9123 237.1637 945.8942 1.6519 0.6223 0.6468 -11.7373 4.9184 23.2550 -1.5113 0.2001
Pedestrian -1 -1 -0.9781 0.0000 833.6432 75.6874 981.3074 1.2837 0.6042 0.6864 -8.9835 3.3301 14.3165 -1.5689 0.1903
Pedestrian -1 -1 -1.4074 756.2276 865.5777 813.2413 996.2396 1.5437 0.6358 0.5670 -2.2463 4.6613 19.0714 -1.5194 0.1898
Pedestrian -1 -1 -1.2587 717.9708 850.9189 789.1459 1022.3892 1.7243 0.6155 0.5913 -2.2574 4.2389 16.2929 -1.3946 0.1895
Pedestrian -1 -1 2.4956 1552.4883 853.0789 1653.0256 1037.3362 1.5138 0.6236 0.5877 5.8026 3.6361 13.5469 2.9476 0.1822
Cyclist -1 -1 -1.2166 917.8415 780.3972 1046.5620 962.8508 1.7164 0.8051 1.9587 0.2696 3.5870 16.9316 -1.1879 0.5980
Cyclist -1 -1 0.9996 1549.7667 632.8380 1861.7202 1169.7211 1.7582 0.6572 0.9611 2.6362 1.7895 5.3973 1.5860 0.1485
Car -1 -1 0.7981 211.4846 785.7742 435.6234 885.8483 1.4860 1.7374 3.8835 -12.2419 4.7416 28.7183 0.3923 0.3284
Car -1 -1 1.3300 1074.3440 844.0733 1165.0640 920.1953 1.4885 1.7740 3.6202 4.4098 7.9390 42.1087 1.4503 0.1993
Car -1 -1 1.8401 578.5144 852.5966 684.0080 936.1158 1.6130 1.8838 3.7641 -9.0683 8.2092 41.3842 1.6336 0.1914
Car -1 -1 1.9333 688.7032 844.3860 792.5438 920.1444 1.6548 1.9319 3.9484 -6.9075 8.8992 47.2171 1.7992 0.1881
Car -1 -1 2.3133 0.0000 784.7983 68.2910 976.4254 1.3866 1.7744 3.9734 -11.9239 3.3495 16.3037 1.6549 0.1870
