Pedestrian -1 -1 1.5417 1239.2374 839.5905 1286.6161 959.1312 1.5999 0.6674 0.6698 4.3981 4.7887 21.8186 1.7640 0.7018
Pedestrian -1 -1 1.0667 1502.1345 681.2775 1758.8124 1160.8849 1.7251 0.6324 0.8965 2.6195 1.9662 5.9412 1.5930 0.6069
Pedestrian -1 -1 1.0945 1748.8927 689.7236 1936.0000 1183.2751 1.7021 0.6111 0.7225 3.4378 1.9665 5.6822 1.7742 0.5098
Pedestrian -1 -1 -1.4856 840.7494 881.0104 884.7797 1001.0554 1.5844 0.5747 0.5174 -1.3891 5.2512 21.1436 -1.5417 0.2823
Pedestrian -1 -1 -1.2467 722.3602 802.1712 792.2471 965.1844 1.7199 0.6246 0.5951 -2.2987 3.7641 16.8935 -1.3806 0.2336
Pedestrian -1 -1 -1.5830 1410.6559 854.0062 1462.3004 993.6863 1.3684 0.5161 0.5084 5.0993 3.8753 16.0390 -1.2397 0.2043
Pedestrian -1 -1 -0.8213 0.0000 815.3000 99.4223 960.6934 1.2760 0.6376 0.7651 -9.0270 3.2003 14.6832 -1.4021 0.1958
Pedestrian -1 -1 1.8678 377.7292 780.4244 462.6296 970.0051 1.6842 0.6153 0.5920 -5.1006 3.1858 14.1218 1.5010 0.1809
Pedestrian -1 -1 -0.9684 0.0000 866.3778 62.4450 1010.4736 1.6088 0.6343 0.6129 -11.3604 4.5762 18.0630 -1.5468 0.1773
Pedestrian -1 -1 -0.4404 1796.1967 815.9797 1936.0000 1140.8188 1.3130 0.6354 0.6481 4.2975 2.2408 6.8782 0.2286 0.1717
Pedestrian -1 -1 -1.8227 1465.9200 899.1458 1550.2140 1099.7987 1.5286 0.5686 0.5089 4.5567 3.8718 12.4849 -1.4271 0.1706
Pedestrian -1 -1 -1.4985 1089.3561 773.8021 1144.0446 923.5060 1.6736 0.5948 0.5754 1.8473 3.4732 17.7344 -1.3753 0.1703
Pedestrian -1 -1 -1.1862 176.6531 817.4378 269.8465 980.3914 1.4405 0.6247 0.6190 -7.0761 3.3330 14.3599 -1.6699 0.1646
Cyclist -1 -1 -1.2026 889.8571 776.0504 1019.8148 967.4384 1.7993 0.7719 2.0032 -0.0381 3.6088 16.8284 -1.1935 0.6010
Cyclist -1 -1 1.0885 1460.3324 670.7791 1731.5021 1166.6021 1.7949 0.6778 1.0046 2.5071 1.9951 6.0162 1.5890 0.1166
Car -1 -1 -1.4821 1025.6608 780.9250 1101.5012 855.7632 1.6740 1.8455 4.1309 3.1117 6.5759 44.7895 -1.3981 0.2404
Car -1 -1 2.0887 390.5906 842.1813 550.9138 943.2904 1.4956 1.7185 3.6411 -10.5728 6.5017 32.4961 1.7781 0.2067
Car -1 -1 1.9493 639.2131 822.1531 743.5313 891.2912 1.4812 1.8408 3.7838 -8.1969 7.7836 45.7376 1.7817 0.1687
