Pedestrian -1 -1 1.1185 1672.3362 699.6080 1889.9204 1135.1932 1.6747 0.6105 0.6706 3.4044 2.0064 6.2603 1.7335 0.7383
Pedestrian -1 -1 1.2433 1427.8044 673.7773 1640.6023 1127.9448 1.7839 0.6692 0.8714 2.4375 2.0103 6.4504 1.6967 0.6692
Pedestrian -1 -1 1.4824 1220.2057 841.5527 1266.5344 958.0826 1.6039 0.6367 0.6147 4.1830 4.8703 22.2032 1.6911 0.5012
Pedestrian -1 -1 0.1059 11.4871 799.0522 102.5539 963.7752 1.4960 0.6544 0.7327 -9.0586 3.2965 15.0043 -0.4652 0.2972
Pedestrian -1 -1 -1.5022 1068.4843 769.3511 1120.0000 915.3752 1.6738 0.5756 0.5449 1.6123 3.4520 18.0904 -1.3952 0.1713
Pedestrian -1 -1 -0.4299 1745.5629 769.0654 1936.0000 1106.7065 1.4665 0.6755 0.6861 4.2730 2.2030 7.2386 0.2065 0.1616
Pedestrian -1 -1 -1.2988 752.2299 913.8352 811.3302 1052.0341 1.6537 0.6312 0.6033 -2.3593 5.5267 19.6978 -1.4113 0.1593
Pedestrian -1 -1 -1.0259 700.7803 791.7194 773.9991 952.7831 1.7228 0.6076 0.6054 -2.5731 3.6873 17.2141 -1.1739 0.1586
Pedestrian -1 -1 -0.9901 173.3506 848.3765 233.8290 961.9536 1.6833 0.6294 0.6092 -12.0644 5.2936 23.8228 -1.4651 0.1575
Cyclist -1 -1 -1.1248 861.2168 793.6599 992.1157 975.0129 1.6870 0.6959 1.9173 -0.3575 3.6996 16.8184 -1.1361 0.6545
Cyclist -1 -1 1.2265 1431.0128 670.7776 1650.1449 1136.5079 1.8105 0.6670 0.9044 2.4423 2.0218 6.3968 1.6847 0.1153
Car -1 -1 -1.5266 1015.8753 784.4274 1085.9594 859.0512 1.6744 1.8683 4.2623 2.7629 6.7453 45.3070 -1.4512 0.2412
Car -1 -1 1.9675 628.3970 839.6827 733.5715 911.1971 1.5115 1.8358 3.7244 -8.5187 8.3729 45.7541 1.7935 0.1981
Car -1 -1 2.3812 0.0000 793.2901 71.6975 983.3571 1.3650 1.7571 4.0653 -12.2148 3.4844 16.6793 1.7236 0.1869
