Pedestrian -1 -1 -0.1273 1314.8018 816.1370 1379.6632 961.8498 1.6555 0.6404 0.7104 4.7240 4.0477 18.3353 0.1539 0.4987
Pedestrian -1 -1 0.0187 1308.5289 814.9523 1361.1487 946.3946 1.5695 0.6180 0.6328 4.8403 4.0794 19.3623 0.2915 0.2557
Pedestrian -1 -1 -1.1199 141.9516 664.9984 364.6487 1134.8879 1.7338 0.6202 0.6201 -2.7740 1.9014 5.9125 -1.6615 0.1719
Pedestrian -1 -1 -1.8739 1619.9397 834.2673 1747.2953 1103.7004 1.5815 0.6220 0.5884 4.6612 2.9864 9.6812 -1.3569 0.1704
Pedestrian -1 -1 3.3401 3.2683 765.0928 161.4436 960.1817 1.3446 0.7529 0.9510 -6.7813 2.4799 11.5854 2.7662 0.1680
Cyclist -1 -1 -1.3146 1045.6589 775.5519 1161.5952 962.0793 1.7521 0.7936 1.9489 1.6287 3.5505 16.7991 -1.1988 0.5703
Cyclist -1 -1 -0.0780 1308.8282 815.5098 1379.4685 961.0378 1.6415 0.6634 0.8073 4.6851 4.0305 18.3370 0.2012 0.1196
Car -1 -1 1.7190 1079.0092 822.4407 1179.9501 912.8202 1.6551 1.9978 4.3396 4.5677 7.2594 40.0659 1.8488 0.6890
Car -1 -1 -2.3796 0.0000 769.7559 516.1099 1004.4999 1.4287 1.7032 3.8960 -5.8030 2.7357 12.1351 -2.8611 0.2301
Car -1 -1 2.0095 324.3887 835.0062 508.6105 949.5339 1.5044 1.8733 3.9327 -10.5204 5.8938 29.1959 1.6648 0.2159
Car -1 -1 2.2656 0.0000 761.2282 135.1239 935.2267 1.4543 1.7779 3.9540 -11.8961 3.2579 17.7422 1.6517 0.2069
