Pedestrian -1 -1 -0.2252 1417.2928 780.1359 1501.3689 977.6057 1.6852 0.6374 0.6237 4.5473 3.1428 13.6838 0.1373 0.6106
Cyclist -1 -1 -1.4716 1193.1848 771.7255 1288.9701 957.4652 1.7520 0.8187 1.9613 3.1766 3.5094 16.8396 -1.2590 0.7013
Car -1 -1 1.5025 1085.0328 820.4539 1175.0621 915.3959 1.5761 1.9100 4.0765 3.9468 6.4956 35.5294 1.6296 0.4283
Car -1 -1 0.3476 631.1576 832.8938 778.1555 899.9120 1.5531 1.8324 3.8378 -7.4774 7.8105 43.7305 0.1881 0.3113
Car -1 -1 2.2581 157.5311 810.1861 413.7505 940.7426 1.4531 1.7877 3.9327 -11.0724 4.7929 24.8241 1.8332 0.2910
Car -1 -1 -1.5410 1102.8817 789.8018 1164.5154 855.0357 1.6349 1.8884 4.1231 5.8866 7.4687 50.7185 -1.4099 0.2895
Car -1 -1 1.8509 406.2596 845.9780 553.4660 954.7207 1.5442 1.9048 3.8382 -9.9082 6.4254 31.0760 1.5459 0.2784
Car -1 -1 1.5971 1447.0319 798.8651 1535.0654 890.3440 1.6102 1.8829 4.4194 13.4614 6.2938 37.8592 1.9611 0.2436
Car -1 -1 2.0823 48.5807 779.0090 224.0351 868.5677 1.5593 1.8325 4.1202 -19.3103 5.4023 35.2233 1.5796 0.2375
Car -1 -1 -3.0166 742.6655 799.5614 897.3292 863.3045 1.7330 1.9444 4.6794 -4.4519 7.4179 47.6022 -3.0986 0.1869
