Pedestrian -1 -1 1.7818 1326.6404 818.9972 1396.1053 967.7667 1.6036 0.6526 0.6847 4.7577 3.9695 17.7706 2.0737 0.3767
Pedestrian -1 -1 -1.1000 64.2287 657.8462 297.6237 1140.8234 1.7481 0.6283 0.6042 -2.9979 1.8832 5.7955 -1.6886 0.2090
Pedestrian -1 -1 0.0313 327.8932 783.9208 354.7138 846.4852 1.6532 0.6448 0.6750 -17.4379 6.1717 42.0722 -0.3581 0.1879
Pedestrian -1 -1 1.2899 1316.9160 822.5187 1373.3988 955.8713 1.6867 0.6197 0.5167 5.1143 4.3563 19.9423 1.5685 0.1495
Cyclist -1 -1 -1.3209 1071.0243 780.7582 1182.4552 961.0443 1.7036 0.7640 1.9424 1.9069 3.5819 16.9790 -1.1887 0.7036
Car -1 -1 1.6791 1085.8182 817.6818 1177.0496 904.8199 1.5730 1.8707 4.3037 4.5561 6.9683 39.5400 1.8101 0.6505
Car -1 -1 -1.4124 1032.5294 839.5861 1143.5089 945.0942 1.6006 1.8162 3.9508 2.9056 6.7247 33.5501 -1.3100 0.2340
Car -1 -1 -2.3450 0.0000 753.9639 484.2210 1006.4763 1.4753 1.7734 3.7682 -5.8396 2.5907 11.5381 -2.8539 0.1925
Car -1 -1 2.0074 325.1947 844.2440 500.3794 955.2713 1.4492 1.7849 3.7020 -10.5485 5.9911 29.0427 1.6602 0.1632
Car -1 -1 0.0186 702.0573 830.0557 827.1983 889.1193 1.5266 1.7798 3.8462 -6.1742 8.1529 47.2227 -0.1004 0.1452
