Pedestrian -1 -1 -0.1458 1347.7694 814.8115 1426.0238 974.2804 1.6799 0.6529 0.7893 4.8452 3.8954 17.0595 0.1630 0.4924
Pedestrian -1 -1 -2.0897 1727.3402 907.4079 1884.4435 1192.8746 1.4211 0.5732 0.5833 4.7145 3.0626 8.3764 -1.4938 0.3262
Pedestrian -1 -1 -1.7118 935.9140 851.8821 968.3578 939.3374 1.7319 0.6122 0.6682 -0.1981 6.6329 31.9176 -1.7048 0.2299
Cyclist -1 -1 -1.3922 1112.3918 787.3333 1210.6887 967.8883 1.7183 0.7492 1.8822 2.3105 3.6819 17.0651 -1.2356 0.6413
Cyclist -1 -1 -0.0980 1350.2549 814.7079 1433.5530 974.5875 1.6741 0.6588 0.8712 4.9003 3.8917 17.0576 0.2140 0.1489
Car -1 -1 1.4889 1103.4829 828.5170 1189.9312 916.1917 1.5693 1.9506 4.1419 4.7437 7.1347 38.7510 1.6273 0.3523
Car -1 -1 1.9646 280.2805 827.2938 475.7220 955.4397 1.6367 1.9134 4.2730 -10.8166 5.7305 28.0868 1.5968 0.2613
Car -1 -1 2.2221 0.0000 815.7395 86.4028 1004.3811 1.3605 1.7511 3.7442 -11.6266 3.7035 16.4774 1.5830 0.2129
Car -1 -1 1.2669 1353.8578 833.6524 1490.3047 934.4182 1.5756 1.8908 4.0854 10.3702 6.6030 33.9590 1.5853 0.1714
Car -1 -1 -1.7165 1304.8943 796.4551 1387.7402 870.3072 1.5625 1.8387 4.0245 11.1560 6.8012 43.5555 -1.4466 0.1590
