Pedestrian -1 -1 -0.1587 1375.0919 821.5106 1467.1814 972.2563 1.4554 0.6382 0.8601 4.8594 3.5893 15.8417 0.1744 0.5461
Pedestrian -1 -1 -0.3507 1629.6904 795.3884 1748.4172 1000.4489 1.3529 0.6328 0.6190 5.2575 2.6293 10.8329 0.1647 0.2072
Pedestrian -1 -1 2.0306 206.0341 818.6920 244.5824 894.1773 1.6954 0.6421 0.5400 -17.3453 6.2989 35.2525 1.5745 0.1537
Pedestrian -1 -1 -1.1904 3.9447 774.9614 77.3404 906.0793 1.5515 0.6142 0.6050 -11.6041 3.4800 18.8638 -1.7614 0.1495
Cyclist -1 -1 -1.4483 1143.8571 786.1329 1232.1874 960.5712 1.6825 0.7450 1.8453 2.6380 3.6490 17.2480 -1.2733 0.6046
Cyclist -1 -1 -0.1587 1375.0919 821.5106 1467.1814 972.2563 1.4554 0.6382 0.8601 4.8594 3.5893 15.8417 0.1744 0.2169
Car -1 -1 -1.4371 1088.7997 823.8588 1190.7235 916.4149 1.6023 1.9582 4.1653 4.5844 6.9481 37.9117 -1.3002 0.6664
Car -1 -1 2.0554 253.9521 809.4379 469.5032 936.1528 1.5722 1.8721 4.2313 -10.7498 5.1973 27.1741 1.6768 0.2256
Car -1 -1 -1.6906 1319.5081 806.5966 1411.2208 893.7966 1.5615 1.8486 4.1605 10.2441 6.4658 38.1616 -1.4080 0.1998
Car -1 -1 1.8977 471.2145 851.7919 604.1240 950.0554 1.4862 1.7363 3.5971 -9.2673 6.7717 32.9906 1.6293 0.1947
Car -1 -1 0.3251 676.5757 837.0644 818.0734 902.5370 1.5780 1.8441 3.8813 -6.5008 8.2312 45.6153 0.1943 0.1944
