Pedestrian -1 -1 -0.0601 1320.1151 811.8643 1385.4634 967.8926 1.6731 0.6577 0.7158 4.5458 3.8982 17.3970 0.2258 0.4965
Pedestrian -1 -1 -1.7618 935.0763 857.0593 968.4816 944.5016 1.7399 0.6093 0.6771 -0.2076 6.8003 32.2077 -1.7549 0.2294
Pedestrian -1 -1 0.1066 614.2781 937.7498 661.4527 1079.8696 1.6905 0.6293 0.5398 -4.2399 5.8685 19.6304 -0.1036 0.1447
Pedestrian -1 -1 1.2756 1340.9813 808.8085 1401.2896 949.2272 1.7520 0.6510 0.5062 5.3601 4.1906 19.5761 1.5717 0.1433
Pedestrian -1 -1 -1.3326 78.1020 782.7438 140.0130 901.4456 1.5090 0.6141 0.6111 -11.6219 3.7034 20.4081 -1.8658 0.1432
Cyclist -1 -1 -1.3570 1083.5167 779.0967 1195.0575 964.0476 1.7328 0.8229 1.8768 2.0201 3.5643 16.7395 -1.2158 0.6160
Cyclist -1 -1 -0.0367 1326.6974 809.4774 1403.6377 968.8785 1.6946 0.6838 0.8455 4.6816 3.8905 17.3525 0.2578 0.1217
Car -1 -1 2.3428 0.0000 779.7734 67.5928 971.8528 1.4400 1.7815 3.9851 -12.1833 3.3797 16.6483 1.6850 0.2008
Car -1 -1 1.9446 291.9738 818.7806 480.5540 942.9822 1.6293 1.9077 4.2827 -10.8185 5.6014 28.4860 1.5815 0.1980
Car -1 -1 1.1912 1349.2024 864.7183 1495.5721 970.3206 1.6103 1.9186 3.9156 10.3784 7.3791 33.9597 1.5095 0.1926
Car -1 -1 1.4394 1311.3394 833.9094 1400.0548 917.7499 1.5197 1.8288 3.8013 10.2671 7.2734 39.1543 1.7156 0.1499
