Pedestrian -1 -1 1.3054 1540.7161 661.0026 1695.6212 986.0255 1.7454 0.6829 0.7485 3.7411 1.9629 8.5689 1.7936 0.6028
Pedestrian -1 -1 3.4563 88.4327 768.5032 146.4323 870.5151 1.7049 0.6235 0.7395 -14.9161 4.2813 26.4477 2.9348 0.3030
Pedestrian -1 -1 3.2466 573.5992 774.4384 610.6346 880.0726 1.7146 0.6273 0.5525 -6.3169 4.3101 25.6075 3.0054 0.2885
Pedestrian -1 -1 -0.8894 225.0394 859.7882 410.6107 1216.0000 1.6507 0.6123 0.5876 -3.1558 2.8630 7.3666 -1.3574 0.1951
Pedestrian -1 -1 -1.4762 684.4335 853.1483 722.9533 953.1018 1.7080 0.6358 0.6273 -4.7183 5.9440 27.4187 -1.6400 0.1632
Cyclist -1 -1 -1.4558 1201.1547 756.5269 1297.3582 940.8063 1.7485 0.7879 1.9399 3.2467 3.3129 16.7284 -1.2373 0.6498
Cyclist -1 -1 1.4966 1399.2174 840.1693 1438.3142 929.4869 1.6832 0.7512 1.7867 10.3145 6.6805 33.7572 1.8152 0.4613
Cyclist -1 -1 3.4692 95.9922 767.0903 162.8233 869.8736 1.7114 0.6875 0.8614 -14.7180 4.2686 26.4757 2.9540 0.1100
Car -1 -1 -1.4430 935.6763 787.8353 1051.4989 892.1840 1.5507 1.8507 4.4157 0.7663 5.2728 31.8312 -1.4053 0.6010
Car -1 -1 -1.5077 964.3082 770.5064 1032.7983 835.6265 1.5227 1.8285 4.2082 1.2158 6.3054 46.9334 -1.4684 0.2293
Car -1 -1 1.6188 1248.7640 831.2763 1355.1492 945.4137 1.6650 1.9584 4.2093 7.4482 6.4569 32.4246 1.8650 0.1709
