Pedestrian -1 -1 1.3418 1514.7396 692.5158 1645.4972 973.5640 1.7212 0.6859 0.6823 4.0231 2.1813 9.7652 1.7976 0.6277
Pedestrian -1 -1 0.2351 185.6525 776.5517 239.8114 876.2228 1.7586 0.6400 0.7817 -14.0135 4.6400 28.0113 -0.2338 0.2826
Pedestrian -1 -1 -3.0455 987.0175 789.8452 1026.2279 887.6993 1.6059 0.6191 0.6190 0.7941 4.5201 26.0714 -3.0013 0.1902
Cyclist -1 -1 -1.5030 1213.9517 758.1989 1305.0614 935.8250 1.7215 0.8423 1.8735 3.4220 3.3313 17.0411 -1.2779 0.6114
Cyclist -1 -1 0.2290 181.2825 775.2166 244.0950 875.0071 1.7502 0.6977 0.9206 -14.0199 4.6124 28.0268 -0.2400 0.1088
Car -1 -1 -1.4500 984.5370 794.8129 1093.0421 892.7263 1.5131 1.8382 4.0972 1.7710 5.4972 32.8791 -1.3815 0.5481
Car -1 -1 -1.4844 1033.7076 782.4750 1102.9851 847.6421 1.6650 1.9532 4.2497 3.7252 7.3200 51.4061 -1.3974 0.1900
Car -1 -1 1.6180 1300.9587 806.6331 1396.6488 902.9407 1.5205 1.8274 3.8984 8.8140 5.8905 33.8205 1.8942 0.1833
Car -1 -1 0.3570 165.4394 817.3630 318.7285 877.4836 1.5806 1.8491 3.9798 -22.7319 7.8193 47.3845 -0.0848 0.1734
Car -1 -1 2.4269 0.0000 758.4561 109.8998 929.2749 1.4157 1.7587 3.9930 -12.4789 3.2043 17.8847 1.7940 0.1507
