Pedestrian -1 -1 1.2602 1458.5453 741.4166 1566.0959 975.8881 1.7145 0.6458 0.6191 4.2657 2.6454 11.6094 1.6635 0.4934
Pedestrian -1 -1 -0.8751 0.0000 718.7110 117.9800 1105.0599 1.6472 0.5978 0.5491 -4.2918 2.0916 6.7999 -1.5336 0.2390
Cyclist -1 -1 -1.5101 1212.2302 774.9503 1294.0386 948.3969 1.6349 0.7417 1.8209 3.2930 3.4151 16.7651 -1.2893 0.6890
Car -1 -1 -1.3947 1038.4202 800.2427 1157.3446 900.4875 1.5921 1.9188 4.2713 3.1934 5.8721 34.1839 -1.2855 0.5030
Car -1 -1 -2.3097 276.0206 792.9189 411.8048 857.7313 1.6948 1.9255 4.1325 -20.6395 7.5096 49.9937 -2.6952 0.2769
Car -1 -1 2.3703 0.0000 802.0653 229.3498 960.4493 1.4405 1.7620 3.8028 -12.0380 4.0859 20.2693 1.8194 0.2456
Car -1 -1 0.5009 228.6604 835.9411 461.5398 935.2049 1.4936 1.7183 3.6634 -11.5058 5.6009 28.0482 0.1105 0.2081
Car -1 -1 0.4739 345.7827 839.4728 541.6497 926.4651 1.4609 1.6534 3.5309 -10.8562 6.1310 31.4756 0.1443 0.1973
Car -1 -1 -2.7738 606.0792 826.8837 761.5557 895.9148 1.4360 1.7157 3.6387 -7.2612 6.9018 39.2754 -2.9481 0.1718
Car -1 -1 2.0178 23.8204 764.2422 180.1804 846.9236 1.4630 1.7203 3.7257 -19.9312 4.8906 34.8630 1.4958 0.1674
Car -1 -1 0.4382 296.3321 843.6118 506.7998 937.9739 1.5318 1.6631 3.5549 -11.0961 6.0293 29.7756 0.0828 0.1650
