Pedestrian -1 -1 1.3822 1445.7639 757.5114 1539.4365 969.5632 1.7170 0.6790 0.6577 4.6011 2.9029 12.9844 1.7682 0.6944
Pedestrian -1 -1 -0.1052 244.6230 767.3150 385.3946 1071.2590 1.4725 0.5979 0.6044 -3.4827 2.2787 8.0495 -0.5752 0.2975
Cyclist -1 -1 -1.4879 1200.4731 776.8895 1289.2971 957.3221 1.7268 0.7925 1.8647 3.2503 3.5588 17.0175 -1.2730 0.7416
Car -1 -1 1.8755 391.1399 842.7118 539.7721 946.9084 1.4662 1.8561 3.6472 -10.0338 6.1810 30.5383 1.5609 0.5101
Car -1 -1 1.5186 1085.4290 819.3268 1172.2562 914.5901 1.5690 1.8776 3.9918 3.8732 6.4002 35.0996 1.6451 0.4793
Car -1 -1 1.1643 0.0000 802.0378 245.3345 952.4730 1.5404 1.7562 3.8824 -12.1874 4.3143 21.5570 0.6375 0.3860
Car -1 -1 1.6841 692.9207 795.1565 784.7493 879.6096 1.8058 2.1052 4.9381 -6.5453 7.1581 44.5189 1.5480 0.2510
Car -1 -1 2.1360 7.0980 767.9225 194.0724 858.8958 1.5569 1.7873 4.1151 -19.5984 5.0349 34.2719 1.6140 0.2393
Car -1 -1 0.0821 254.3094 806.2397 375.3159 859.8173 1.4553 1.6889 3.6761 -22.1310 7.8462 51.3251 -0.3187 0.2223
Car -1 -1 2.0243 478.9615 835.0446 625.6301 930.6816 1.5157 1.7911 3.7293 -9.3550 6.6458 34.5045 1.7653 0.2054
Car -1 -1 -1.5336 1097.0634 784.7139 1158.4550 848.0974 1.6104 1.8536 3.8559 5.6475 7.2167 50.4058 -1.4066 0.2043
Car -1 -1 -1.1066 1471.2333 775.8304 1620.2334 858.2630 1.5396 1.7997 3.9517 14.5353 5.4843 37.1146 -0.7096 0.2007
