Pedestrian -1 -1 1.3090 1523.6722 719.6642 1652.2004 992.1672 1.7048 0.6704 0.7026 4.1942 2.3677 10.0510 1.7675 0.5750
Pedestrian -1 -1 -2.9527 1000.4903 805.1773 1045.3121 896.3614 1.4981 0.6627 0.6757 1.0985 4.7496 26.5685 -2.8970 0.1548
Pedestrian -1 -1 -1.4750 749.8846 875.6874 785.5634 968.7666 1.6624 0.6187 0.6090 -3.7108 6.5278 28.7006 -1.5946 0.1471
Cyclist -1 -1 -1.4889 1206.7294 769.3544 1298.7115 946.7466 1.6815 0.8170 1.8528 3.3015 3.4035 16.8202 -1.2683 0.6192
Car -1 -1 -1.4052 994.7705 795.0124 1109.9242 894.4042 1.5540 1.8342 4.1089 2.0889 5.5803 33.1795 -1.3273 0.4617
Car -1 -1 2.2222 0.0000 844.1487 230.4744 1018.6801 1.5682 1.8418 4.0643 -12.2791 4.9408 20.8833 1.6793 0.2017
Car -1 -1 0.6982 231.2280 842.4183 450.0035 948.0101 1.5164 1.7758 3.5441 -11.8210 5.8680 28.5380 0.3051 0.1949
Car -1 -1 -1.3564 101.8122 789.3911 202.3652 863.2522 1.7469 1.9533 4.3032 -25.9549 7.2961 48.1130 -1.8468 0.1599
Car -1 -1 0.1380 497.5062 794.3651 662.1254 864.4951 1.8175 1.9768 4.6544 -11.6361 7.1553 45.8819 -0.1026 0.1592
Car -1 -1 -1.5809 1044.0935 792.4547 1103.9196 857.4406 1.5379 1.8826 4.4116 3.7325 7.3266 49.3907 -1.4907 0.1570
Car -1 -1 1.6890 1307.0032 807.6531 1415.5350 905.6836 1.5560 1.8489 3.8621 9.1054 5.9541 33.8503 1.9731 0.1502
Car -1 -1 -1.5975 1101.6470 794.6831 1158.5836 858.3448 1.5446 1.8061 4.0994 5.5940 7.4378 49.7766 -1.4701 0.1445
