Pedestrian -1 -1 1.2192 1536.7878 707.3066 1685.4810 999.7747 1.6827 0.6767 0.6760 3.9771 2.2103 9.1953 1.6978 0.7067
Pedestrian -1 -1 -0.8400 0.0000 674.6104 194.9612 1098.1710 1.7134 0.6396 0.5773 -3.7793 1.9382 6.4431 -1.4721 0.3280
Pedestrian -1 -1 3.3109 151.1624 769.5191 206.5231 871.9830 1.7629 0.6520 0.8033 -14.3248 4.4543 27.3947 2.8228 0.3264
Pedestrian -1 -1 -1.4631 723.3797 854.3251 760.7870 950.8770 1.6955 0.6284 0.6132 -4.1115 6.0517 28.0787 -1.6007 0.1908
Pedestrian -1 -1 2.5735 1550.2720 795.9462 1591.7682 884.5138 1.6590 0.5999 0.5283 12.0858 5.0889 29.6504 2.9875 0.1602
Cyclist -1 -1 -1.4921 1209.5735 757.7881 1296.8928 935.3532 1.6994 0.7686 1.8905 3.3129 3.2872 16.8509 -1.2712 0.6242
Cyclist -1 -1 1.6055 1416.6064 840.7772 1457.5601 930.1069 1.7294 0.8023 1.6723 10.9357 6.8205 34.3434 1.9358 0.3104
Cyclist -1 -1 3.3335 148.4513 768.6829 211.4650 871.6732 1.7660 0.6954 0.9107 -14.3096 4.4460 27.4079 2.8461 0.1144
Car -1 -1 1.7081 964.7661 788.2007 1082.0557 891.1237 1.5470 1.8738 4.3862 1.4158 5.3197 32.2154 1.7663 0.5619
Car -1 -1 0.3244 134.5811 813.6371 289.2477 874.4847 1.5571 1.8441 3.9373 -23.3640 7.6057 46.7482 -0.1342 0.2791
Car -1 -1 -1.4448 1292.5598 815.5804 1397.0908 911.4265 1.5209 1.7697 3.6670 8.7299 6.0969 33.8547 -1.1714 0.1941
Car -1 -1 -1.5573 1006.0355 788.5726 1068.7076 855.6254 1.5720 1.9008 4.4021 2.5078 7.1186 48.4089 -1.4913 0.1769
Car -1 -1 -1.4591 554.1479 780.1106 635.3970 852.8579 1.6051 1.8571 3.9167 -10.6842 6.3669 43.8238 -1.6912 0.1591
