Pedestrian -1 -1 1.3514 1500.8706 716.7931 1617.0640 972.0955 1.7093 0.6684 0.7078 4.2726 2.3944 10.7309 1.7883 0.6917
Pedestrian -1 -1 -1.0346 223.3289 692.5483 383.7025 1037.2031 1.7488 0.6071 0.5340 -3.4985 2.1229 7.9844 -1.5118 0.2447
Cyclist -1 -1 -1.4621 1214.0927 775.9875 1309.5913 952.8107 1.6663 0.8062 1.8714 3.4098 3.4710 16.8460 -1.2352 0.5911
Car -1 -1 2.0226 0.0000 792.6470 126.3342 888.8532 1.5849 1.8688 3.9680 -20.8202 5.6213 33.9159 1.4700 0.3193
Car -1 -1 -1.5092 1016.0483 788.9458 1114.9856 888.9430 1.6173 1.8909 4.0821 2.3923 5.5210 33.4275 -1.4225 0.3175
Car -1 -1 -1.5774 737.9639 793.4510 806.4861 869.6042 1.6320 1.8719 3.8743 -5.4389 6.7194 43.1008 -1.6930 0.2017
Car -1 -1 0.3955 487.5912 806.1870 641.7369 875.8861 1.5840 1.7834 3.6910 -10.8678 6.7053 41.0987 0.1437 0.1933
Car -1 -1 -1.7088 1444.9869 788.4785 1519.4336 853.5163 1.6359 1.9218 4.2204 17.8086 7.4937 51.2857 -1.3550 0.1676
Car -1 -1 -1.5660 1108.7104 783.0331 1168.1295 847.9072 1.6337 1.9088 4.1843 6.0336 7.2184 50.6096 -1.4317 0.1592
Car -1 -1 3.4777 72.8477 807.4147 249.0951 873.9660 1.7448 1.8307 4.5632 -25.2285 7.6671 47.2798 2.9922 0.1573
Car -1 -1 1.7885 670.6749 819.8664 779.5521 908.8398 1.6409 1.9214 4.1110 -6.0848 7.0003 38.9883 1.6430 0.1573
Car -1 -1 1.6366 1304.3861 814.3919 1410.0040 920.8849 1.6618 1.9514 4.2736 9.0633 6.2680 34.0101 1.9182 0.1557
Car -1 -1 1.8820 313.4034 850.3204 478.0460 972.4394 1.6473 1.9149 3.9857 -11.1260 6.4333 29.7165 1.5257 0.1527
