Pedestrian -1 -1 1.2337 1576.0907 660.3549 1756.8528 1020.7319 1.7458 0.6793 0.7692 3.6387 1.9406 7.7730 1.7591 0.6589
Pedestrian -1 -1 0.3187 86.6604 707.5015 263.3365 1112.0129 1.6235 0.6018 0.5600 -3.4026 2.0032 6.5123 -0.2573 0.1615
Pedestrian -1 -1 3.4517 0.0000 769.1746 103.3813 875.9939 1.6724 0.7631 1.4777 -15.5408 4.1813 25.4539 2.8938 0.1130
Cyclist -1 -1 -1.3980 1192.4590 745.2245 1292.6847 923.2457 1.7115 0.7425 1.8895 3.1780 3.1420 16.7644 -1.1842 0.6558
Cyclist -1 -1 1.5636 1369.6692 817.4053 1407.5797 914.4121 1.8052 0.7714 1.8560 9.3822 6.1558 32.7973 1.8643 0.4462
Cyclist -1 -1 3.5427 5.8519 769.8962 118.1266 875.7504 1.6744 0.7514 1.4613 -15.2869 4.1887 25.4514 2.9922 0.1752
Car -1 -1 -1.4773 906.4366 780.0308 1021.9538 888.8032 1.6157 1.9279 4.2939 0.1386 5.0478 30.8444 -1.4601 0.6801
Car -1 -1 0.2699 378.9338 778.0781 582.8165 860.9412 2.0955 2.1157 5.2274 -13.7982 6.6375 43.1965 -0.0335 0.3250
Car -1 -1 -1.5484 1251.6417 796.0137 1344.2251 896.1819 1.5686 1.8173 4.0019 7.4814 5.5929 33.0002 -1.3050 0.1760
Car -1 -1 -0.5016 1670.3116 815.9775 1936.0000 970.7226 1.7854 1.9402 4.3818 12.6949 4.6378 21.1895 0.0762 0.1606
Car -1 -1 2.1560 0.0000 841.8731 256.6698 988.3063 1.5818 1.8861 3.9259 -13.3711 5.3854 24.1885 1.6444 0.1556
