Pedestrian -1 -1 1.0986 1696.9325 654.8272 1936.0000 1191.1273 1.7293 0.6824 0.6949 3.0617 1.8430 5.2759 1.7704 0.8027
Pedestrian -1 -1 -1.7060 1225.9240 762.5269 1299.7556 967.8154 1.6838 0.5747 0.5320 2.6042 2.9025 12.9501 -1.4756 0.2350
Pedestrian -1 -1 -0.9733 103.8559 877.7319 164.8050 1000.3041 1.7643 0.6134 0.5646 -12.7694 5.7221 23.1020 -1.4847 0.1877
Cyclist -1 -1 -1.1824 1183.2656 759.4031 1332.2300 956.0507 1.7695 0.8194 1.9928 3.1897 3.2980 15.9440 -0.9570 0.5911
Cyclist -1 -1 1.4066 1315.5129 805.7379 1366.9152 909.9290 1.7559 0.7216 1.9271 7.5179 5.4629 29.6581 1.6771 0.1794
Car -1 -1 -1.4804 800.9191 775.6596 930.9589 903.1368 1.7478 1.9987 4.6593 -1.7156 4.8570 28.4728 -1.5306 0.8455
Car -1 -1 -1.4990 715.1503 789.4631 846.2960 915.9684 1.3224 1.6382 3.4205 -2.5683 3.9246 21.9053 -1.6107 0.5392
Car -1 -1 0.8725 0.0000 840.7682 132.9978 969.3355 1.5311 1.7494 3.5342 -15.2386 5.1427 23.6738 0.2915 0.2614
Car -1 -1 2.2493 0.0000 801.5198 45.7916 967.8527 1.3955 1.7952 4.1003 -13.8479 3.8886 19.0324 1.6009 0.2593
Car -1 -1 -1.3920 361.6371 777.0713 462.8904 855.4962 1.5540 1.8443 3.9556 -14.5776 5.8285 39.9027 -1.7388 0.1886
