Pedestrian -1 -1 1.2234 1554.9285 674.6641 1722.4791 1005.1871 1.7033 0.6797 0.6916 3.7015 1.9900 8.2202 1.7274 0.7519
Pedestrian -1 -1 3.3653 54.0203 775.1158 152.1244 879.0238 1.6618 0.7357 1.3575 -14.9453 4.3367 26.0749 2.8365 0.1377
Cyclist -1 -1 -1.4326 1203.1139 749.0131 1296.3945 923.9410 1.6808 0.7257 1.9061 3.2716 3.1627 16.8359 -1.2140 0.6674
Cyclist -1 -1 1.6751 1374.7987 817.6977 1420.8237 910.9174 1.7572 0.7556 1.8734 9.7536 6.1903 33.3759 1.9814 0.3701
Cyclist -1 -1 3.3653 54.0203 775.1158 152.1244 879.0238 1.6618 0.7357 1.3575 -14.9453 4.3367 26.0749 2.8365 0.1689
Car -1 -1 -1.4482 925.3920 782.9489 1042.2836 889.2059 1.5959 1.8833 4.1645 0.5458 5.1274 31.2127 -1.4174 0.7298
Car -1 -1 -1.4471 854.7812 783.8060 991.2672 907.9965 1.4939 1.7823 3.8669 -0.5610 4.3846 25.1827 -1.4583 0.2663
Car -1 -1 2.0059 471.0648 775.4866 600.9999 852.8911 1.4872 1.7534 3.8740 -10.9511 5.5994 38.7824 1.7355 0.2360
Car -1 -1 0.1946 413.4148 778.5076 599.3348 852.0620 1.8489 2.0082 4.9245 -13.2927 6.4896 43.9506 -0.0931 0.2352
Car -1 -1 1.7904 1207.8888 803.8937 1344.1010 910.6622 1.5509 1.8742 4.2306 6.7581 5.6325 31.7882 2.0202 0.2070
