Pedestrian -1 -1 1.2621 1605.4354 654.7086 1813.8843 1084.8917 1.7742 0.6912 0.7637 3.3151 1.9166 6.6880 1.8273 0.5783
Pedestrian -1 -1 -1.6298 612.2191 780.9428 636.4819 848.2997 1.8416 0.6501 0.6592 -9.7279 6.3885 43.1700 -1.8440 0.1413
Cyclist -1 -1 -1.3568 1200.1307 760.7120 1304.4287 935.3310 1.6666 0.7359 1.8058 3.2850 3.2774 16.7623 -1.1364 0.6955
Cyclist -1 -1 1.6025 1342.2643 784.9198 1383.8207 884.7006 1.8011 0.7371 1.9688 8.4506 5.2748 31.4125 1.8876 0.3482
Car -1 -1 -1.4893 864.8142 772.4786 984.2850 894.3035 1.7876 1.9646 4.5513 -0.6477 4.9746 29.9540 -1.4992 0.8622
Car -1 -1 -1.5365 776.9786 786.2302 894.3370 909.9907 1.4018 1.6798 3.5843 -1.9038 4.1356 23.5166 -1.6097 0.3151
Car -1 -1 -0.5155 1710.4915 820.4099 1936.0000 975.1140 1.6099 1.8210 4.0115 12.1681 4.2845 19.3762 0.0869 0.1582
Car -1 -1 1.7198 448.6785 807.0475 561.1840 899.6125 1.5153 1.9161 3.9328 -10.5272 6.0021 34.7551 1.4298 0.1498
Car -1 -1 1.5176 1260.3451 791.2389 1356.6160 891.1544 1.5001 1.8704 4.1751 7.3815 5.3188 32.1019 1.7645 0.1448
Car -1 -1 2.1367 0.0000 842.1706 174.2069 989.8998 1.5188 1.8253 3.7887 -13.9589 5.1181 22.8714 1.5793 0.1403
