Pedestrian -1 -1 3.2009 806.0869 805.0439 850.8970 903.8090 1.3598 0.6585 0.6188 -1.9617 4.0686 22.1511 3.1194 0.1257
Cyclist -1 -1 -0.8360 1225.0858 747.1305 1426.7158 948.9055 1.8330 0.8286 2.0826 3.8154 3.1815 15.5911 -0.5642 0.3907
Car -1 -1 -1.4835 749.2579 777.4631 881.4318 906.6769 1.6890 1.9443 4.3779 -2.5293 4.6580 26.9113 -1.5691 0.8703
Car -1 -1 -1.5185 810.5925 764.7565 885.3859 837.4307 1.5541 1.8458 4.3047 -3.1629 5.7281 42.4677 -1.5823 0.4647
Car -1 -1 1.8633 31.4577 804.4208 153.0716 882.6046 1.5930 1.8918 4.1334 -24.8550 7.0138 42.9286 1.3413 0.1571
Car -1 -1 2.1920 0.0000 745.3305 33.3604 893.5656 1.4320 1.7968 4.1043 -14.4748 3.2017 19.8977 1.5426 0.1557
Car -1 -1 -1.5356 731.9286 765.8907 823.1880 859.3148 1.4725 1.7406 3.8409 -3.8136 4.6326 31.5355 -1.6484 0.1408
Car -1 -1 1.9846 99.6376 769.3895 273.3261 867.4539 1.6020 1.8668 4.1831 -16.9220 4.9885 32.9028 1.5072 0.1302
Car -1 -1 -1.6337 880.2123 779.9808 951.0679 855.5829 1.6172 1.8173 4.1146 -1.3538 6.2794 42.8328 -1.6532 0.1279
Car -1 -1 -0.3918 1482.7607 832.8932 1796.6136 958.6678 1.5777 1.8281 4.0550 10.4301 4.9533 23.2318 0.0622 0.1234
Car -1 -1 2.0633 310.0221 820.4046 494.6112 937.0173 1.6803 1.8153 4.2071 -11.5285 6.0437 31.1671 1.7108 0.1225
