Pedestrian -1 -1 1.1432 1680.5552 667.6099 1936.0000 1173.4135 1.7087 0.6519 0.7411 3.1187 1.8798 5.5578 1.7902 0.7597
Pedestrian -1 -1 -0.1567 1463.5364 795.9658 1503.0785 884.0215 1.4888 0.6364 0.5992 9.4569 4.6320 27.1051 0.2058 0.2452
Pedestrian -1 -1 -1.7033 1228.4542 775.1367 1297.4379 971.1133 1.6392 0.5487 0.5139 2.6611 2.9961 13.2239 -1.4732 0.2188
Pedestrian -1 -1 -0.9244 128.6219 869.7634 191.0993 988.8283 1.7444 0.6196 0.6316 -12.7174 5.6905 23.7416 -1.4220 0.1902
Pedestrian -1 -1 -1.5053 1441.3451 777.8528 1517.8088 982.6771 1.6535 0.5740 0.4943 4.4861 3.0120 12.9363 -1.1267 0.1776
Cyclist -1 -1 -1.2536 1189.7593 756.5972 1319.8472 945.7930 1.7316 0.7689 1.9269 3.1946 3.2428 16.1364 -1.0306 0.6914
Cyclist -1 -1 1.4547 1316.4496 790.1030 1362.7280 887.6032 1.6759 0.7274 1.8605 7.5700 5.0959 29.9836 1.7242 0.2011
Car -1 -1 -1.4557 807.2424 778.6611 944.9856 908.1587 1.7727 2.0478 4.8316 -1.5354 4.9947 28.8529 -1.4985 0.8505
Car -1 -1 -1.5146 720.8824 789.3261 851.8389 923.7498 1.4176 1.6963 3.6509 -2.5152 4.0642 22.2036 -1.6219 0.4300
Car -1 -1 2.2437 0.0000 825.6478 62.8180 999.7020 1.4633 1.8139 4.0836 -13.8587 4.3497 19.4284 1.6070 0.2370
Car -1 -1 2.1344 0.0000 843.5143 219.5393 973.3561 1.4799 1.7716 3.6668 -14.3484 5.4369 25.2004 1.6107 0.2194
