Pedestrian -1 -1 1.0031 1713.8766 647.8271 1936.0000 1212.7041 1.7179 0.6638 0.6262 2.9475 1.7989 4.9304 1.7016 0.5794
Pedestrian -1 -1 -2.3857 0.0000 641.1848 168.7391 1142.2471 1.7131 0.6476 0.5604 -3.3674 1.7765 5.4792 -3.0664 0.1893
Cyclist -1 -1 -1.1301 1208.0670 755.0810 1359.2288 947.8627 1.7554 0.7734 1.9584 3.4699 3.2335 15.9756 -0.8870 0.5173
Cyclist -1 -1 -2.4300 1372.1510 766.3870 1561.8125 957.6720 1.6583 0.6585 1.9198 5.1797 3.2144 15.4461 -2.0681 0.2695
Car -1 -1 -1.5130 789.4772 779.6740 907.9456 898.9757 1.6252 1.9089 4.0674 -2.0042 4.7032 27.7010 -1.5761 0.7428
Car -1 -1 0.8048 0.0000 835.2020 141.0543 963.4370 1.5718 1.7662 3.7824 -15.3408 5.1000 23.8087 0.2233 0.2812
Car -1 -1 1.9233 335.2119 780.3646 451.6316 853.7011 1.4766 1.7090 3.7223 -15.0733 5.8173 39.8876 1.5652 0.2765
Car -1 -1 -1.5501 683.4724 793.8742 818.0542 937.3508 1.4183 1.7436 3.7996 -2.9625 4.0660 21.4464 -1.6835 0.2431
Car -1 -1 1.1482 1334.9032 788.7875 1507.7010 898.0613 1.4634 1.7218 3.8959 8.5465 4.7683 28.1305 1.4679 0.2212
Car -1 -1 -1.5617 836.1221 761.4753 901.1889 828.5611 1.4693 1.7814 3.9689 -2.6201 5.5803 42.9942 -1.6116 0.1946
