Pedestrian -1 -1 1.3640 1621.1018 682.9005 1815.6058 1131.4421 1.6981 0.6571 0.7050 3.1224 1.9569 6.2252 1.9424 0.6167
Pedestrian -1 -1 -1.7118 1248.8853 767.4685 1321.4965 961.4368 1.6611 0.5862 0.5633 2.9326 2.9848 13.5741 -1.4667 0.2282
Pedestrian -1 -1 -1.5216 598.9163 776.3094 623.4359 837.7523 1.6663 0.6473 0.6828 -10.0353 6.0475 42.8805 -1.7446 0.1886
Cyclist -1 -1 -1.3591 1195.1396 749.9001 1301.1720 929.5850 1.6872 0.7215 1.8634 3.1760 3.1437 16.4270 -1.1412 0.7072
Cyclist -1 -1 1.4980 1334.6416 781.8192 1375.9716 884.0752 1.8229 0.7259 1.9464 8.1112 5.1665 30.8380 1.7775 0.2960
Car -1 -1 -1.5041 845.2385 779.5743 962.1276 897.4780 1.6673 1.9427 4.4894 -1.0470 4.9467 29.4227 -1.5286 0.8656
Car -1 -1 1.8709 381.3408 781.7350 500.3906 862.7476 1.4695 1.6944 3.6993 -12.5428 5.4686 36.2580 1.5406 0.2028
Car -1 -1 0.3589 0.0000 813.6525 104.4902 880.7123 1.5016 1.6451 3.5652 -25.8387 6.8451 41.1755 -0.1996 0.1886
Car -1 -1 2.0075 0.0000 809.8115 142.8187 953.5968 1.4974 1.7844 3.8691 -14.2460 4.5738 22.8443 1.4388 0.1618
Car -1 -1 -3.6623 1762.3961 824.8282 1936.0000 995.1682 1.6358 1.7840 4.0311 12.2012 4.2072 18.1126 -3.0249 0.1492
