Pedestrian -1 -1 1.0055 1723.5160 592.4628 1936.0000 1216.0000 1.7290 0.6624 0.5958 2.6920 1.6413 4.3908 1.7417 0.4734
Cyclist -1 -1 -1.1572 1215.7147 747.9943 1373.1539 944.9263 1.7782 0.8651 1.9685 3.5571 3.1683 15.8467 -0.9064 0.4400
Cyclist -1 -1 -2.4141 1388.1604 754.1707 1584.3518 952.5067 1.6651 0.6679 1.9099 5.1724 3.0368 14.8651 -2.0388 0.3126
Car -1 -1 -1.5081 761.5692 771.7250 886.6714 898.4680 1.7056 1.9609 4.2917 -2.4130 4.5980 27.2970 -1.5880 0.7406
Car -1 -1 -1.5168 740.0189 765.5605 834.0450 857.8629 1.5114 1.7851 3.8548 -3.7208 4.7507 32.4671 -1.6229 0.2707
Car -1 -1 3.6223 36.4804 790.6896 283.2608 880.4630 1.6720 1.8861 4.3304 -17.2801 5.3707 32.3948 3.1302 0.2483
Car -1 -1 1.9541 286.0620 777.2525 420.3340 855.7736 1.5096 1.8010 4.1372 -15.7056 5.6788 38.8537 1.5724 0.2433
Car -1 -1 1.8849 346.1969 801.8150 503.4065 903.9561 1.5288 1.9173 4.3620 -11.4442 5.6019 32.2249 1.5454 0.1989
Car -1 -1 1.9085 50.5466 807.0972 178.4877 886.3579 1.6458 1.9467 4.1911 -24.5599 7.2229 43.5442 1.3983 0.1807
Car -1 -1 -1.1415 333.8031 800.0248 453.4602 869.0721 1.4738 1.7970 4.0270 -16.8190 6.9296 44.5148 -1.4974 0.1745
