Pedestrian -1 -1 -0.6500 1705.7650 722.9138 1876.1830 1009.2328 1.6970 0.6509 0.7005 5.2261 2.3393 9.4505 -0.0675 0.3818
Cyclist -1 -1 -0.9226 1303.5850 726.0799 1503.1566 929.3448 1.7803 0.7972 2.0354 4.4203 2.8493 14.8978 -0.5971 0.5184
Cyclist -1 -1 1.6274 1294.2617 787.4807 1330.8624 866.2711 1.7428 0.7697 1.9293 9.0277 6.0291 38.3899 1.8779 0.1857
Car -1 -1 -1.5088 712.6232 773.3505 844.1207 914.2817 1.7378 1.9079 4.4486 -3.0176 4.4933 25.4888 -1.6201 0.7977
Car -1 -1 -1.4938 770.3038 782.0911 859.8223 869.8862 1.7650 2.0282 4.7757 -3.9408 6.3309 41.0412 -1.5792 0.5533
Car -1 -1 1.1298 1534.0721 767.2225 1829.0156 942.5155 1.6680 1.8988 4.7644 9.6664 3.8549 20.5641 1.6059 0.4905
Car -1 -1 1.8833 50.9254 758.8754 210.5120 856.7720 1.5265 1.7654 4.1089 -17.3735 4.5439 31.4923 1.3748 0.4127
Car -1 -1 2.0512 265.3965 780.6484 452.7827 886.1351 1.5207 1.7481 4.2333 -12.0458 4.8974 30.2288 1.6708 0.2918
Car -1 -1 2.3165 0.0000 820.5055 39.2833 974.4628 1.4741 1.7632 3.9200 -15.5196 4.5608 21.5550 1.6788 0.1919
Car -1 -1 1.6744 293.1667 773.6125 369.9491 839.1359 1.5471 1.8181 4.1037 -20.0039 6.5062 47.6416 1.2814 0.1917
