Pedestrian -1 -1 -0.7306 1733.5646 740.9551 1936.0000 1133.8711 1.5710 0.6405 0.7874 3.9396 2.1050 6.5325 -0.0719 0.3997
Pedestrian -1 -1 -0.6261 1729.8237 730.4213 1916.3413 1022.7336 1.6671 0.6566 0.7528 5.2296 2.3337 9.1094 -0.0236 0.3483
Cyclist -1 -1 -0.8809 1316.3866 744.8742 1525.8975 954.0304 1.7689 0.7960 2.0239 4.4724 3.0017 14.5025 -0.5433 0.4445
Cyclist -1 -1 1.7113 1280.8850 799.7732 1322.4802 880.9965 1.7815 0.7444 1.8852 8.7005 6.3644 38.1778 1.9547 0.4001
Cyclist -1 -1 -3.7760 1726.8171 740.9977 1936.0000 1132.2933 1.5670 0.6704 0.8868 3.9605 2.1018 6.5413 -3.1155 0.1121
Car -1 -1 -1.4711 698.2778 771.1950 846.1829 913.7131 1.7445 1.9896 4.4522 -3.0681 4.4239 25.1476 -1.5862 0.8818
Car -1 -1 -1.4982 761.9498 781.2621 852.1387 868.8447 1.7274 2.0411 4.9294 -4.1373 6.2576 40.8433 -1.5890 0.3966
Car -1 -1 2.0735 236.2461 793.5331 433.8288 901.9692 1.5070 1.8284 4.1825 -12.3210 5.1057 29.7352 1.6792 0.3872
Car -1 -1 1.9040 44.5283 751.3041 217.2030 855.6553 1.6440 1.8655 4.3066 -17.2893 4.4888 31.3734 1.3958 0.3005
Car -1 -1 -1.4336 600.6899 785.7396 773.7170 938.9484 1.3360 1.6346 3.4777 -3.2931 3.5191 18.5275 -1.6106 0.2817
Car -1 -1 1.1078 1548.0256 776.5671 1846.4438 945.5375 1.5499 1.8856 4.4333 9.6057 3.8024 19.9723 1.5939 0.2748
Car -1 -1 2.0368 144.7850 756.8770 329.8994 853.0306 1.5069 1.7941 4.2134 -15.0595 4.4632 31.3770 1.5859 0.2525
Car -1 -1 0.4511 118.5693 792.1590 357.9007 878.7765 1.7174 1.9008 4.5710 -16.5078 5.6607 34.2998 0.0024 0.2454
