Pedestrian -1 -1 -3.4305 1842.5450 800.9688 1936.0000 942.6569 1.6265 0.6753 0.8956 11.6506 3.8896 18.7634 -2.8317 0.3461
Pedestrian -1 -1 -2.9969 1340.9166 664.5814 1748.0439 1216.0000 1.7620 0.6702 0.9530 1.6953 1.8924 4.3572 -2.4789 0.3410
Pedestrian -1 -1 -3.6036 1823.4429 796.2133 1907.1696 937.6190 1.7422 0.6518 0.7416 11.8911 4.0398 19.6876 -3.0191 0.3088
Pedestrian -1 -1 1.4133 386.4549 908.3864 447.3482 1057.8790 1.8315 0.6884 0.6536 -7.4622 5.8022 20.4933 1.0609 0.2007
Cyclist -1 -1 -3.3005 1312.8038 646.5137 1710.3835 1216.0000 1.7809 0.6961 1.0093 1.5783 1.8512 4.3734 -2.8146 0.2310
Cyclist -1 -1 -3.4572 1843.8446 804.4928 1936.0000 941.3494 1.5547 0.7323 0.9918 11.7393 3.8678 18.7697 -2.8550 0.1045
Car -1 -1 1.8820 1221.5602 799.7401 1388.8383 916.2957 1.4164 1.6827 4.0403 6.2348 4.8024 26.8037 2.1332 0.3791
Car -1 -1 1.9813 52.5533 727.0165 285.5675 853.0122 1.6079 1.8886 4.2864 -13.0101 3.4583 24.8847 1.4891 0.2289
Car -1 -1 2.5243 1545.5673 799.7125 1936.0000 965.4202 1.7375 1.8948 4.7524 10.2645 4.1243 19.2651 3.0536 0.2167
Car -1 -1 -1.9041 0.0000 692.8719 137.6939 883.4979 1.5649 1.7947 4.4575 -10.7035 2.3707 15.7189 -2.5339 0.2019
