Pedestrian -1 -1 -3.3215 1382.4010 674.1099 1697.3525 1216.0000 1.7098 0.6858 0.8204 1.7093 1.8728 4.4974 -2.8188 0.4479
Pedestrian -1 -1 1.1492 380.4008 910.1737 450.1390 1062.5748 1.8613 0.7034 0.6224 -7.4790 5.8586 20.4861 0.7960 0.3811
Pedestrian -1 -1 -0.2607 1845.7657 789.6624 1929.6342 936.6132 1.7099 0.6345 0.7769 11.6271 3.8271 18.7882 0.3367 0.2875
Pedestrian -1 -1 2.5198 1824.5363 788.2285 1905.3469 928.7411 1.7502 0.6351 0.6743 11.9104 3.9405 19.7241 3.1044 0.1819
Pedestrian -1 -1 -0.1719 804.4100 711.7344 934.7408 1048.4198 1.7053 0.6271 0.6070 -0.5096 2.2001 8.1453 -0.2394 0.1785
Cyclist -1 -1 -3.2862 1334.5593 668.2514 1699.6295 1216.0000 1.7115 0.7047 0.9597 1.6571 1.8570 4.5257 -2.8001 0.1431
Car -1 -1 1.8884 1220.5151 800.0934 1390.4717 917.0174 1.4152 1.6943 4.0830 6.2403 4.8097 26.7989 2.1398 0.3905
Car -1 -1 1.8895 42.7126 724.5957 257.8625 849.4797 1.5359 1.8280 4.3920 -13.0823 3.3198 24.4325 1.3864 0.3005
Car -1 -1 2.5970 1553.2063 797.9924 1936.0000 966.4626 1.8249 1.9624 4.8127 10.4188 4.1703 19.2610 3.1328 0.2515
Car -1 -1 -1.9030 0.0000 694.3052 137.6004 885.3591 1.5641 1.7972 4.4513 -10.6994 2.3868 15.7140 -2.5327 0.2025
Car -1 -1 -1.4737 798.3969 794.1834 897.2534 885.5330 1.4954 1.8205 4.0587 -2.5262 5.5966 34.1707 -1.5372 0.1899
