Pedestrian -1 -1 0.5431 1496.5808 713.4833 1816.0742 1216.0000 1.5868 0.6118 0.6269 2.0789 1.8783 4.5081 1.1316 0.4863
Pedestrian -1 -1 1.4763 390.2648 908.1003 445.6624 1057.3027 1.8458 0.6574 0.6089 -7.4496 5.8066 20.4985 1.1245 0.2709
Car -1 -1 1.0655 1458.8713 763.5223 1742.4231 922.6076 1.5576 1.8368 4.3018 8.6585 3.6827 20.7123 1.4964 0.2571
Car -1 -1 1.9756 31.1098 726.1517 273.1675 854.5754 1.6241 1.9439 4.5237 -13.3118 3.4724 24.9539 1.4750 0.2362
Car -1 -1 1.3759 474.8599 746.6862 688.3237 925.9139 1.5898 1.7500 4.2138 -4.8391 3.2930 18.6366 1.1152 0.2105
Car -1 -1 1.1739 0.0000 696.3076 144.1309 882.1104 1.5301 1.8053 4.4559 -10.7562 2.3723 15.7148 0.5417 0.2081
Car -1 -1 1.8795 16.6837 723.2737 280.9794 886.4772 1.5874 1.8680 4.2493 -10.4186 3.0224 19.5464 1.3718 0.2045
Car -1 -1 1.5199 736.0269 768.5150 892.5862 939.1279 1.5358 1.7907 4.0176 -1.9790 3.5786 19.1505 1.4213 0.1782
Car -1 -1 -0.1847 976.2136 797.6062 1217.2556 912.8496 1.7843 1.9262 4.1737 2.4415 5.1088 27.6592 -0.0802 0.1751
Car -1 -1 1.8080 1350.9272 716.5453 1878.3154 1085.7748 1.5198 1.8006 4.1540 4.2566 2.2252 9.3648 2.3058 0.1711
Car -1 -1 1.6400 1231.7677 809.5551 1355.0851 933.6824 1.4823 1.7689 4.0539 5.9778 5.0393 26.6065 1.8834 0.1483
