Pedestrian -1 -1 -2.8315 846.7527 649.1105 1172.0531 1216.0000 1.7569 0.6795 0.8171 0.1658 1.8384 4.5682 -2.7795 0.5913
Pedestrian -1 -1 -3.6559 1782.8809 764.0463 1868.9149 911.3600 1.8096 0.6659 0.7438 11.1982 3.6461 19.3860 -3.0904 0.3875
Pedestrian -1 -1 -0.0293 1434.3230 792.7164 1476.8743 906.5244 1.5768 0.6137 0.5929 7.3495 4.1155 22.2381 0.3194 0.1775
Cyclist -1 -1 -2.9128 829.2446 642.9825 1158.0398 1216.0000 1.7512 0.6856 0.8639 0.1227 1.8118 4.5706 -2.8744 0.1363
Car -1 -1 1.8483 1209.5631 792.4282 1376.5044 912.7775 1.4736 1.7427 4.2860 6.0662 4.7536 26.9858 2.0918 0.3892
Car -1 -1 1.8842 48.4461 731.0741 254.7211 853.2905 1.4937 1.7687 4.2149 -13.0558 3.3847 24.3985 1.3815 0.3412
Car -1 -1 2.8335 1150.5775 795.5208 1311.3678 868.7846 1.8375 1.9424 4.3162 7.9591 7.0353 44.3474 3.0284 0.2370
Car -1 -1 1.1513 0.0000 697.2970 183.0756 884.1556 1.5444 1.7752 4.4223 -10.3430 2.3974 15.7244 0.5381 0.2137
Car -1 -1 1.3730 1171.8778 817.8705 1277.9050 905.7546 1.5231 1.8740 4.0539 6.4298 6.5447 36.8816 1.5637 0.2001
Car -1 -1 0.7832 327.1145 784.1134 687.2426 946.3362 1.4245 1.7373 4.1880 -5.5718 3.5547 18.2732 0.4784 0.1817
