Pedestrian -1 -1 -2.4652 727.0620 658.0376 1105.8175 1216.0000 1.7684 0.7084 0.9272 -0.1369 1.8830 4.6088 -2.5067 0.5360
Pedestrian -1 -1 1.2318 1793.1696 742.9105 1872.9125 890.5727 1.7814 0.7069 0.7044 11.1480 3.3256 19.1432 1.8020 0.4417
Pedestrian -1 -1 -0.2228 1878.3907 743.7506 1936.0000 898.7650 1.8025 0.6749 0.7623 11.8790 3.3131 18.5485 0.3921 0.1826
Cyclist -1 -1 -2.6979 728.6487 649.5964 1098.5984 1216.0000 1.7544 0.7228 0.9246 -0.1288 1.8392 4.6245 -2.7370 0.1906
Car -1 -1 1.2815 1151.6880 810.0334 1272.2708 898.5265 1.5256 1.8953 4.1042 6.1055 6.3572 36.8858 1.4634 0.4611
Car -1 -1 1.9784 32.5473 726.9850 269.0318 857.6267 1.6255 1.8257 4.3812 -13.0539 3.4471 24.4172 1.4762 0.3067
Car -1 -1 1.9341 1219.2157 795.5696 1390.5555 910.7343 1.4437 1.6739 3.8331 6.2355 4.7438 26.8676 2.1848 0.3034
Car -1 -1 2.8512 1147.7084 796.0878 1314.7495 871.3600 1.8946 2.0022 4.5024 7.9642 7.1114 44.3607 3.0461 0.2113
Car -1 -1 -2.3318 302.5305 731.6914 665.5377 888.0033 1.4735 1.8278 4.1977 -5.8735 2.9110 18.3375 -2.6532 0.1916
Car -1 -1 1.1350 0.0000 697.0495 185.7083 885.8452 1.5643 1.7842 4.4392 -10.3425 2.4128 15.7065 0.5213 0.1866
