Pedestrian -1 -1 1.4203 1793.7377 769.0748 1862.1831 919.7417 1.7641 0.6730 0.7236 10.9256 3.6284 18.8706 1.9877 0.5863
Pedestrian -1 -1 -2.5952 619.1431 632.3659 968.5291 1216.0000 1.7285 0.6911 0.8464 -0.5002 1.7541 4.6311 -2.7475 0.4070
Pedestrian -1 -1 1.5178 1375.1803 903.1692 1430.3367 1052.2579 1.6447 0.6326 0.6057 5.3873 5.1145 18.2720 1.8348 0.2065
Pedestrian -1 -1 0.1016 210.3514 721.0524 266.8136 858.3578 1.8174 0.6400 0.6533 -10.0395 3.1810 20.7910 -0.3626 0.1849
Pedestrian -1 -1 2.0807 0.0000 801.1552 110.2693 1132.9205 1.4987 0.6051 0.6220 -4.7102 2.4208 7.4746 1.4372 0.1697
Cyclist -1 -1 -2.4304 611.0637 621.4221 994.3005 1216.0000 1.7624 0.7422 0.9178 -0.4824 1.7530 4.6315 -2.5774 0.1252
Car -1 -1 2.0622 1532.3007 796.8671 1845.0377 965.6253 1.5052 1.7414 4.0684 9.2637 3.8982 18.9596 2.5559 0.2915
Car -1 -1 1.9097 1221.3998 794.3992 1386.6603 909.6671 1.4534 1.6605 3.7667 6.2141 4.7261 26.8461 2.1598 0.2310
Car -1 -1 1.9593 30.1809 722.8573 269.4916 851.5461 1.6212 1.9314 4.5354 -13.2672 3.4005 24.7997 1.4572 0.1971
Car -1 -1 -1.5833 487.8240 760.0577 653.3193 935.1118 1.5120 1.7814 4.1724 -4.9010 3.4002 18.6413 -1.8469 0.1895
