Pedestrian -1 -1 -2.6297 396.0981 667.3622 746.5157 1216.0000 1.6862 0.6643 0.8456 -1.1698 1.8282 4.6017 -2.9752 0.5781
Pedestrian -1 -1 -2.1441 156.7360 726.5822 228.6841 851.0646 1.6402 0.6168 0.6831 -10.7138 3.0877 20.8518 -2.6342 0.4319
Pedestrian -1 -1 -1.7397 849.8234 695.4754 989.9482 1045.0959 1.7999 0.6808 0.5687 -0.2364 2.2024 8.1835 -1.7669 0.2878
Cyclist -1 -1 -0.4449 1775.6884 778.9788 1936.0000 929.3055 1.7038 0.7637 1.8689 11.2299 3.6638 18.5115 0.1442 0.3605
Cyclist -1 -1 -2.1974 390.2929 655.4832 776.1011 1216.0000 1.7554 0.7089 0.9396 -1.1618 1.8611 4.6089 -2.5395 0.2117
Cyclist -1 -1 -2.2246 146.7606 725.3927 228.1021 854.8672 1.6990 0.6797 0.7615 -10.7665 3.1291 20.8145 -2.7175 0.1114
Car -1 -1 -1.4936 1144.4214 796.2207 1218.2673 867.5618 1.5627 1.8458 4.0538 6.7327 7.0212 45.4579 -1.3300 0.4061
Car -1 -1 1.3107 1140.9348 807.6710 1255.6553 894.0820 1.5145 1.8954 4.0265 5.8116 6.3081 37.1329 1.4836 0.3283
Car -1 -1 1.8652 1221.9674 801.3303 1383.9836 918.2589 1.4343 1.6805 3.9769 6.2214 4.8633 26.9278 2.1148 0.2920
Car -1 -1 1.2129 0.0000 699.6005 171.2911 887.2682 1.5276 1.7746 4.4328 -10.3692 2.4126 15.7335 0.5989 0.2079
