Cyclist -1 -1 2.0005 0.0000 768.1187 76.9864 877.1406 1.7161 0.7400 1.9496 -16.9339 4.4206 27.2238 1.4360 0.5843
Cyclist -1 -1 1.6678 769.0197 747.9900 819.3130 857.1058 1.7433 0.7023 2.0190 -3.0209 4.0644 27.1873 1.5638 0.5411
Cyclist -1 -1 2.1143 0.0000 638.2805 244.9106 1216.0000 1.6744 0.6821 1.8899 -2.4496 1.7180 3.8695 1.3423 0.4379
Car -1 -1 -1.7065 984.2746 778.8369 1083.4843 871.1301 1.6056 1.8381 3.9711 1.6310 5.4090 34.8993 -1.6456 0.4778
Car -1 -1 -1.4045 755.3326 763.3319 835.0866 826.7511 1.4816 1.7669 3.7610 -4.9842 5.8561 45.3211 -1.5042 0.4019
Car -1 -1 -0.9733 193.5365 782.5246 342.7035 855.4273 1.5106 1.8498 4.1173 -19.6595 6.2328 42.6170 -1.4026 0.3178
Car -1 -1 -1.5668 696.1210 789.5272 776.1082 876.3816 1.5081 1.7954 3.9363 -5.3753 5.6876 35.8935 -1.7074 0.2983
Car -1 -1 -1.5695 1028.6202 772.6018 1089.0502 837.6136 1.5607 1.8452 4.1672 3.1532 6.4974 47.8307 -1.4892 0.2592
Car -1 -1 -2.7523 252.1328 798.0594 477.5634 887.7677 1.5872 1.8184 3.9434 -12.2918 5.2832 30.9878 -3.1302 0.2557
Car -1 -1 -0.9369 360.2253 785.0918 495.2757 854.3106 1.6576 1.9301 4.4239 -17.5095 7.1968 49.3110 -1.2717 0.2435
Car -1 -1 -2.8274 357.5898 780.3970 582.8262 872.3015 1.8976 2.0474 4.6565 -11.5435 5.6843 35.3878 -3.1395 0.2214
