Pedestrian -1 -1 3.1800 144.3528 787.8867 182.7534 888.5797 1.5965 0.6718 0.5576 -13.6024 4.4231 25.5103 2.6823 0.2687
Cyclist -1 -1 2.1161 0.0000 604.9182 352.8082 1216.0000 1.7399 0.7071 1.9313 -2.5114 1.6921 4.5828 1.4553 0.6202
Cyclist -1 -1 1.6372 775.9591 739.1964 822.0483 844.5294 1.7947 0.7302 2.1047 -3.1145 4.0814 28.8543 1.5369 0.5987
Cyclist -1 -1 1.9507 200.6631 700.3456 493.0084 1152.2424 1.7045 0.7022 1.8632 -2.7473 2.1014 6.9136 1.4993 0.4486
Cyclist -1 -1 1.8684 5.6862 774.9371 87.2884 881.6159 1.6971 0.7612 1.9645 -16.9662 4.5896 27.7826 1.3130 0.2851
Cyclist -1 -1 1.6037 84.8573 768.1920 131.2008 868.8610 1.7326 0.7455 1.9417 -16.9338 4.6780 29.7077 1.0804 0.2289
Car -1 -1 -1.3074 750.8353 771.2252 843.5350 838.4724 1.5650 1.8256 4.0194 -5.0143 6.2960 46.2172 -1.4053 0.5009
Car -1 -1 -1.5470 697.6779 785.4317 776.9769 870.2418 1.5338 1.7929 3.8066 -5.4261 5.6754 36.5873 -1.6861 0.4188
Car -1 -1 -1.6961 999.1927 784.6884 1115.1404 892.0367 1.5011 1.8097 4.0574 1.7921 4.8366 29.1461 -1.6196 0.3786
Car -1 -1 -0.9425 187.5846 767.2012 354.4731 849.1362 1.7741 2.0257 4.7040 -20.0046 6.1611 43.5957 -1.3697 0.3519
