Pedestrian -1 -1 0.0680 384.8804 810.2282 439.5943 890.3574 1.1545 0.6914 0.7834 -8.8173 4.1885 24.0386 -0.2885 0.2410
Cyclist -1 -1 1.6153 775.8802 739.2593 820.3908 845.0441 1.7494 0.7238 2.0705 -3.0458 3.9762 28.0642 1.5141 0.6131
Cyclist -1 -1 2.1493 0.0000 583.6915 291.7403 1216.0000 1.7379 0.7185 1.9262 -2.4685 1.6538 4.0608 1.4086 0.5776
Cyclist -1 -1 1.8493 0.0000 759.2474 74.2974 869.4995 1.7482 0.7520 1.9884 -16.9359 4.3011 27.3558 1.2868 0.3565
Car -1 -1 -2.7192 284.9996 802.1321 506.0666 891.6998 1.5694 1.8153 3.9297 -11.7859 5.4019 31.3075 -3.0787 0.3529
Car -1 -1 -0.9236 287.1236 781.1768 428.6922 852.5154 1.6312 1.8634 4.3106 -18.7599 6.7558 46.7118 -1.3005 0.2469
Car -1 -1 -2.5277 0.0000 790.7948 290.9007 923.7566 1.6832 1.8967 4.1478 -12.7639 4.3524 22.9202 -3.0464 0.2369
Car -1 -1 -1.5338 695.8029 788.6982 778.9959 874.5667 1.5037 1.8067 3.9940 -5.3609 5.6961 36.1969 -1.6726 0.2179
Car -1 -1 1.7830 1409.9132 822.0922 1608.1246 975.3209 1.4289 1.7739 3.9450 7.9706 4.5522 21.5568 2.1684 0.2113
Car -1 -1 -1.4260 759.7663 765.1619 840.4024 829.1290 1.4823 1.8481 4.0423 -4.8799 5.9687 45.7687 -1.5222 0.1979
