Cyclist -1 -1 2.0940 0.0000 654.5799 411.7293 1216.0000 1.7089 0.7106 1.9303 -2.6791 1.8370 5.4735 1.5212 0.5256
Cyclist -1 -1 1.6073 771.9651 743.3508 811.9376 840.7102 1.7062 0.7019 1.9512 -3.3416 4.1323 29.6316 1.5020 0.4947
Car -1 -1 -1.2538 741.8477 770.3398 835.3706 834.1634 1.5027 1.7644 3.7889 -5.3211 6.2271 46.5380 -1.3577 0.4534
Car -1 -1 -1.0060 264.3467 773.1534 397.7763 845.5541 1.6827 1.8689 4.0510 -19.1936 6.4310 45.7400 -1.3991 0.2984
Car -1 -1 3.6561 0.0000 779.2991 279.8485 910.8871 1.8004 1.9636 4.3782 -13.4926 4.3641 23.8251 3.1309 0.2457
Car -1 -1 3.6238 0.0000 775.6877 150.7708 864.5833 1.4490 1.7700 3.9657 -18.1799 4.4777 28.9871 3.0568 0.2249
Car -1 -1 -0.9947 110.0221 794.4633 267.2683 869.5043 1.4485 1.8560 4.0922 -20.8880 6.2967 40.6274 -1.4676 0.2220
Car -1 -1 0.2921 295.6623 780.1833 549.3809 879.1016 1.8252 1.9982 4.7670 -11.5118 5.2866 32.2176 -0.0500 0.2208
Car -1 -1 -1.5109 1004.1144 773.7294 1069.6111 836.4759 1.5413 1.8456 4.1010 2.5229 6.6400 49.0820 -1.4455 0.2035
Car -1 -1 -2.8579 571.3559 802.3260 758.9012 885.0529 1.6625 1.9221 4.0659 -7.1111 6.0883 36.1502 -3.0449 0.1850
