Pedestrian -1 -1 -1.1471 130.9579 733.8181 254.6754 993.1196 1.7471 0.6270 0.5386 -5.4470 2.5426 10.6243 -1.6667 0.2340
Cyclist -1 -1 1.7622 718.1578 764.4009 802.9521 920.3119 1.7438 0.7328 1.9376 -2.5888 3.6540 19.4873 1.6328 0.6754
Cyclist -1 -1 -2.1747 51.1650 780.9203 147.8593 873.7095 1.8162 0.7636 2.1179 -18.8760 5.3163 32.7508 -2.7002 0.2278
Car -1 -1 -1.5671 1077.4512 781.0605 1144.6593 857.6519 1.6673 1.8372 3.9335 4.3470 6.3760 43.0284 -1.4508 0.6675
Car -1 -1 1.5511 789.1681 790.8324 855.4295 863.7327 1.5064 1.7451 3.6019 -3.8576 6.3025 41.3438 1.4685 0.4688
Car -1 -1 2.0164 122.9806 797.0641 310.8060 901.1072 1.4746 1.8225 3.9440 -14.6858 5.1288 29.7545 1.5549 0.4260
Car -1 -1 2.2024 0.0000 753.3536 233.0747 892.7609 1.5437 1.8654 4.3090 -13.2844 3.7028 22.9044 1.6640 0.2902
Car -1 -1 1.0448 1580.8765 785.3102 1783.8107 892.5065 1.4957 1.8184 4.1374 13.9917 4.8655 29.3022 1.5192 0.2790
Car -1 -1 -1.9338 0.0000 729.5362 119.7674 918.4500 1.5493 1.7729 4.2470 -11.1859 2.8209 16.2719 -2.5647 0.2024
Car -1 -1 2.0594 24.2092 784.4152 226.3907 887.7748 1.4879 1.8292 4.1058 -16.6290 4.9089 29.9982 1.5488 0.2021
