Pedestrian -1 -1 -3.4689 1666.6765 871.8707 1812.8284 1111.8486 1.5110 0.6243 0.7833 5.5015 3.3266 10.6050 -2.9262 0.2640
Cyclist -1 -1 1.7653 732.3235 763.2824 811.4041 907.5596 1.7265 0.7219 1.9307 -2.6074 3.7412 20.7823 1.6443 0.7058
Cyclist -1 -1 -1.5463 83.8104 757.2154 132.3137 853.6978 1.8636 0.8882 2.1078 -18.8923 4.8971 33.1459 -2.0676 0.3408
Car -1 -1 2.2330 0.0000 781.2469 132.4568 903.9517 1.4999 1.8161 4.1449 -16.5257 4.4297 25.8808 1.6555 0.5802
Car -1 -1 2.2316 0.0000 764.0684 202.0378 897.4503 1.5559 1.8980 4.3014 -14.5834 4.0322 24.3667 1.6814 0.2748
Car -1 -1 -1.4409 729.4398 783.9359 814.8629 862.1831 1.6676 1.8408 3.9554 -5.2501 6.3416 41.9586 -1.5557 0.2583
Car -1 -1 -1.0780 89.5722 777.4371 279.8849 880.8378 1.5285 1.7515 3.8440 -15.3229 4.7595 29.7431 -1.5579 0.2537
Car -1 -1 -1.4691 192.8722 766.0449 267.7864 828.7769 1.6212 1.8691 4.1787 -24.9699 6.6696 51.2041 -1.9185 0.2117
Car -1 -1 1.0841 1570.0103 786.1354 1760.9962 890.2424 1.4909 1.8103 4.1295 13.9760 4.9454 29.9559 1.5489 0.2030
Car -1 -1 -1.6488 1015.3030 795.6483 1079.2990 860.1866 1.5612 1.8360 4.0758 2.7775 7.3937 49.0377 -1.5779 0.1889
