Cyclist -1 -1 1.7063 746.3519 766.7432 808.1387 889.5577 1.7167 0.7253 1.9065 -2.9438 4.0919 24.0812 1.5902 0.5672
Cyclist -1 -1 -2.1300 42.1747 759.9241 132.5377 851.1865 1.8786 0.8024 2.0620 -19.9179 5.0307 34.0778 -2.6617 0.1920
Car -1 -1 1.9389 294.6681 784.6911 515.5864 920.6105 1.5003 1.8318 4.5125 -8.8004 4.3189 24.1099 1.5844 0.5192
Car -1 -1 -0.9429 370.2223 781.3818 500.5046 847.8065 1.5670 1.8644 4.1378 -16.8539 6.8396 48.1368 -1.2737 0.4237
Car -1 -1 -1.5010 779.6469 788.9353 851.5385 859.1196 1.5366 1.7839 3.8148 -4.2054 6.5348 43.6442 -1.5865 0.2717
Car -1 -1 -1.5230 502.4245 765.7539 622.0844 886.2043 1.4730 1.7483 3.7393 -6.5909 4.0175 25.0035 -1.7815 0.2717
Car -1 -1 1.1973 15.3478 761.9429 229.4201 880.1864 1.4598 1.7065 4.0604 -14.0003 3.9172 24.8813 0.6746 0.2101
Car -1 -1 -1.5703 1081.5219 779.5723 1142.9933 844.6142 1.4921 1.8017 3.8669 4.6710 6.4560 45.9673 -1.4536 0.2028
Car -1 -1 -1.6473 0.0000 705.6333 80.2233 883.7780 1.5038 1.7593 4.0262 -11.1959 2.5161 16.6426 -2.2682 0.2014
Car -1 -1 -1.4029 587.8573 786.7800 679.1603 862.2066 1.5654 1.8210 3.8678 -9.0252 6.2657 41.4528 -1.6100 0.1942
