Cyclist -1 -1 1.7005 755.6835 765.0673 813.0636 886.1154 1.7948 0.7050 2.0132 -3.0012 4.2831 25.5334 1.5898 0.6057
Cyclist -1 -1 1.8558 0.0000 763.2084 59.8702 880.2535 1.7879 0.7226 1.9773 -16.6001 4.3246 26.3770 1.2851 0.3963
Car -1 -1 1.8461 424.9556 783.0636 581.1103 891.6195 1.5064 1.7963 4.3494 -8.8710 4.8394 29.3239 1.5533 0.6356
Car -1 -1 -1.6132 1052.0770 775.6995 1114.7760 840.1620 1.5156 1.8477 4.0663 3.7930 6.4617 46.9689 -1.5177 0.4147
Car -1 -1 -0.8916 355.4043 781.9904 495.5499 850.4401 1.5940 1.8993 4.3835 -17.1691 6.9023 48.1492 -1.2281 0.3609
Car -1 -1 -1.4123 633.5740 798.2759 740.9956 887.4839 1.5113 1.8433 4.0440 -6.3900 5.8370 35.2764 -1.5843 0.3267
Car -1 -1 2.0448 308.6422 778.2170 519.7154 899.7625 1.4067 1.6669 3.8223 -8.7815 4.1081 24.3502 1.6940 0.3111
Car -1 -1 -1.7149 0.0000 711.2233 106.1504 886.6226 1.5387 1.7875 4.0576 -11.4195 2.6561 17.2664 -2.3257 0.2827
Car -1 -1 -1.3061 568.8447 776.1159 685.1114 857.8705 1.6790 1.9942 4.6493 -9.2724 6.1535 41.8745 -1.5169 0.2414
Car -1 -1 -1.4900 766.8996 781.1313 840.3068 850.7774 1.5665 1.8115 3.7878 -4.6018 6.3719 44.0909 -1.5837 0.2277
