Cyclist -1 -1 1.7881 690.7438 762.7619 785.6985 932.0232 1.7078 0.7130 1.8948 -2.6018 3.4234 17.6396 1.6418 0.6776
Cyclist -1 -1 -0.5858 188.4647 772.4180 283.9299 859.3474 1.7505 0.6080 1.9774 -16.7219 5.2565 34.5348 -1.0375 0.4292
Car -1 -1 -1.5682 1083.0657 789.1062 1149.5518 862.4281 1.5251 1.7799 3.8424 4.4042 6.3746 42.1494 -1.4483 0.7142
Car -1 -1 -1.5866 795.2190 787.0047 862.2629 861.5046 1.5337 1.7364 3.5356 -3.6099 6.1390 40.6424 -1.6648 0.5053
Car -1 -1 1.3191 0.0000 713.2376 108.9335 898.0947 1.4841 1.7982 4.2872 -10.9814 2.5523 16.0270 0.6880 0.3074
Car -1 -1 2.1804 87.5434 798.2646 310.0000 910.2921 1.5222 1.8701 4.0458 -14.6741 5.1376 29.0534 1.7091 0.2978
Car -1 -1 1.9980 75.4806 752.0926 237.4362 836.6362 1.5224 1.8153 4.1934 -19.0187 4.7296 35.5563 1.5047 0.2742
Car -1 -1 1.9182 0.0000 799.8746 182.2291 909.6841 1.4888 1.8288 4.0559 -16.9317 5.1717 29.3167 1.3899 0.2596
Car -1 -1 1.6847 129.7525 783.4032 217.2220 856.1058 1.5867 1.8419 4.1720 -23.5574 6.5814 44.8460 1.2041 0.2501
Car -1 -1 -1.4187 652.8378 782.2870 727.5640 845.4418 1.6315 1.8665 4.2097 -9.2494 7.2558 51.3201 -1.5875 0.2324
