Pedestrian -1 -1 0.3275 0.0000 707.2844 80.0200 1024.7416 1.6720 0.6088 0.5263 -5.3487 2.1573 8.4386 -0.3096 0.3647
Cyclist -1 -1 -0.9818 386.9651 761.7524 467.7368 855.8120 1.8311 0.6822 2.0217 -11.8547 4.9733 33.2719 -1.3231 0.3742
Cyclist -1 -1 1.8296 185.2302 777.9575 235.9886 854.5572 1.8032 0.7351 2.0080 -20.3057 6.0555 40.4888 1.3665 0.2706
Car -1 -1 -1.3756 711.8080 781.7126 842.3311 891.4894 1.5623 1.7751 3.5092 -3.4139 4.7219 28.3095 -1.4883 0.8179
Car -1 -1 0.7543 246.9118 791.4712 386.8174 853.9865 1.5785 1.7844 3.9138 -20.3903 7.0198 47.3370 0.3525 0.4455
Car -1 -1 -1.0651 429.7569 774.7691 571.1111 854.7817 1.6427 1.9213 4.2209 -12.6877 6.0246 41.4580 -1.3570 0.4434
Car -1 -1 0.4041 40.3389 783.4629 256.8756 862.9322 1.8978 2.0341 4.9241 -22.6640 6.4682 41.8707 -0.0898 0.4379
Car -1 -1 -0.9680 526.0850 789.2805 659.1738 861.9709 1.5849 1.8369 4.1835 -11.0727 6.8054 45.2105 -1.2006 0.3010
Car -1 -1 -1.4575 1087.9845 788.8616 1164.5449 858.4216 1.6200 1.9046 4.3058 5.3514 7.1448 48.0717 -1.3310 0.2552
Car -1 -1 -1.2730 543.8766 779.5074 655.6399 857.4341 1.5106 1.7568 3.7480 -9.2577 5.6984 38.5761 -1.5026 0.2489
