Pedestrian -1 -1 -2.9370 1330.9912 815.6503 1443.3914 928.0682 1.0694 0.7584 1.0682 4.7965 3.2922 16.8325 -2.6264 0.2986
Pedestrian -1 -1 0.1501 204.2608 766.6804 280.2206 926.0777 1.5298 0.5973 0.6355 -7.4037 3.0280 15.4187 -0.3215 0.2070
Cyclist -1 -1 -0.8432 2.7319 749.6173 125.3394 867.4724 1.7989 0.6939 1.9894 -15.6029 4.0598 26.0688 -1.3919 0.4929
Cyclist -1 -1 -1.2067 431.7295 756.1785 505.2246 850.2258 1.7602 0.8110 2.0535 -10.5039 4.6568 31.9508 -1.5236 0.4321
Car -1 -1 -1.2878 593.6110 767.6072 787.6841 912.9191 1.5454 1.7913 3.6183 -3.7853 3.7807 21.5268 -1.4606 0.7354
Car -1 -1 -0.3569 1245.7974 818.8929 1475.9003 920.7692 1.6093 1.7660 3.8793 7.5727 5.4464 28.5538 -0.0747 0.3521
Car -1 -1 2.0737 285.1756 768.6842 417.5720 837.5470 1.5978 1.8910 4.4871 -19.0009 6.3246 46.8193 1.6926 0.3313
Car -1 -1 1.1284 70.8706 788.0780 289.9653 905.4317 1.4250 1.7180 3.9696 -13.2142 4.3832 25.2383 0.6382 0.3003
Car -1 -1 1.8837 417.8856 780.6954 513.7393 842.5139 1.5741 1.8447 4.3034 -16.8548 7.1200 51.0815 1.5718 0.2630
Car -1 -1 3.5485 61.5657 792.1089 257.2299 866.4602 1.6727 1.8827 4.1791 -21.2400 6.2411 39.7474 3.0592 0.2355
Car -1 -1 -1.0230 0.0000 759.5862 149.8939 879.8748 1.6028 1.8478 4.0961 -16.4465 4.1847 26.6049 -1.5857 0.2306
