Pedestrian -1 -1 0.1308 176.5475 763.6992 251.4098 934.0617 1.5704 0.5932 0.6037 -7.3830 2.9791 14.7939 -0.3586 0.2323
Cyclist -1 -1 -0.8952 426.6138 756.5698 521.4778 854.9539 1.8041 0.7818 2.0568 -10.2262 4.6717 31.4679 -1.2087 0.4244
Cyclist -1 -1 -0.6769 0.0000 750.3162 114.7662 867.9368 1.7552 0.6740 1.9819 -15.5998 3.9896 25.5953 -1.2344 0.3535
Car -1 -1 -1.3757 591.9808 770.6707 773.8390 922.0529 1.5716 1.8073 3.6605 -3.7845 3.7912 20.9247 -1.5539 0.7960
Car -1 -1 -0.8423 0.0000 760.7249 161.9631 880.4500 1.5505 1.7526 3.9792 -16.1980 4.1266 26.2553 -1.4044 0.2709
Car -1 -1 2.1311 280.8680 767.0722 418.3675 836.2112 1.5890 1.8827 4.3698 -18.8112 6.2030 46.2154 1.7488 0.2430
Car -1 -1 1.9596 405.6695 775.0872 513.2623 839.6316 1.6377 1.9123 4.3861 -16.9385 6.9569 50.7065 1.6438 0.2333
Car -1 -1 -0.4087 1269.5852 815.1011 1510.0706 922.0112 1.6168 1.7919 3.8812 7.8614 5.2700 27.6244 -0.1074 0.2057
Car -1 -1 0.7282 87.8374 787.4592 270.1994 862.4423 1.6260 1.7851 4.1706 -20.7856 6.0997 39.7779 0.2481 0.1918
Car -1 -1 -1.4315 732.5192 792.5235 805.9038 859.0995 1.7257 1.8989 4.3024 -6.6105 7.7843 51.8784 -1.5474 0.1685
