Pedestrian -1 -1 -1.6250 910.2846 776.1407 935.8254 843.1706 1.6091 0.6182 0.5928 -0.9644 5.4485 37.6458 -1.6388 0.3146
Cyclist -1 -1 -0.3675 1795.5765 799.1903 1932.5956 897.9944 1.6804 0.8053 2.0596 16.9819 5.0348 28.1756 0.2066 0.4396
Cyclist -1 -1 -1.3370 420.4570 767.5048 487.4172 872.0346 1.7655 0.8024 1.9361 -9.8127 4.6255 28.9910 -1.6640 0.2540
Cyclist -1 -1 -0.4576 10.8690 769.0238 118.8958 857.2661 1.7346 0.6958 1.9904 -20.2191 5.0881 33.7711 -1.0000 0.2252
Car -1 -1 -1.2499 430.6484 766.3956 728.1765 981.5790 1.5862 1.8757 3.9638 -3.8342 3.2708 15.7590 -1.4975 0.8991
Car -1 -1 -0.8579 139.8191 762.6458 389.5105 874.8326 1.5843 1.9733 4.5792 -13.6563 4.5444 29.6633 -1.2930 0.7945
Car -1 -1 -0.8283 0.0000 751.5402 217.1403 873.9990 1.5569 1.8170 3.9718 -14.8810 3.9007 25.5466 -1.3657 0.3150
Car -1 -1 2.0103 0.0000 771.5987 162.8873 863.5531 1.6051 1.9073 4.4076 -21.0071 5.3289 35.6758 1.4764 0.2792
Car -1 -1 -1.6753 803.6121 804.3282 876.8075 877.2522 1.5911 1.8439 4.0889 -3.7286 7.3110 45.4987 -1.7456 0.2756
Car -1 -1 -1.7454 1134.6630 795.3630 1227.2810 874.0978 1.5186 1.8137 4.0373 5.7654 6.2718 39.6676 -1.5841 0.2568
Car -1 -1 -1.2808 367.2990 776.0797 524.6556 882.7688 1.5520 1.8426 4.2000 -10.2029 4.7941 29.9364 -1.6093 0.2244
