Cyclist -1 -1 -1.0252 442.3599 755.8508 527.8039 852.6210 1.7457 0.7490 2.0067 -9.8203 4.5465 30.9201 -1.3322 0.5039
Cyclist -1 -1 -0.1516 281.0728 759.3294 358.8930 823.8893 1.6704 0.7778 1.9664 -18.4659 5.6187 43.0732 -0.5539 0.1925
Car -1 -1 -1.4263 592.0694 768.3745 765.9904 922.9362 1.4693 1.7063 3.5026 -3.5403 3.4927 19.3077 -1.6086 0.8069
Car -1 -1 -0.7295 0.0000 766.1409 201.1516 888.5515 1.5346 1.8067 4.0971 -15.5870 4.2094 26.0986 -1.2769 0.3722
Car -1 -1 2.0604 232.8291 762.8838 363.6382 829.9530 1.4880 1.7880 4.0956 -19.4090 5.7399 43.9713 1.6475 0.3206
Car -1 -1 -1.7135 1136.5588 783.7697 1231.0302 868.8996 1.6723 1.9479 4.3634 5.8516 6.1336 39.7933 -1.5505 0.2700
Car -1 -1 -0.9121 98.5164 788.9715 326.0768 901.5023 1.6029 1.8911 4.2710 -14.9919 5.1690 30.2244 -1.3753 0.2659
Car -1 -1 -2.6473 442.2688 781.5868 584.5306 840.0417 1.6780 1.8776 4.3397 -15.4493 7.2345 51.6595 -2.9305 0.2293
Car -1 -1 0.6248 4.7363 785.1566 220.0726 861.2281 1.6127 1.9050 4.4815 -21.4717 5.8036 37.9161 0.1095 0.2234
Car -1 -1 -0.4283 1291.2787 813.7913 1555.6128 930.3843 1.6643 1.8022 4.0118 7.9868 5.0931 26.0391 -0.1051 0.2232
Car -1 -1 1.3596 1261.7493 791.9064 1442.6968 941.9743 1.4627 1.7590 3.8993 5.3787 4.0359 21.0383 1.6368 0.1865
