Cyclist -1 -1 -0.5177 171.9638 757.5585 261.0527 831.7324 1.8639 0.7810 2.1749 -21.2470 5.7515 42.7044 -0.9776 0.2446
Cyclist -1 -1 -1.5540 518.8163 830.3365 562.6231 944.9387 1.7837 0.7566 2.0780 -7.9489 5.8259 28.3234 -1.8246 0.2180
Cyclist -1 -1 -0.3933 107.6973 774.6545 207.5551 860.2611 1.7405 0.7360 1.9095 -18.6735 5.3208 34.7802 -0.8874 0.1690
Car -1 -1 -1.2146 219.7695 752.0625 633.9481 1052.3909 1.5681 1.7811 3.6587 -3.7470 2.6757 11.1930 -1.5670 0.9289
Car -1 -1 2.2139 67.1801 773.0322 255.6203 860.9427 1.5457 1.7978 4.2953 -19.2214 5.3525 36.1707 1.7247 0.3378
Car -1 -1 1.9946 152.3468 760.9796 279.4994 830.2492 1.5704 1.8224 4.1086 -21.9306 5.7803 44.1794 1.5360 0.2145
Car -1 -1 -0.3579 1426.8304 822.3130 1690.7355 935.0117 1.7832 1.8821 4.2626 11.2311 5.6613 28.3389 0.0462 0.2029
Car -1 -1 -1.3590 383.0798 786.9867 536.4026 900.9836 1.4364 1.8034 3.9931 -8.8981 4.5725 26.8508 -1.6804 0.1818
Car -1 -1 3.4502 361.8924 789.1987 580.2962 878.6538 1.8454 1.9907 4.5379 -11.5729 5.8590 35.5304 3.1389 0.1744
Car -1 -1 -1.5487 732.8821 800.8325 805.6612 877.8849 1.5128 1.8405 3.9595 -5.1904 6.5569 40.8172 -1.6655 0.1719
Car -1 -1 2.1428 0.0000 780.5320 136.2267 861.8179 1.5518 1.8552 4.1564 -23.4667 5.7983 38.7014 1.5975 0.1711
Car -1 -1 -1.7996 1473.2820 805.6841 1586.2211 891.0182 1.4615 1.8046 4.0100 13.8778 6.1567 36.7184 -1.4150 0.1550
