Pedestrian -1 -1 0.0055 1068.1687 792.8573 1118.5497 884.2590 1.3453 0.6965 0.7843 2.1101 4.0658 23.8323 0.1106 0.3675
Pedestrian -1 -1 -0.1608 1595.3130 795.7806 1675.6857 897.7689 1.5301 0.6940 1.1245 11.0727 4.3964 24.5893 0.2940 0.3058
Pedestrian -1 -1 -3.4682 1575.6957 791.7938 1636.3926 914.5429 1.8218 0.6566 0.7181 10.1498 4.4919 23.5584 -3.0296 0.2805
Cyclist -1 -1 -1.1232 547.8090 759.2603 625.5440 867.0364 1.7641 0.6545 1.8836 -6.9742 4.3625 27.9313 -1.3664 0.5112
Cyclist -1 -1 -1.1592 620.0920 778.3147 677.3335 859.0343 1.7491 0.6891 1.8765 -7.7499 5.6626 37.1575 -1.3583 0.2035
Cyclist -1 -1 -0.1608 1595.3130 795.7806 1675.6857 897.7689 1.5301 0.6940 1.1245 11.0727 4.3964 24.5893 0.2940 0.1566
Car -1 -1 -1.0860 0.0000 713.3217 569.5844 1126.7777 1.5768 1.8397 3.9816 -3.7170 2.2022 8.5689 -1.5527 0.9300
Car -1 -1 -1.0717 512.8002 780.7466 672.3638 873.0475 1.5837 1.8448 4.3307 -8.7431 5.5641 35.8632 -1.3056 0.2949
Car -1 -1 -1.5572 771.2755 792.9888 845.1066 874.6500 1.5346 1.7810 3.8117 -3.8594 6.0472 38.1779 -1.6480 0.2308
Car -1 -1 2.1926 351.1223 778.1908 562.0602 885.0567 1.5380 1.9174 4.3341 -10.2108 4.9191 30.6298 1.8715 0.1920
Car -1 -1 -1.6646 1034.3705 783.8583 1150.9534 896.9587 1.4015 1.6845 3.5004 2.1479 4.2697 25.2261 -1.5632 0.1766
Car -1 -1 1.3670 1083.3005 784.6832 1176.3821 861.4851 1.6226 1.8891 4.1953 4.7576 6.4231 42.7644 1.4937 0.1748
