Pedestrian -1 -1 -1.7964 1301.6721 758.3660 1400.4873 990.9355 1.6560 0.6273 0.5838 2.9407 2.6944 11.3213 -1.5006 0.3528
Pedestrian -1 -1 0.5938 195.6922 712.6982 277.9299 859.9058 1.7496 0.6392 0.6803 -8.9846 2.8605 18.5621 0.1244 0.2172
Cyclist -1 -1 -1.0841 562.8834 761.9781 654.6705 875.4106 1.7656 0.7529 2.0081 -6.3190 4.3312 26.9226 -1.3130 0.5724
Cyclist -1 -1 -0.3482 599.5681 782.2711 668.1304 844.7134 1.7875 0.7560 2.0106 -10.4941 6.9234 47.9525 -0.5553 0.2150
Car -1 -1 -0.7334 0.0000 663.5350 361.1391 1216.0000 1.6337 1.8840 4.0109 -3.7097 1.8102 4.8063 -1.5496 0.8018
Car -1 -1 2.3234 295.2854 772.9417 451.1165 849.3605 1.4476 1.6567 3.6152 -14.8752 5.4069 38.0091 1.9524 0.6236
Car -1 -1 -1.1036 609.4772 776.4252 755.8259 862.6673 1.6192 1.9281 4.4166 -7.1535 5.8010 38.8780 -1.2781 0.3825
Car -1 -1 2.0411 565.1190 781.0522 680.7108 847.8683 1.6047 1.9019 4.4091 -11.1011 7.0096 49.3873 1.8284 0.3288
Car -1 -1 -1.4999 732.4529 792.2820 822.6695 879.7971 1.4709 1.7577 3.7392 -4.1589 5.5257 34.3226 -1.6118 0.2140
Car -1 -1 2.2150 0.0000 773.4147 182.0841 876.8960 1.5130 1.8263 4.1638 -17.9138 4.7319 30.2469 1.6751 0.2119
