Cyclist -1 -1 -1.2777 535.5131 755.9047 612.8271 869.0607 1.7823 0.8035 1.9898 -6.9391 4.2278 26.9050 -1.5295 0.5209
Car -1 -1 -0.9845 0.0000 697.3383 459.6256 1216.0000 1.5326 1.7950 3.8334 -3.7155 1.9461 6.5982 -1.5942 0.9080
Car -1 -1 -1.1158 552.6313 773.9976 699.7187 861.2281 1.5449 1.8395 4.1107 -8.0418 5.3829 36.2781 -1.3282 0.3138
Car -1 -1 -1.6017 762.6917 784.9785 839.6010 868.0477 1.4701 1.7571 3.8387 -3.9230 5.5669 36.2553 -1.7002 0.2907
Car -1 -1 2.0472 387.3030 764.8855 522.7079 838.8375 1.5456 1.8270 4.2877 -14.1527 5.6952 42.0700 1.7269 0.2690
Car -1 -1 -1.1240 642.8527 793.1658 774.4699 875.0446 1.5935 1.8709 4.2160 -6.8135 6.4408 40.7928 -1.2809 0.2663
Car -1 -1 -1.7779 1128.4818 788.6176 1236.5726 876.4094 1.5170 1.8092 3.9717 5.1695 5.6159 35.4156 -1.6155 0.2451
Car -1 -1 -2.2012 64.7666 713.3974 534.3357 939.8182 1.5755 1.7442 4.0598 -5.9963 2.4757 13.4840 -2.6496 0.2361
Car -1 -1 1.3508 1234.1761 764.0366 1399.0275 891.7940 1.5122 1.8200 4.3022 5.7316 4.0064 24.6282 1.6033 0.2165
Car -1 -1 -1.5169 765.2052 756.9404 861.0230 851.6255 1.5633 1.8044 3.8770 -3.1220 4.5758 32.1496 -1.6052 0.2116
Car -1 -1 1.1398 1536.5577 761.2770 1753.8207 887.4727 1.6300 1.9149 4.3235 11.8326 4.2204 26.2203 1.5945 0.2107
