Pedestrian -1 -1 -3.5045 1576.2432 791.7766 1644.7797 915.6503 1.7862 0.6605 0.7909 9.9315 4.3813 22.8954 -3.0627 0.2611
Pedestrian -1 -1 0.0336 1580.0707 788.6506 1651.8551 900.9940 1.6281 0.7561 1.0031 10.4612 4.3061 23.8902 0.4783 0.1909
Cyclist -1 -1 -1.1722 544.5602 754.9510 630.1541 867.6964 1.8320 0.8233 2.0126 -6.9239 4.3415 27.7984 -1.4148 0.5292
Car -1 -1 -1.0928 0.0000 717.1086 519.9519 1156.1969 1.5019 1.7849 3.7560 -3.7006 2.1019 7.8229 -1.6042 0.9104
Car -1 -1 -1.6175 769.2956 785.5089 844.9627 865.3204 1.4633 1.7432 3.8067 -3.9101 5.7066 37.5028 -1.7118 0.3045
Car -1 -1 2.0333 402.1437 773.1725 533.3697 848.0392 1.6041 1.8645 4.2952 -14.1925 6.1188 43.2704 1.7214 0.2816
Car -1 -1 -1.0517 499.6300 778.0599 666.8420 872.7502 1.6189 1.9144 4.3875 -8.9002 5.5097 35.6162 -1.2916 0.2801
Car -1 -1 -2.0838 82.0663 727.0059 494.1399 936.3325 1.5049 1.7028 4.2300 -6.6000 2.6254 14.5090 -2.5375 0.2491
Car -1 -1 -1.7231 1032.9177 775.0688 1168.3999 895.8016 1.4460 1.7140 3.7146 2.2030 4.0984 24.5187 -1.6167 0.2212
Car -1 -1 -1.1589 611.8055 793.8805 744.5498 878.7825 1.6097 1.8982 4.2218 -7.4299 6.3502 39.6786 -1.3360 0.2078
