Pedestrian -1 -1 -2.5089 728.3481 773.4434 772.0258 853.2217 1.6660 0.6052 0.7513 -4.7039 5.0214 33.3347 -2.6416 0.5058
Pedestrian -1 -1 3.1820 716.3951 779.6418 754.9856 875.2071 1.6034 0.6443 0.6497 -4.0066 4.3917 26.5919 3.0377 0.4467
Pedestrian -1 -1 -1.4757 1117.2274 777.7583 1144.8915 845.5485 1.7136 0.6684 0.6175 4.5288 5.8275 39.8709 -1.3465 0.2418
Pedestrian -1 -1 -2.3307 1832.6555 760.0142 1936.0000 1084.9806 1.5876 0.5645 0.5160 4.9987 2.3201 7.8247 -1.6646 0.2176
Cyclist -1 -1 -0.7644 723.0831 753.2628 843.5856 875.3926 1.7629 0.7531 2.0118 -2.9213 3.9729 24.7318 -0.8762 0.3458
Cyclist -1 -1 -2.6275 727.8690 771.9996 776.6929 854.5524 1.7203 0.6785 0.8529 -4.6550 5.0453 33.3280 -2.7588 0.1550
Car -1 -1 -0.7202 179.2767 779.1308 374.7339 874.9425 1.5027 1.6927 3.5274 -14.4252 4.9745 31.7066 -1.1489 0.7393
Car -1 -1 1.1211 0.0000 783.9753 143.1245 888.6975 1.4464 1.7509 3.9300 -17.2101 4.6009 27.8687 0.5607 0.6522
Car -1 -1 -1.1069 823.0963 775.4590 953.9479 854.6443 1.7782 2.0668 4.7641 -2.1642 6.6758 46.0499 -1.1420 0.5719
Car -1 -1 2.2945 518.8592 780.5894 660.1258 851.9975 1.5010 1.7151 3.9967 -10.6385 6.2087 43.0517 2.0590 0.4116
