Pedestrian -1 -1 -0.9526 596.8660 791.7363 642.1376 879.6125 1.6657 0.6386 0.6475 -6.9383 5.1011 30.3710 -1.1732 0.4404
Pedestrian -1 -1 -0.3245 1842.2155 761.0900 1935.7175 948.4951 1.6299 0.6691 0.5870 8.6705 2.9415 13.9975 0.2863 0.3127
Pedestrian -1 -1 -2.4257 115.9061 788.0648 186.0120 912.2259 1.6353 0.6284 0.6041 -11.3932 3.9710 21.0373 -2.9353 0.2584
Pedestrian -1 -1 0.4267 162.8746 790.4485 230.3979 903.2011 1.5358 0.6502 0.6677 -11.0990 3.9786 21.7225 -0.0574 0.2219
Cyclist -1 -1 -1.3615 1317.3876 806.5068 1405.6445 944.4582 1.8223 0.9126 1.9948 6.3706 4.8370 23.7304 -1.0738 0.5620
Car -1 -1 2.0488 953.9732 814.7792 1074.5897 890.6949 1.5586 1.7950 4.2038 1.6257 7.4733 44.3148 2.0996 0.7122
Car -1 -1 -0.8207 299.6996 804.6382 535.0604 930.4810 1.5050 1.8430 3.5804 -9.2200 4.8268 25.6294 -1.1684 0.6601
Car -1 -1 2.0602 859.7714 813.4305 988.8309 893.3545 1.4738 1.7676 3.9149 -0.9275 6.7666 39.8386 2.0495 0.5521
Car -1 -1 2.1215 716.9081 813.8444 877.4735 908.6993 1.5461 1.8919 4.1499 -3.8432 6.3495 35.7378 2.0243 0.2897
Car -1 -1 0.9954 0.0000 779.2092 238.9255 922.5986 1.5818 1.7782 4.1271 -12.7569 4.0145 21.8705 0.4543 0.2412
Car -1 -1 -0.9684 505.5836 788.9047 678.5856 885.9891 1.5162 1.7831 3.8462 -7.9668 5.3253 32.6167 -1.2036 0.2108
