Pedestrian -1 -1 -2.0389 1680.6771 651.6270 1926.6851 1163.1602 1.7985 0.6557 0.5672 3.1433 1.9051 5.6292 -1.3963 0.2477
Cyclist -1 -1 -1.5708 1691.9469 804.9457 1753.4158 937.4468 1.8129 0.8302 1.9958 12.4653 4.8867 24.4557 -1.0668 0.3481
Car -1 -1 2.0533 1230.0122 805.9262 1363.7174 884.6359 1.5308 1.7825 4.2336 9.3068 6.7907 41.2745 2.2939 0.6770
Car -1 -1 -1.4643 1012.0884 823.6224 1110.2170 915.7828 1.4182 1.7482 3.5849 2.2724 6.0913 33.2410 -1.3806 0.6188
Car -1 -1 2.0517 1123.9867 812.6979 1263.4093 899.0020 1.4869 1.7514 3.8756 5.7737 6.3743 36.8474 2.2248 0.5130
Car -1 -1 2.4485 539.8531 802.3514 797.5658 928.9418 1.3977 1.6898 3.9350 -4.6749 4.5282 24.3273 2.2616 0.5053
Car -1 -1 1.1073 0.0000 789.4658 157.8022 917.9387 1.4689 1.7488 3.8257 -14.4682 4.2204 23.2704 0.5394 0.3213
Car -1 -1 -1.3129 1068.9608 779.2869 1210.6031 890.0907 1.6084 1.8002 3.9520 3.6421 4.9221 29.9265 -1.1743 0.2831
Car -1 -1 2.1600 261.5482 781.4604 413.8149 858.7686 1.4943 1.7912 4.0258 -16.4902 5.8826 39.7655 1.7695 0.2760
Car -1 -1 2.0241 403.0847 813.3849 588.8816 929.6338 1.5470 1.8391 4.0383 -8.8993 5.4681 28.9723 1.7278 0.2174
Car -1 -1 1.5142 1199.1030 828.5801 1263.1897 897.8600 1.6022 1.9240 4.1325 8.8998 8.6513 49.5759 1.7086 0.2118
