Pedestrian -1 -1 -1.5788 412.5103 850.7459 455.0966 965.4475 1.6360 0.6170 0.6054 -8.2047 5.2072 23.2565 -1.9205 0.3298
Pedestrian -1 -1 2.0401 0.0000 883.2288 76.3747 1054.1210 1.6866 0.6636 0.6042 -10.0295 4.5277 16.1112 1.4628 0.3045
Car -1 -1 2.2646 1580.8226 838.1857 1814.8455 952.4177 1.5305 1.8045 3.7635 13.4741 5.6561 27.3758 2.7514 0.7755
Car -1 -1 2.5207 1053.7517 868.9927 1354.6208 1026.1870 1.5121 1.8635 3.8203 3.4367 5.2389 21.1779 2.7032 0.7116
Car -1 -1 2.0800 1740.1379 837.9368 1936.0000 942.9406 1.5099 1.7653 3.7417 17.6062 6.0170 29.9652 2.6404 0.4099
Car -1 -1 1.7873 121.9861 797.3234 222.0781 869.7001 1.7130 1.9847 4.4046 -25.8540 7.6537 49.1399 1.3079 0.3766
Car -1 -1 1.2407 1542.7949 837.1431 1663.2584 920.5907 1.5411 1.8442 4.0709 17.2893 7.5874 40.4874 1.6665 0.3666
Car -1 -1 -1.5638 640.7432 768.1145 745.6285 879.0065 1.5196 1.7871 3.8198 -4.9490 4.3735 27.7691 -1.7359 0.2862
Car -1 -1 -0.6463 1186.5833 778.0037 1751.0308 1017.8293 1.5994 1.8182 4.5672 4.5010 3.1251 13.3979 -0.2796 0.2495
Car -1 -1 3.5513 0.0000 834.5267 177.5442 896.4956 1.3504 1.7544 4.1529 -24.1561 7.2875 41.2402 3.0243 0.2475
