Pedestrian -1 -1 1.5012 930.4109 883.9545 994.0953 1047.9603 1.6661 0.6686 0.5496 0.0053 4.5599 16.4119 1.5142 0.3669
Pedestrian -1 -1 -1.4182 417.4053 829.0852 465.5564 941.3783 1.6237 0.6156 0.7111 -8.1637 4.8887 23.5063 -1.7554 0.2733
Pedestrian -1 -1 2.8139 1334.3076 887.0364 1415.1027 1046.2891 1.6059 0.5866 0.7127 4.5205 4.5300 16.3791 3.1150 0.2211
Cyclist -1 -1 -0.1806 1357.4098 880.9749 1547.4834 1054.0708 1.6484 0.7646 1.8838 5.3401 4.5421 16.3627 0.1696 0.2184
Car -1 -1 2.1891 1563.3851 831.6209 1798.9143 953.3930 1.6248 1.8670 4.0382 13.3213 5.6905 27.6586 2.6670 0.8475
Car -1 -1 2.3290 1051.7227 844.0181 1344.9093 1007.6657 1.5587 1.8962 3.9614 3.4256 4.9721 21.3611 2.5095 0.8358
Car -1 -1 2.0210 1696.7452 837.3589 1892.7046 943.9141 1.4987 1.8325 4.0075 16.9378 6.0762 30.3517 2.5585 0.5089
Car -1 -1 -1.5818 676.5117 753.5770 786.5248 867.7233 1.6030 1.9056 4.2372 -4.3552 4.2310 28.2994 -1.7293 0.4378
Car -1 -1 -0.5767 1118.2889 799.9477 1652.8328 1018.7607 1.3797 1.7351 4.1855 3.6455 3.0672 13.0314 -0.2650 0.2572
Car -1 -1 1.3177 1521.1417 816.3441 1629.5698 897.8261 1.5332 1.8137 4.2331 16.6978 7.0499 40.8610 1.7278 0.2254
Car -1 -1 1.8942 15.6899 832.8553 147.7147 906.3353 1.2723 1.8835 3.8620 -23.2928 7.0907 39.7594 1.3666 0.2115
