Pedestrian -1 -1 -1.7816 450.2773 866.5236 490.1648 960.0309 1.7172 0.6486 0.6275 -9.8984 6.6573 30.1406 -2.0953 0.3113
Pedestrian -1 -1 -1.5368 477.8731 824.2152 517.1538 926.4678 1.6878 0.6447 0.5947 -8.2147 5.2701 26.5054 -1.8368 0.2664
Pedestrian -1 -1 1.8258 31.3677 781.8776 67.5748 851.1819 1.7786 0.6943 0.6708 -24.8144 6.0958 40.7070 1.2791 0.1779
Cyclist -1 -1 -0.3452 684.0430 768.9251 859.1686 933.3591 1.7927 0.7882 2.0026 -2.3424 3.6533 18.5152 -0.4684 0.4839
Cyclist -1 -1 -0.0263 294.6798 797.5176 364.0255 868.1029 1.7290 0.7553 1.7236 -17.2163 6.5126 40.7437 -0.4225 0.1756
Car -1 -1 2.4610 1266.4055 843.6317 1601.4420 1001.0693 1.4328 1.8156 3.7880 6.0623 4.4681 19.2570 2.7969 0.8653
Car -1 -1 1.0014 0.0000 711.7312 461.0174 1178.5391 1.4078 1.7054 4.2115 -4.4922 1.8639 6.4448 0.2848 0.3366
Car -1 -1 1.3305 1868.4144 808.4370 1936.0000 915.0186 1.5704 1.8398 4.1166 20.9203 5.7791 32.0406 1.9383 0.2185
Car -1 -1 -0.0514 613.1961 800.8476 785.0126 876.9930 1.6876 1.9398 4.5623 -7.2413 6.7071 41.2247 -0.2166 0.2125
Car -1 -1 -1.2750 332.5419 802.8201 441.8484 874.6261 1.4545 1.7949 3.9778 -16.2234 6.7487 42.4563 -1.6352 0.2056
Car -1 -1 -1.9755 802.5722 786.7119 974.9570 903.2898 1.4676 1.7291 3.8477 -1.3774 4.5944 26.7888 -2.0170 0.1957
