Pedestrian -1 -1 -1.8195 457.8185 845.5355 504.3586 949.7977 1.6904 0.6625 0.5755 -8.4910 5.6533 26.4407 -2.1294 0.3429
Pedestrian -1 -1 -1.6843 434.6721 871.5597 472.4286 964.6877 1.7149 0.6584 0.5995 -10.2300 6.7519 30.1270 -2.0082 0.3334
Pedestrian -1 -1 1.4470 439.4526 845.9866 479.7795 943.8856 1.7040 0.6548 0.6087 -9.5031 5.9529 28.3239 1.1249 0.2838
Pedestrian -1 -1 -1.5248 481.9222 802.3335 537.5433 950.6173 1.5850 0.5921 0.6244 -5.2058 3.6782 17.2646 -1.8271 0.2184
Pedestrian -1 -1 -0.9207 0.0000 848.5834 94.3141 1029.3083 1.3938 0.6377 0.7058 -7.9666 3.3674 12.8235 -1.5116 0.1929
Cyclist -1 -1 -0.2915 606.4462 792.7899 788.6976 958.2655 1.7571 0.7358 2.0703 -3.2158 3.8989 18.2839 -0.4659 0.6076
Car -1 -1 2.5187 1241.8794 862.9693 1573.9025 1023.1318 1.4716 1.8411 3.7545 5.7788 4.8001 19.4667 2.8368 0.8237
Car -1 -1 1.9018 1784.5387 803.1736 1936.0000 900.2484 1.5216 1.8331 4.2064 20.0012 5.6812 32.8740 2.4769 0.3106
Car -1 -1 1.0955 0.0000 757.0054 251.1672 964.0177 1.3959 1.7185 4.1675 -8.8080 2.7952 14.0836 0.5029 0.2811
Car -1 -1 -0.0657 591.9387 800.1636 758.7729 877.5824 1.7103 1.9271 4.4080 -7.8949 6.7089 41.1782 -0.2468 0.2776
Car -1 -1 -1.7262 803.8353 803.5760 936.9808 927.8846 1.5523 1.8274 4.0139 -1.7205 5.0375 27.0164 -1.7799 0.2526
Car -1 -1 0.2373 319.6830 815.0306 446.6313 873.4663 1.5002 1.6598 3.3515 -17.7928 7.4976 46.1397 -0.1248 0.2166
Car -1 -1 1.2406 1793.4470 833.1195 1936.0000 974.5396 1.5890 1.8988 4.1482 15.9239 5.4762 25.6700 1.8288 0.2010
Car -1 -1 -1.3831 323.7280 797.4905 423.4149 873.0856 1.5168 1.8605 4.1348 -16.5332 6.6478 42.2572 -1.7515 0.1988
