Pedestrian -1 -1 1.7378 43.7826 782.4068 76.6567 851.6758 1.7809 0.6719 0.6269 -24.5469 6.1163 40.7479 1.1965 0.1758
Pedestrian -1 -1 -0.3656 711.5339 770.8901 891.0123 936.4103 1.8025 0.8164 2.0613 -1.9815 3.6970 18.5768 -0.4678 0.1064
Cyclist -1 -1 -0.3656 711.5339 770.8901 891.0123 936.4103 1.8025 0.8164 2.0613 -1.9815 3.6970 18.5768 -0.4678 0.6299
Cyclist -1 -1 3.2205 306.6622 804.6759 380.3631 873.1284 1.6834 0.7656 1.7995 -16.8242 6.6608 40.7659 2.8330 0.1721
Car -1 -1 2.4991 1267.6763 852.6464 1608.9420 1005.3136 1.3846 1.7581 3.8696 6.0985 4.5262 19.2111 2.8376 0.8779
Car -1 -1 0.7727 0.0000 736.8961 587.7214 1167.5840 1.3659 1.7270 4.0774 -3.8884 1.9311 6.4347 0.1261 0.6446
Car -1 -1 1.7498 271.7977 803.2416 373.8571 879.5033 1.5159 1.9353 3.9823 -17.8371 6.7759 41.9531 1.3518 0.3202
Car -1 -1 -1.7067 823.4425 764.3811 954.0135 882.0880 1.5369 1.8289 4.0071 -1.3751 4.2278 26.7169 -1.7485 0.2238
Car -1 -1 -1.3392 345.7458 802.6494 448.5079 876.1529 1.4837 1.8371 3.9951 -15.9283 6.7741 42.4143 -1.6936 0.2167
Car -1 -1 1.9018 1818.7976 800.0798 1936.0000 897.8138 1.5097 1.7894 4.2597 20.4093 5.5222 32.2562 2.4952 0.1836
