Pedestrian -1 -1 -1.5881 418.4659 867.4049 454.4820 964.4406 1.7935 0.6754 0.6303 -10.5695 6.7435 30.1128 -1.9225 0.3691
Pedestrian -1 -1 1.7020 254.1836 799.9120 283.3788 865.5947 1.7633 0.6780 0.6238 -19.7521 6.8028 42.6640 1.2721 0.2461
Pedestrian -1 -1 0.0297 438.4078 853.1870 472.0946 950.7198 1.7009 0.6513 0.5842 -9.5824 6.0866 28.3326 -0.2946 0.2281
Cyclist -1 -1 -0.0434 430.1029 775.6596 599.9168 937.4497 1.6781 0.7322 1.8563 -5.1920 3.4978 17.3926 -0.3431 0.3907
Cyclist -1 -1 3.4863 239.6190 803.6221 329.1074 872.2271 1.7355 0.7805 2.0795 -18.4271 6.6605 40.7411 3.0649 0.2231
Car -1 -1 2.3773 1227.4774 853.7121 1542.7656 1017.0970 1.4649 1.8024 3.7378 5.5648 4.7182 19.6267 2.6824 0.9111
Car -1 -1 1.3141 1803.6237 825.9138 1936.0000 966.0641 1.5447 1.9600 4.2442 15.8924 5.2825 25.4813 1.9052 0.3940
Car -1 -1 1.7107 348.8704 796.5226 440.0345 870.0530 1.6638 2.0734 4.6920 -18.1481 7.4704 48.0831 1.3561 0.3591
Car -1 -1 -1.8213 793.7314 767.9406 944.8679 888.9672 1.6070 1.8277 4.0314 -1.7590 4.4236 27.2485 -1.8765 0.3167
Car -1 -1 1.2785 1821.5619 823.1846 1936.0000 923.1687 1.4804 1.8411 3.7927 20.2150 6.0628 32.4789 1.8637 0.2437
