Pedestrian -1 -1 -1.4550 433.8751 866.7539 470.3911 955.5327 1.6538 0.6306 0.5999 -10.2679 6.5915 30.1722 -1.7798 0.3590
Pedestrian -1 -1 0.0084 441.9590 842.6177 477.8710 937.4128 1.6563 0.6293 0.6388 -9.5016 5.8424 28.3551 -0.3135 0.3503
Pedestrian -1 -1 -1.5193 463.1618 834.0394 500.9467 930.9327 1.6117 0.6148 0.5493 -8.5531 5.3945 26.7047 -1.8288 0.3450
Pedestrian -1 -1 1.7011 255.1099 802.2910 284.5796 867.4511 1.7475 0.6867 0.6168 -19.7188 6.8546 42.6577 1.2719 0.2035
Pedestrian -1 -1 -0.1040 1089.0985 865.0688 1151.5271 998.8679 1.4391 0.6543 0.6785 1.8668 4.3225 17.6193 0.0214 0.1752
Cyclist -1 -1 -0.3228 544.2477 800.8735 731.4318 968.4172 1.7172 0.7574 2.0656 -3.8752 3.9332 17.9772 -0.5381 0.4879
Car -1 -1 2.4913 1232.9961 860.5497 1550.9965 1020.8312 1.4780 1.8076 3.6160 5.6004 4.7860 19.5348 2.7995 0.8605
Car -1 -1 1.2315 1794.1604 828.8149 1936.0000 967.9150 1.5223 1.9146 4.3112 15.8953 5.3182 25.5120 1.8221 0.3228
Car -1 -1 -1.7332 803.2600 801.2558 935.9196 923.8544 1.5413 1.8036 3.9668 -1.7364 4.9841 27.0626 -1.7875 0.2223
Car -1 -1 0.3049 304.8264 815.0132 439.4308 873.5974 1.5267 1.6895 3.5138 -18.1277 7.5118 46.1239 -0.0636 0.1997
Car -1 -1 1.4243 967.5543 812.8333 1153.5542 994.5427 1.5517 1.8552 4.2674 1.1664 4.2782 19.5022 1.5002 0.1880
Car -1 -1 2.1014 1775.8004 811.7453 1936.0000 903.8254 1.4780 1.7399 4.1379 19.9257 5.7661 32.6176 2.6784 0.1818
Car -1 -1 1.8452 583.1326 798.2441 693.7747 877.9244 1.6236 1.9234 4.3983 -9.1126 6.8214 42.5787 1.6423 0.1777
