Pedestrian -1 -1 1.9516 245.2210 811.3754 277.9963 874.0203 1.5964 0.5846 0.7085 -19.0276 6.7149 40.6785 1.5173 0.2672
Pedestrian -1 -1 1.7264 237.3331 788.1210 267.4057 855.7308 1.8265 0.6751 0.7214 -20.3650 6.5647 42.9705 1.2871 0.1956
Pedestrian -1 -1 -1.4875 400.1274 864.0831 439.3742 962.9583 1.8367 0.6900 0.6519 -10.9078 6.7215 30.1376 -1.8319 0.1785
Pedestrian -1 -1 -0.0018 385.7059 753.6413 564.6299 921.5859 1.7515 0.7884 1.9293 -5.6192 3.3021 17.3278 -0.3272 0.1028
Cyclist -1 -1 0.0098 368.9619 754.3239 550.8727 923.1590 1.7534 0.8096 1.9500 -5.7787 3.3101 17.2915 -0.3250 0.4991
Cyclist -1 -1 3.3680 246.8113 812.6603 289.2286 875.8778 1.6020 0.6349 0.9273 -18.8649 6.7639 40.7073 2.9374 0.1643
Car -1 -1 2.4227 1210.0420 850.0228 1525.9270 1017.2969 1.5578 1.8073 3.7484 5.3857 4.7822 19.8222 2.7161 0.8837
Car -1 -1 1.3546 1805.3087 841.0399 1936.0000 981.7852 1.5569 1.9019 3.9915 15.8095 5.5640 25.5197 1.9422 0.4383
Car -1 -1 -1.7844 779.7510 765.9837 930.2643 891.9922 1.6803 1.9196 4.1813 -2.0283 4.4712 27.3083 -1.8497 0.3912
Car -1 -1 1.2398 1787.5112 828.8515 1936.0000 927.5933 1.4700 1.7829 3.8245 19.7235 6.2357 32.8757 1.8080 0.2214
Car -1 -1 1.7165 340.8232 799.2011 428.6378 872.6880 1.6728 1.9585 4.5502 -18.4367 7.5517 48.0075 1.3561 0.1820
