Pedestrian -1 -1 3.3998 242.2758 872.4221 292.1783 980.0582 1.6769 0.6373 0.6270 -11.7663 5.9366 25.3662 2.9627 0.3048
Pedestrian -1 -1 -1.3402 659.6058 907.3687 735.0364 1088.2477 1.6587 0.6294 0.5728 -2.6345 4.5426 14.9646 -1.5157 0.2256
Pedestrian -1 -1 1.7698 313.5951 872.7133 360.0867 984.9202 1.8128 0.6525 0.5244 -10.8094 6.1579 25.8996 1.3735 0.2096
Pedestrian -1 -1 1.3144 215.2371 816.7154 249.1394 884.2431 1.6793 0.6729 0.6850 -19.6913 6.9213 40.3891 0.8640 0.2057
Cyclist -1 -1 -0.0248 316.3606 766.7248 505.3024 937.3779 1.7371 0.8086 2.0003 -6.3351 3.4430 17.2322 -0.3909 0.5521
Car -1 -1 2.4227 1185.1998 853.1122 1501.3954 1018.2399 1.5258 1.8037 3.8141 5.0976 4.8198 19.9551 2.7000 0.9043
Car -1 -1 -3.5861 1767.1063 867.1920 1936.0000 978.2374 1.4204 1.6835 3.3958 15.5727 5.6348 24.9304 -2.9944 0.5837
Car -1 -1 -1.5582 743.9617 754.4661 865.5801 890.8549 1.8914 2.0446 4.5315 -2.8273 4.4796 27.5306 -1.6529 0.5623
Car -1 -1 -2.2781 1616.1613 811.9061 1936.0000 1039.6077 1.5249 1.7910 3.9696 8.7843 3.7308 15.5467 -1.7157 0.2902
Car -1 -1 1.7527 254.7110 788.9437 346.8448 860.3156 1.7378 2.0027 4.5738 -22.0714 7.5076 50.1443 1.3438 0.2410
