Pedestrian -1 -1 -1.4096 661.9661 989.0966 736.0936 1174.6379 1.6568 0.6361 0.6018 -2.5970 5.3481 14.8528 -1.5817 0.1952
Pedestrian -1 -1 1.9020 244.1082 854.2676 295.6695 961.3857 1.6962 0.6391 0.5905 -11.7416 5.6436 25.4093 1.4657 0.1740
Pedestrian -1 -1 3.3895 227.4680 810.1048 288.0324 871.8658 1.5460 0.6824 1.3637 -19.1248 6.6406 40.6734 2.9530 0.1270
Cyclist -1 -1 -0.0713 340.1762 774.9476 528.1182 946.9648 1.7408 0.7994 1.9849 -6.0783 3.5493 17.2520 -0.4227 0.5501
Cyclist -1 -1 3.3956 228.0800 808.5809 304.8168 870.0269 1.5288 0.7000 1.7746 -18.9002 6.5903 40.7066 2.9640 0.2963
Car -1 -1 2.5218 1192.8888 854.9508 1515.5981 1011.9365 1.4690 1.8463 3.7532 5.1903 4.7528 19.8551 2.8050 0.8860
Car -1 -1 1.3507 1780.9612 835.0058 1936.0000 977.4205 1.5725 1.9908 4.2645 15.6039 5.5241 25.7797 1.9276 0.5333
Car -1 -1 -1.5802 769.7780 763.4937 886.4423 887.2399 1.6854 1.9789 4.3122 -2.4579 4.4519 27.6140 -1.6608 0.4411
Car -1 -1 -1.7469 1647.7178 814.6293 1769.8688 916.0326 1.4931 1.7790 3.8593 15.9213 5.8237 32.0241 -1.2584 0.1678
Car -1 -1 3.5008 232.9169 813.0178 363.2179 867.3771 1.5170 1.6533 3.5458 -21.6891 7.7959 48.9972 3.0900 0.1649
