Pedestrian -1 -1 -1.7878 610.9498 766.5333 661.0926 888.6437 1.7110 0.5978 0.7001 -4.8804 3.8768 22.4248 -2.0023 0.4086
Pedestrian -1 -1 -1.3926 526.3019 795.0128 602.2811 983.5336 1.5240 0.5372 0.7145 -3.4834 3.0642 13.1588 -1.6671 0.2692
Pedestrian -1 -1 1.4733 1182.8429 788.1607 1243.5297 948.3425 1.7192 0.6394 0.6375 2.8744 3.6246 17.1056 1.6642 0.2140
Pedestrian -1 -1 -2.1112 621.2200 771.8779 674.1247 887.4658 1.6895 0.5720 0.6185 -4.8974 4.0261 23.3517 -2.3171 0.1707
Cyclist -1 -1 -0.8074 991.8064 765.1592 1139.4465 919.5016 1.6976 0.7195 1.9332 1.3444 3.5654 19.0066 -0.7203 0.2756
Cyclist -1 -1 0.0246 188.6611 650.7950 787.5255 1215.3516 1.7809 0.7899 1.9608 -1.6926 1.8885 5.4980 -0.3598 0.2351
Cyclist -1 -1 -1.3983 667.6581 759.5634 762.5468 941.2981 1.6299 0.6776 1.8627 -2.5599 3.1305 15.7305 -1.5628 0.1950
Cyclist -1 -1 2.9863 333.6628 788.1719 405.1277 848.0684 1.6843 0.7647 2.0171 -18.7778 6.9569 47.4557 2.6149 0.1757
Car -1 -1 2.3280 1340.3090 816.2642 1702.7379 984.2144 1.4523 1.8318 4.0530 6.8858 4.0175 18.3833 2.7216 0.8517
Car -1 -1 2.7559 496.1307 758.3111 1447.8368 1208.1505 1.4258 1.7303 4.2869 0.0432 2.2152 7.2644 2.7699 0.5266
Car -1 -1 3.3134 260.5206 790.2374 412.4222 849.2323 1.5361 1.7994 4.2236 -19.8835 6.9634 47.7535 2.9240 0.2106
