Pedestrian -1 -1 -1.4387 566.2174 920.3190 620.4479 1057.9967 1.7046 0.6403 0.5872 -4.9745 5.7679 20.2426 -1.6784 0.3985
Pedestrian -1 -1 -1.4679 648.2073 769.9487 693.9091 888.3072 1.6696 0.6020 0.7059 -4.3411 3.8788 22.3993 -1.6585 0.2298
Pedestrian -1 -1 -1.5273 528.7272 791.9456 591.8091 974.9340 1.4771 0.5176 0.6627 -3.5187 2.9890 13.1523 -1.8049 0.2282
Pedestrian -1 -1 2.6252 343.2429 772.9023 390.0803 835.4634 1.8129 0.7079 1.1792 -18.7785 6.5554 47.2378 2.2517 0.2227
Pedestrian -1 -1 -1.6071 941.1712 769.2504 1000.6727 941.6879 1.6962 0.6014 0.5442 0.0944 3.2146 15.4528 -1.5894 0.2077
Pedestrian -1 -1 1.6914 411.5657 775.7327 439.6266 840.5429 1.6632 0.6411 0.6469 -14.5239 5.7928 40.5571 1.3512 0.2014
Pedestrian -1 -1 1.7176 1176.6464 801.1234 1241.1527 950.5402 1.5736 0.6294 0.6294 2.8349 3.6354 17.0955 1.9062 0.1733
Cyclist -1 -1 -0.5600 1026.1606 759.7994 1187.4771 910.7345 1.7092 0.7127 1.9518 1.8545 3.4901 19.0009 -0.4443 0.4536
Cyclist -1 -1 2.9280 334.9311 772.2839 398.6992 837.7549 1.8709 0.8063 1.7425 -18.7733 6.6069 47.2356 2.5547 0.3134
Cyclist -1 -1 2.3653 349.4693 769.1799 431.9331 847.3306 1.8066 0.7906 2.0935 -15.1660 5.7548 39.8068 2.0043 0.2149
Cyclist -1 -1 -1.1919 585.7853 738.9512 927.3439 1216.0000 1.7684 0.7918 2.0285 -0.7886 2.3470 6.5076 -1.3363 0.2031
Car -1 -1 2.3289 1325.9608 822.0086 1685.2728 999.8082 1.5253 1.8073 3.9633 6.5971 4.1310 18.1235 2.7128 0.7081
Car -1 -1 -1.3848 814.5565 753.1150 993.0421 906.5209 1.7350 1.9248 4.2559 -0.7656 3.8953 22.9403 -1.4082 0.2429
Car -1 -1 0.1140 536.2529 784.0529 721.5556 866.4327 1.8222 2.0098 4.5045 -8.5911 6.1016 38.9943 -0.0960 0.1792
