Pedestrian -1 -1 -1.5763 632.6337 779.5554 675.1509 900.4372 1.6739 0.6070 0.6905 -4.5501 4.0042 22.1330 -1.7786 0.2981
Pedestrian -1 -1 1.5476 354.6588 757.8160 376.8568 817.1952 1.7752 0.6373 0.7147 -18.7934 6.0099 47.1904 1.1728 0.2323
Pedestrian -1 -1 2.9835 454.4474 800.9399 503.4394 879.3650 1.6673 0.7055 0.9863 -11.2066 5.8202 34.7414 2.6749 0.1939
Cyclist -1 -1 -0.5181 1055.2771 752.2179 1218.5596 906.8677 1.7695 0.7468 1.9370 2.2303 3.4458 18.9823 -0.3814 0.5917
Cyclist -1 -1 -1.6972 684.3711 717.2773 916.4465 1200.7250 1.6446 0.7075 1.8628 -0.7571 2.1048 6.4583 -1.8387 0.5853
Cyclist -1 -1 -1.4400 662.6749 770.0999 752.2031 959.0784 1.6130 0.6630 1.8355 -2.5393 3.1719 15.1243 -1.6105 0.2287
Cyclist -1 -1 2.9835 454.4474 800.9399 503.4394 879.3650 1.6673 0.7055 0.9863 -11.2066 5.8202 34.7414 2.6749 0.1131
Car -1 -1 2.3188 1342.3195 822.6221 1716.5483 1006.3835 1.5543 1.8536 4.0936 6.8253 4.1527 17.9659 2.7176 0.7683
Car -1 -1 0.6642 268.6978 752.9303 435.0687 820.6962 1.5717 1.7842 4.0289 -16.8700 5.2407 41.4410 0.2798 0.2676
Car -1 -1 -1.4701 471.3202 774.2779 586.2272 881.4826 1.5346 1.7575 3.7015 -8.2802 4.6183 28.8934 -1.7482 0.2386
