Pedestrian -1 -1 -1.6129 827.2421 764.2153 880.9097 915.5172 1.7196 0.6215 0.6585 -1.2971 3.4322 18.0224 -1.6788 0.5797
Pedestrian -1 -1 1.6011 344.1364 810.4716 368.5947 869.5129 1.7531 0.6964 0.6165 -19.1617 7.6833 47.3804 1.2229 0.3464
Pedestrian -1 -1 -1.6184 616.1507 769.7860 657.7524 886.9913 1.6565 0.5808 0.6582 -4.8830 3.8746 22.5005 -1.8323 0.2371
Pedestrian -1 -1 -1.5599 559.8613 912.9592 604.6334 1047.9725 1.6847 0.5876 0.5901 -5.1996 5.7085 20.5339 -1.8070 0.2260
Cyclist -1 -1 -0.6410 959.3170 771.1041 1117.4645 926.7793 1.7290 0.7032 1.9664 0.9921 3.6672 18.9955 -0.5735 0.3268
Cyclist -1 -1 3.2678 449.4408 786.0765 543.2056 865.1313 1.7065 0.7844 2.0179 -10.9006 5.5516 35.1171 2.9702 0.3032
Cyclist -1 -1 -1.5145 547.9535 750.4793 632.5444 967.9550 1.6128 0.6442 1.8236 -3.2364 2.7978 13.1540 -1.7709 0.2737
Car -1 -1 2.2217 1349.7307 819.5937 1685.3823 991.8315 1.4609 1.7823 3.9396 6.8801 4.0896 18.4290 2.6140 0.8524
Car -1 -1 2.7210 426.0276 753.4494 1398.8749 1216.0000 1.4075 1.7861 4.3460 -0.1924 2.1785 7.2246 2.6948 0.5802
Car -1 -1 -1.5720 889.4218 738.4874 1015.9849 878.0316 1.9067 2.0515 4.6561 -0.1256 4.1019 26.5672 -1.5650 0.3821
Car -1 -1 -1.4574 0.0000 732.7424 304.5340 1064.6896 1.5359 1.8477 4.1321 -5.7157 2.4673 10.6530 -1.9972 0.3011
