Pedestrian -1 -1 3.0750 929.8649 809.3395 1000.4120 945.0759 1.2577 0.6552 0.6786 0.0318 3.1675 15.1399 3.0882 0.3248
Pedestrian -1 -1 -1.6988 728.7736 769.6581 758.4623 851.5991 1.7130 0.5872 0.4907 -4.7588 4.9074 32.6858 -1.8363 0.1719
Pedestrian -1 -1 3.0444 893.6961 842.6276 968.0588 957.6439 1.0919 0.6989 0.7394 -0.3339 3.4853 16.0514 3.0332 0.1450
Pedestrian -1 -1 1.5868 1165.4689 858.3167 1224.9972 1018.6630 1.6060 0.6204 0.6137 2.5692 4.2209 16.3916 1.7663 0.1333
Cyclist -1 -1 -0.4358 1100.5397 766.8059 1270.2930 920.1005 1.7500 0.8153 1.9626 2.8292 3.6079 18.9278 -0.2654 0.3921
Cyclist -1 -1 -2.6005 672.8670 765.6230 763.2734 851.7674 1.7169 0.7102 1.8520 -5.3180 4.8575 32.6970 -2.7554 0.1660
Car -1 -1 2.3702 1342.3834 824.7011 1691.1478 991.8779 1.4256 1.6779 3.7095 6.5746 3.9903 17.7283 2.7612 0.5112
Car -1 -1 1.6841 451.6480 760.7835 569.7336 863.4644 1.4468 1.7257 3.9230 -8.5552 4.2410 28.6674 1.3940 0.1985
Car -1 -1 -1.2681 143.0014 790.9975 284.2154 882.0209 1.5524 1.8630 4.0837 -17.6784 5.7428 35.5643 -1.7293 0.1955
Car -1 -1 -1.6338 431.9626 764.2735 523.4655 856.5711 1.6305 1.8090 4.0297 -11.4572 5.1248 35.2869 -1.9453 0.1397
