Pedestrian -1 -1 -1.2171 550.3765 895.4642 606.0264 1034.1752 1.7768 0.5924 0.5418 -5.2793 5.5631 20.6273 -1.4672 0.3171
Pedestrian -1 -1 1.5868 336.5354 815.0472 359.7525 873.5690 1.7384 0.6677 0.5884 -19.4222 7.8129 47.3796 1.2040 0.3026
Pedestrian -1 -1 -0.9683 810.3577 771.0975 885.9510 924.4636 1.7342 0.6335 0.7003 -1.3773 3.5641 18.2549 -1.0377 0.2509
Pedestrian -1 -1 0.2004 642.9868 777.4635 698.1475 900.0542 1.5821 0.6927 0.6174 -3.9821 3.7109 20.5174 0.0083 0.2332
Pedestrian -1 -1 3.1805 508.6942 781.6151 533.2407 848.5352 1.7686 0.6971 0.6289 -12.3254 6.2002 41.8740 2.8999 0.2106
Pedestrian -1 -1 0.1300 48.3718 830.5490 149.0421 972.7688 1.1109 0.6400 0.7223 -7.7122 3.0138 13.3966 -0.4257 0.1983
Pedestrian -1 -1 -1.4764 523.4595 778.3510 602.6259 973.1176 1.4961 0.5772 1.2973 -3.5141 2.9281 13.2649 -1.7514 0.1124
Cyclist -1 -1 -1.4889 527.2050 777.0126 607.2820 974.6513 1.4841 0.5845 1.6328 -3.5091 2.9348 13.4052 -1.7604 0.2704
Car -1 -1 2.2908 1322.9524 811.7338 1672.0443 979.8690 1.4717 1.8523 4.0285 6.7156 4.0254 18.6993 2.6696 0.8816
Car -1 -1 2.7962 385.1075 740.4885 1370.9641 1182.8993 1.4173 1.8325 4.5391 -0.3973 2.1259 7.4322 2.7375 0.5438
Car -1 -1 -1.4090 0.0000 741.7303 311.1783 1070.8562 1.4817 1.8396 4.1661 -5.6942 2.4895 10.6236 -1.9484 0.2570
Car -1 -1 -1.5058 870.3599 757.7053 991.2521 876.1394 1.5575 1.8152 3.9777 -0.4572 4.0721 26.2771 -1.5121 0.2237
Car -1 -1 0.4183 306.5699 797.3430 511.1841 875.1461 1.5451 1.7072 4.1708 -12.9144 5.7064 35.0940 0.0680 0.2011
