Pedestrian -1 -1 -0.1266 921.9926 805.6533 995.0928 947.2878 1.2925 0.6136 0.6599 -0.0336 3.1311 14.8676 -0.1182 0.2201
Pedestrian -1 -1 -1.6865 710.8284 757.2386 742.6824 839.3001 1.6934 0.6212 0.5891 -5.0840 4.5936 32.4058 -1.8359 0.1896
Pedestrian -1 -1 3.0439 890.9631 820.0746 965.2449 937.2582 1.1083 0.6595 0.7257 -0.3562 3.2103 15.7377 3.0303 0.1767
Pedestrian -1 -1 -1.5442 1202.3373 860.2889 1265.8842 1036.2799 1.6804 0.6225 0.6388 2.8668 4.2096 15.6858 -1.3369 0.1731
Pedestrian -1 -1 -0.7413 8.7067 799.0944 131.6763 983.4703 1.4010 0.6306 0.6133 -7.4098 2.8951 12.4505 -1.3165 0.1443
Cyclist -1 -1 -0.5609 1137.2452 752.8582 1299.4336 910.9935 1.8138 0.7881 1.8953 3.2657 3.5007 19.0065 -0.3673 0.4382
Cyclist -1 -1 -2.4679 658.5343 752.9695 747.9842 841.1262 1.7460 0.7472 1.8720 -5.6409 4.6111 32.6727 -2.6331 0.1343
Cyclist -1 -1 -1.2519 1037.7673 751.8694 1142.5292 914.3034 1.7276 0.7291 1.7961 1.6080 3.3711 18.3879 -1.1468 0.1285
Car -1 -1 2.6034 1343.3340 817.8627 1690.1953 970.6686 1.3942 1.6432 3.4157 6.4003 3.7777 17.4050 2.9923 0.2569
Car -1 -1 2.1566 0.0000 752.4680 146.1690 1068.5017 1.4752 1.7860 4.0133 -7.6962 2.5683 10.7359 1.4823 0.1997
Car -1 -1 -1.2608 137.0421 787.9779 283.9742 882.2024 1.6083 1.9124 4.2034 -17.6840 5.7158 35.4428 -1.7235 0.1992
Car -1 -1 -1.3994 382.9809 769.1104 521.1674 882.6092 1.5620 1.7925 3.9884 -9.4526 4.4701 28.0477 -1.7257 0.1259
