Pedestrian -1 -1 1.3724 1624.6487 798.0961 1659.0614 873.1954 1.7548 0.6661 0.7362 17.0210 6.1387 37.4119 1.8238 0.2974
Pedestrian -1 -1 -1.7929 738.5393 780.3875 822.9099 965.4318 1.4959 0.6124 0.6275 -1.5940 2.9056 13.1587 -1.9162 0.2787
Pedestrian -1 -1 -3.0699 928.7582 789.6633 1009.1219 959.9703 1.3569 0.6241 0.6442 0.0738 2.8168 12.9108 -3.0534 0.2028
Cyclist -1 -1 1.1797 1595.4536 795.7491 1653.9504 875.3038 1.7379 0.7162 1.9011 16.7465 6.1661 37.7918 1.6209 0.2186
Cyclist -1 -1 1.8139 224.5339 726.8234 314.0559 865.9765 1.7990 0.7607 1.9459 -10.0891 3.3598 21.8707 1.3697 0.2156
Car -1 -1 2.2264 1185.2166 758.8973 1548.5861 942.2773 1.4688 1.7808 3.9420 4.5432 3.1202 16.5664 2.5268 0.8344
Car -1 -1 -1.1524 1528.9551 750.3951 1782.2576 892.1643 1.5739 1.8437 3.9219 10.2611 3.5843 22.0061 -0.6807 0.3270
Car -1 -1 2.5129 1793.7570 777.6597 1936.0000 885.1139 1.3673 1.7316 3.8813 14.8769 3.7417 22.3737 3.1393 0.2967
Car -1 -1 -1.3328 730.2051 774.5513 983.6509 984.1266 1.4896 1.7376 3.7258 -0.9370 3.2360 15.4612 -1.3878 0.1887
Car -1 -1 1.9936 19.2103 749.0060 223.9218 867.3492 2.0469 2.2309 4.7962 -18.6781 5.0391 33.5677 1.4832 0.1829
