Pedestrian -1 -1 -2.7238 561.8102 776.9323 672.1631 965.5392 1.4195 0.6390 0.6841 -2.8070 2.7013 12.2336 -2.9654 0.3364
Pedestrian -1 -1 1.8616 47.6020 723.4864 119.5996 856.8708 1.6735 0.6547 0.7166 -11.6265 3.0090 19.8281 1.3123 0.3005
Pedestrian -1 -1 1.5374 1492.5082 852.5790 1528.7224 949.1760 1.8007 0.6798 0.6200 11.0890 6.4604 30.1992 1.9140 0.2968
Pedestrian -1 -1 3.1800 543.1750 797.5450 635.5753 961.1586 1.2651 0.6811 0.7509 -3.1854 2.7967 12.8522 2.9211 0.2788
Pedestrian -1 -1 1.5344 36.0549 734.4564 73.7064 820.8085 1.7629 0.6646 0.7261 -19.5486 4.1613 32.2511 0.9840 0.2405
Pedestrian -1 -1 3.4062 411.6197 738.4750 484.1812 901.3193 1.6502 0.6404 0.5939 -5.4764 2.8898 15.9772 3.0596 0.2193
Pedestrian -1 -1 1.6428 0.0000 732.7516 36.5548 820.6408 1.7666 0.6738 0.8434 -20.1458 4.1053 31.8954 1.0734 0.2083
Cyclist -1 -1 2.6946 0.0000 710.6234 120.6294 830.1649 1.8545 0.7598 2.1874 -15.8950 3.4064 25.9445 2.1335 0.3412
Cyclist -1 -1 2.5620 1467.0135 798.7411 1555.6317 874.4629 1.7435 0.7685 1.9893 13.8493 6.1895 37.6673 2.9370 0.2227
Car -1 -1 2.3763 1056.1528 777.3254 1455.9031 977.9031 1.5446 1.8400 4.0382 3.2116 3.3745 16.1241 2.6006 0.8434
Car -1 -1 2.1191 1690.6289 791.2764 1936.0000 921.4345 1.4638 1.7109 3.8697 13.0911 4.1593 22.6022 2.6810 0.5448
Car -1 -1 -2.2603 108.5453 720.2193 507.6697 898.5762 1.6791 1.9555 4.4519 -7.8338 2.9386 17.9081 -2.6902 0.2288
Car -1 -1 1.8847 0.0000 739.7688 179.2676 868.6575 1.5391 1.7531 3.9672 -13.9558 3.5300 23.7870 1.3416 0.2226
