Pedestrian -1 -1 1.4351 1745.4657 840.2725 1780.9785 919.3884 1.7352 0.6784 0.6144 19.0059 6.9001 35.4512 1.9527 0.2891
Cyclist -1 -1 1.9527 842.6619 790.5967 965.6723 972.8110 1.6943 0.7156 1.8647 -0.6076 3.6575 16.7199 1.9251 0.5768
Cyclist -1 -1 -1.0947 671.6345 774.5522 769.3972 904.1298 1.6457 0.6720 1.8105 -3.5474 3.9627 22.1875 -1.2505 0.5277
Car -1 -1 1.8806 997.1660 796.7738 1158.3838 913.9361 1.5937 1.8579 4.5312 2.4274 5.3199 29.9732 1.9773 0.9235
Car -1 -1 2.0962 732.8493 798.9077 982.2451 952.8592 1.4002 1.6689 3.8168 -1.3032 4.0137 20.3812 2.0403 0.8546
Car -1 -1 1.9044 885.9998 799.0757 1071.7673 933.5865 1.5200 1.8126 3.9982 0.3877 4.6592 24.7624 1.9332 0.8283
Car -1 -1 2.2248 0.0000 730.7774 279.8755 1076.3756 1.5028 1.8065 3.9564 -6.2697 2.3328 9.7246 1.5929 0.3372
Car -1 -1 -1.7726 1401.8401 809.8918 1507.8397 898.8092 1.5642 1.8077 4.0683 12.2494 6.4483 37.3442 -1.4339 0.2662
Car -1 -1 -1.6397 1203.9915 814.4764 1268.5736 883.4867 1.6215 1.8592 3.9462 8.8966 8.0486 48.6226 -1.4418 0.2390
Car -1 -1 -1.7202 1408.7983 801.5234 1496.9104 881.4756 1.6196 1.8438 4.1873 13.8617 6.8870 42.3693 -1.3833 0.2258
