Cyclist -1 -1 -1.0944 790.4278 773.8858 894.1848 910.4163 1.7331 0.7191 1.9392 -1.7456 4.0547 22.2699 -1.1652 0.6317
Cyclist -1 -1 1.9391 1077.1616 796.9252 1182.8600 951.9609 1.6952 0.7177 1.8686 2.2281 4.0575 19.5442 2.0721 0.5455
Cyclist -1 -1 1.8375 294.0742 835.4115 385.4394 985.0941 1.6642 0.6816 1.9229 -8.4616 4.6811 20.4333 1.4368 0.2522
Car -1 -1 1.8614 1143.7416 806.1254 1306.2273 918.4108 1.5108 1.9670 4.5421 5.4718 5.5125 30.5535 2.0581 0.8710
Car -1 -1 2.1197 902.0064 803.8920 1148.4396 951.6704 1.4086 1.7071 3.8530 1.0019 4.2092 21.3311 2.1816 0.8560
Car -1 -1 1.9154 1050.7200 807.0796 1225.9229 925.8592 1.3559 1.7083 3.9060 3.1230 4.7482 25.7198 2.0544 0.8459
Car -1 -1 2.4599 6.9058 772.5721 625.0058 1081.0835 1.3931 1.7544 3.9717 -4.4607 2.6932 10.9967 2.0385 0.8321
Car -1 -1 -1.6805 1360.4399 827.3958 1429.2865 895.5078 1.5518 1.7926 3.8343 13.9641 8.3734 48.3254 -1.3805 0.4930
Car -1 -1 2.1851 292.3542 783.9835 494.6263 885.8591 1.5039 1.8319 4.3375 -11.9026 5.1222 31.6827 1.8259 0.2979
Car -1 -1 1.4686 1551.6486 796.8389 1651.9869 889.9620 1.5480 1.8685 4.2077 15.1781 5.9065 35.6155 1.8960 0.2566
