Pedestrian -1 -1 1.4333 1789.6754 816.4604 1824.0525 893.0503 1.6893 0.6443 0.6260 20.0517 6.2860 35.4708 1.9742 0.3504
Cyclist -1 -1 1.9341 917.7867 796.0374 1033.9832 969.7028 1.7074 0.7466 1.8374 0.2000 3.8407 17.6492 1.9580 0.5536
Cyclist -1 -1 -1.0133 707.6678 775.1855 812.3512 905.4498 1.6523 0.6440 1.8684 -2.9655 3.9843 22.2214 -1.1417 0.5060
Cyclist -1 -1 1.5655 1630.7002 804.7119 1657.6504 870.0906 1.8857 0.7933 2.0876 23.0078 8.0759 50.3689 2.0147 0.2318
Cyclist -1 -1 -1.7072 1695.8436 801.7130 1729.1168 870.8216 1.9134 0.7307 1.9591 23.9993 7.6886 47.7997 -1.2201 0.2257
Car -1 -1 1.7981 1049.6062 801.1370 1195.7933 916.3472 1.5629 1.8890 4.5153 3.3488 5.4116 30.2129 1.9255 0.8970
Car -1 -1 1.8694 942.9294 798.9105 1116.0061 927.2003 1.4657 1.7636 3.9068 1.2289 4.6269 25.0278 1.9334 0.8719
Car -1 -1 2.1248 778.2082 801.0815 1039.1316 957.5096 1.4394 1.7534 3.9838 -0.6206 4.1432 20.7889 2.1052 0.8383
Car -1 -1 2.1977 135.5429 777.7335 358.3882 885.8808 1.5279 1.8457 4.2876 -14.1060 4.8096 29.8352 1.7528 0.3737
Car -1 -1 -1.6737 1249.7179 817.6400 1316.4303 884.3647 1.5542 1.7919 3.8496 10.3993 8.0705 48.5369 -1.4451 0.3420
Car -1 -1 -1.6536 1468.5979 807.9544 1552.9758 891.4285 1.6047 1.9191 4.2513 15.0724 6.9303 41.1959 -1.2814 0.2239
