Pedestrian -1 -1 1.4635 1653.9092 815.4837 1687.3689 890.2595 1.6466 0.6673 0.6217 16.7981 6.2131 35.4229 1.9315 0.4554
Cyclist -1 -1 -1.1370 618.9960 779.4300 717.7484 913.8527 1.7160 0.7314 1.8601 -4.3524 4.1289 22.3595 -1.3279 0.5667
Cyclist -1 -1 2.0632 671.0103 767.1691 831.9564 977.8956 1.7298 0.7387 1.9370 -2.0218 3.2280 14.7119 1.9248 0.4804
Cyclist -1 -1 1.5149 1488.7224 807.3712 1514.3877 871.0301 1.8107 0.7293 1.9571 17.8964 7.9854 49.5610 1.8811 0.4010
Cyclist -1 -1 -1.6071 1542.5396 805.6573 1567.2766 873.2327 1.9181 0.7241 2.0001 19.5215 7.9935 49.2001 -1.2091 0.2535
Car -1 -1 2.0660 645.7301 801.1915 907.1371 967.4132 1.4356 1.7348 3.8481 -2.2822 3.9826 19.4974 1.9538 0.8941
Car -1 -1 1.9053 793.1537 793.0735 984.8140 929.8408 1.5018 1.8079 4.0016 -1.0528 4.4411 23.9582 1.8714 0.8650
Car -1 -1 1.8292 916.9195 802.5585 1068.9285 920.0209 1.5557 1.8673 4.2958 0.7080 5.2978 29.1723 1.8672 0.8639
Car -1 -1 1.1703 1821.2278 835.6792 1936.0000 973.8099 1.4372 1.9121 4.1375 15.9094 5.2126 24.5638 1.7796 0.4046
Car -1 -1 -1.5645 1667.5963 802.3469 1742.3206 877.7681 1.4683 1.7464 4.1217 20.8372 6.6964 41.8308 -1.0788 0.3307
Car -1 -1 -1.5691 1356.1652 800.0689 1423.3864 874.2751 1.5373 1.7936 4.0533 12.5234 6.8994 43.5754 -1.2696 0.2379
