Pedestrian -1 -1 1.4439 1679.7152 820.7927 1715.2653 900.3016 1.7521 0.6946 0.6413 17.4486 6.4515 35.4533 1.9266 0.3303
Cyclist -1 -1 -0.9875 611.1216 773.6532 724.5094 910.0145 1.6986 0.6928 1.8955 -4.2567 3.9709 21.8361 -1.1793 0.6114
Cyclist -1 -1 2.0441 717.6786 772.5104 872.2325 977.1038 1.7530 0.7597 1.9730 -1.6717 3.3770 15.3959 1.9375 0.5354
Cyclist -1 -1 1.4909 1519.7682 807.4534 1546.3728 871.1139 1.8334 0.7156 1.9830 19.1704 8.0854 50.1623 1.8759 0.3251
Car -1 -1 1.8657 939.8041 800.0129 1099.0654 918.7796 1.5919 1.8706 4.4321 1.2422 5.3314 29.5322 1.9222 0.9105
Car -1 -1 2.0685 677.0931 795.4950 926.9989 954.6555 1.4199 1.6861 3.7156 -1.9880 3.9060 19.7532 1.9735 0.8786
Car -1 -1 1.9313 821.6838 794.4399 1013.6629 928.1302 1.4826 1.7709 4.0189 -0.6074 4.4896 24.3321 1.9174 0.8710
Car -1 -1 -1.6558 1695.3112 802.9257 1775.9637 879.1476 1.5039 1.7570 3.9411 21.5565 6.7301 41.7428 -1.1554 0.3443
Car -1 -1 -1.6480 1387.3895 815.7258 1465.3298 897.2297 1.6221 1.8954 4.3978 13.3697 7.4345 43.1876 -1.3278 0.3249
Car -1 -1 1.1669 1782.8002 849.1339 1936.0000 984.1937 1.6071 1.9369 4.1637 16.8498 6.0471 27.3900 1.7494 0.3202
