Pedestrian -1 -1 1.3831 1532.9609 809.0878 1568.3772 886.8953 1.6683 0.6532 0.6991 13.5601 5.9580 34.4183 1.7826 0.5815
Cyclist -1 -1 2.2639 249.8610 763.1734 514.0890 1053.7220 1.6840 0.7564 1.8774 -4.0500 2.7605 10.6350 1.8647 0.5798
Cyclist -1 -1 1.5485 1379.0546 807.2248 1402.9136 870.6497 1.7354 0.7168 1.8681 13.6862 7.6658 47.6444 1.8472 0.3103
Car -1 -1 1.9203 640.0385 798.0404 858.2766 944.5610 1.4375 1.8475 4.2398 -3.0277 4.2830 22.3070 1.7900 0.9451
Car -1 -1 2.1168 447.4477 795.6802 754.7531 981.7325 1.4497 1.7730 3.8384 -4.0806 3.7000 17.6054 1.8842 0.9359
Car -1 -1 1.8587 776.8412 795.5338 946.3998 919.5671 1.5585 1.9047 4.4215 -1.7358 4.9885 27.6886 1.8059 0.8587
Car -1 -1 -1.7702 1486.0581 801.9460 1576.0505 874.7018 1.6339 1.9092 4.0424 17.5631 7.3675 46.2674 -1.3867 0.2683
Car -1 -1 -1.6978 1569.7538 808.0222 1658.9612 888.1072 1.5339 1.8276 4.2288 18.0179 6.8859 41.4148 -1.2649 0.2662
Car -1 -1 -1.6950 1260.7852 802.3417 1344.7140 883.9684 1.6695 1.8747 4.1014 9.5451 6.9155 42.0658 -1.4532 0.2507
Car -1 -1 1.1967 1662.2181 850.3337 1846.4723 974.8170 1.5569 1.8392 4.0100 14.9677 6.1671 28.4695 1.7096 0.2482
Car -1 -1 -1.5435 1243.2573 798.6358 1308.0353 867.8109 1.6289 1.9027 4.4456 10.4706 7.6703 49.6109 -1.3181 0.2422
