Pedestrian -1 -1 1.4615 1618.2040 812.1976 1651.4982 888.5568 1.6742 0.6637 0.6278 15.8450 6.1324 35.1888 1.9095 0.4241
Cyclist -1 -1 -1.2250 575.5941 779.8757 668.2851 911.8275 1.6688 0.7627 1.8205 -4.9870 4.0570 22.0951 -1.4475 0.6222
Cyclist -1 -1 2.0866 579.7555 765.0093 752.9495 993.2761 1.7461 0.7215 1.8964 -2.6554 3.1243 13.6968 1.8867 0.4669
Cyclist -1 -1 -1.4813 911.5297 797.3297 942.7818 868.2903 1.8572 0.7426 2.0035 -1.0202 7.1833 45.1641 -1.4912 0.3756
Cyclist -1 -1 1.4727 1449.0198 802.7057 1477.0680 866.3903 1.8126 0.7255 2.0034 16.6128 7.8291 49.5420 1.8157 0.3753
Cyclist -1 -1 -1.6824 1496.8503 801.6620 1525.3992 868.4878 1.9611 0.7260 1.9709 18.5444 8.0495 50.4635 -1.3106 0.3050
Car -1 -1 2.1057 589.1827 795.5071 857.8253 962.0654 1.4250 1.6895 3.7402 -2.9011 3.8319 19.0463 1.9561 0.9181
Car -1 -1 1.8364 876.5338 804.6743 1031.8804 923.8103 1.5774 1.9245 4.1274 -0.0468 5.3137 28.8327 1.8475 0.8931
Car -1 -1 1.9250 747.0445 794.3943 954.0355 937.6609 1.5251 1.8708 4.2057 -1.6274 4.4595 23.6065 1.8649 0.8597
Car -1 -1 2.7563 0.0000 746.2956 176.3520 1216.0000 1.4812 1.8518 4.3798 -6.5951 2.2971 7.6727 1.9616 0.3022
Car -1 -1 -1.7060 1643.9590 802.9747 1732.4977 882.1874 1.5891 1.7944 3.9120 20.2460 6.8194 41.7798 -1.2315 0.2421
Car -1 -1 -1.5705 1318.4357 798.4426 1381.6949 869.2959 1.5485 1.7839 4.0207 11.8711 7.0841 45.5238 -1.2965 0.2397
