Pedestrian -1 -1 1.3544 1567.1656 807.3610 1602.3311 883.8361 1.6799 0.6477 0.6592 14.6249 6.0086 35.0901 1.7738 0.4203
Cyclist -1 -1 -1.1961 524.8666 777.1181 623.6139 916.2711 1.7408 0.7733 1.8394 -5.6047 4.0540 21.7666 -1.4503 0.5060
Cyclist -1 -1 2.1774 454.5841 773.4393 664.6967 1025.0626 1.7196 0.7433 1.9229 -3.2926 3.0602 12.4662 1.9019 0.4841
Cyclist -1 -1 1.5499 1412.4131 811.8909 1436.9885 875.3312 1.7704 0.7476 1.8227 15.0260 7.9571 48.4969 1.8695 0.3620
Car -1 -1 1.9428 694.7966 794.0878 907.4031 941.5214 1.5359 1.8265 4.1491 -2.3369 4.3895 22.9774 1.8482 0.9204
Car -1 -1 2.0850 525.5273 800.0486 809.2457 979.4662 1.4663 1.7667 3.7885 -3.4638 3.8594 18.3554 1.8973 0.9009
Car -1 -1 1.8493 821.8679 803.2377 987.9813 926.5784 1.5930 1.9964 4.2617 -0.9666 5.2464 28.3211 1.8265 0.8975
Car -1 -1 -1.7789 1606.5092 808.2070 1706.2046 886.7141 1.5350 1.7973 4.0008 19.2109 6.8852 41.4871 -1.3222 0.2842
Car -1 -1 -1.5735 1274.8816 797.6324 1342.3329 872.1072 1.5254 1.7924 3.9708 9.9506 6.7071 42.7171 -1.3259 0.2511
Car -1 -1 -2.6494 335.7004 798.1299 568.7623 898.3047 1.6249 1.8282 4.0010 -10.0828 5.2141 29.7520 -2.9755 0.2220
