Pedestrian -1 -1 1.4152 1384.9872 793.7241 1426.1790 888.5425 1.6241 0.6392 0.6847 8.1312 4.7596 27.3860 1.7287 0.4942
Cyclist -1 -1 1.5287 1179.7137 784.8236 1211.5381 870.0557 1.7506 0.7000 1.9780 5.5669 5.6668 35.5937 1.7017 0.4086
Cyclist -1 -1 1.6071 901.5207 811.2062 928.8237 878.1779 1.7788 0.7459 1.7933 -1.3991 7.5785 45.6494 1.5891 0.3441
Cyclist -1 -1 -0.9702 428.4937 752.9138 545.4302 886.3319 1.7487 0.6893 1.9920 -7.1581 3.7799 22.6746 -1.2808 0.2799
Car -1 -1 2.0276 129.7777 763.3006 512.8436 995.2602 1.5843 1.8610 4.2350 -6.1315 3.1675 14.9482 1.6172 0.8905
Car -1 -1 1.9311 411.6056 767.8259 668.7742 934.2895 1.5964 1.9484 4.4798 -5.6276 3.7907 20.6409 1.6606 0.8471
Car -1 -1 -0.5537 1290.4060 827.7457 1423.6548 891.4938 1.5174 1.7198 3.5080 11.9498 7.8275 45.2140 -0.2765 0.3899
Car -1 -1 -1.5064 1362.2811 796.5463 1442.0387 875.1002 1.5745 1.7918 3.8225 12.2103 6.5550 41.2851 -1.1985 0.2537
Car -1 -1 1.3597 1400.2584 846.1979 1531.1096 958.9689 1.5644 1.8568 3.9133 10.3356 6.4440 30.9105 1.7060 0.2164
Car -1 -1 -1.6182 1400.7888 798.9204 1479.6735 884.2830 1.5182 1.7678 3.8528 11.8725 6.0960 37.2425 -1.2878 0.2150
Car -1 -1 -1.0435 168.0021 802.8883 365.4914 911.5574 1.5033 1.8155 3.8267 -13.4389 5.2150 29.1958 -1.4773 0.2131
Car -1 -1 -1.3874 1276.4595 791.7654 1367.9197 871.9438 1.6577 1.7447 3.8503 10.1369 6.5609 41.8290 -1.1305 0.2127
