Pedestrian -1 -1 1.4409 1432.5779 797.6733 1469.0886 884.5835 1.7404 0.6734 0.6716 10.4481 5.4756 31.9308 1.7809 0.5041
Cyclist -1 -1 1.4892 1280.1277 795.7494 1309.2758 866.6814 1.7611 0.6970 1.9364 9.5793 6.7902 43.0086 1.7268 0.3666
Cyclist -1 -1 -1.6724 1295.3467 807.5757 1322.4987 870.4384 1.8887 0.7554 1.9747 12.0690 8.3615 51.9570 -1.4266 0.2530
Cyclist -1 -1 -1.4179 476.2565 761.3547 540.3921 887.3195 1.6501 0.6594 1.8681 -6.8445 3.8071 22.6670 -1.7153 0.2392
Car -1 -1 2.0231 433.1747 782.1379 709.1913 956.9078 1.5467 1.8319 4.1413 -4.8971 3.8219 19.4268 1.7720 0.9153
Car -1 -1 2.1908 185.9355 769.9681 566.6238 983.1583 1.4225 1.6976 3.6025 -5.5075 3.0264 14.5836 1.8090 0.9042
Car -1 -1 1.8941 615.5700 781.7865 810.6147 920.0047 1.5981 1.8744 4.3543 -3.9898 4.4440 24.8233 1.7391 0.8878
Car -1 -1 -0.3881 1381.3507 837.0211 1511.5002 892.8281 1.4910 1.7229 3.6134 15.6102 8.4670 48.2198 -0.0558 0.6913
Car -1 -1 -1.7247 1460.4089 804.3417 1549.0037 882.2417 1.4874 1.7367 3.7603 14.4366 6.5169 39.8927 -1.3556 0.2792
Car -1 -1 -1.4875 1133.7856 805.4856 1202.6948 873.5970 1.6636 1.9214 4.5036 7.2067 8.2040 51.7462 -1.3332 0.2695
