Pedestrian -1 -1 1.4653 1421.3473 794.2295 1459.8257 884.5277 1.7385 0.6939 0.9197 10.0230 5.3415 31.2931 1.7991 0.5709
Cyclist -1 -1 -1.5761 1289.1729 806.7106 1312.1777 871.1522 1.9271 0.7510 1.9694 11.7323 8.3355 51.6650 -1.3354 0.3813
Cyclist -1 -1 1.5729 1254.1730 792.1319 1281.2555 868.8325 1.8652 0.7050 2.0182 8.6268 6.6874 42.0597 1.7934 0.3574
Cyclist -1 -1 1.4539 1419.8430 792.9062 1459.9825 885.5906 1.7799 0.7111 0.9914 10.0139 5.3605 31.3110 1.7872 0.1252
Car -1 -1 2.0158 392.7633 775.5465 679.6398 955.2519 1.5411 1.8411 4.1395 -5.1353 3.6463 18.7023 1.7414 0.9396
Car -1 -1 1.9319 582.0369 784.0941 788.2332 922.2861 1.5358 1.8459 4.3143 -4.3324 4.3548 24.1900 1.7578 0.9187
Car -1 -1 2.2135 110.4482 771.9592 533.5745 1000.7064 1.4218 1.7456 3.7425 -5.7175 2.9887 13.9133 1.7991 0.8954
Car -1 -1 -0.3904 1362.7432 832.0229 1497.8444 890.4265 1.5506 1.7556 3.7399 14.9645 8.3130 47.8218 -0.0680 0.6032
Car -1 -1 -1.7002 1453.9459 800.3873 1542.9862 882.7809 1.5612 1.7955 3.9024 14.0969 6.4341 39.4185 -1.3348 0.3289
Car -1 -1 -1.2404 270.8625 790.1774 374.6283 854.1473 1.5595 1.9005 4.1467 -21.1062 7.2776 49.6052 -1.6371 0.2808
