Pedestrian -1 -1 1.3891 1381.3165 793.3874 1423.5994 889.4252 1.6785 0.6503 0.7461 8.2531 4.8791 27.9949 1.7003 0.4697
Cyclist -1 -1 1.5286 1187.1497 788.6149 1218.1056 873.0323 1.7680 0.6937 1.9687 5.8490 5.8546 36.3070 1.7062 0.4990
Cyclist -1 -1 1.5409 913.8704 823.9801 939.0024 888.0018 1.7271 0.7550 1.7279 -1.0946 8.0590 46.6850 1.5305 0.3022
Cyclist -1 -1 -1.8988 1197.7267 809.0939 1236.0243 872.9784 1.9235 0.7486 1.9499 8.8617 8.4434 51.9158 -1.7132 0.2236
Car -1 -1 1.9084 431.7187 768.1652 681.0505 939.4352 1.7045 1.9952 4.5231 -5.5361 3.9511 21.1179 1.6489 0.8704
Car -1 -1 2.0357 161.5520 756.5906 536.9084 982.0331 1.6112 1.8794 4.3129 -6.0814 3.1714 15.4982 1.6428 0.8253
Car -1 -1 1.4907 1399.3368 801.1719 1484.2467 886.3173 1.5185 1.7947 3.8494 11.9581 6.1730 37.4004 1.8219 0.3540
Car -1 -1 1.4235 1299.8242 815.6401 1380.6841 889.1196 1.6139 1.9066 4.2138 11.7233 7.8254 46.4955 1.6889 0.2853
Car -1 -1 -1.7670 1384.5358 803.2952 1475.5085 878.8666 1.5752 1.8254 4.2839 13.7193 7.0897 43.9865 -1.4446 0.2624
Car -1 -1 1.2095 1431.0900 820.0605 1594.6527 928.8393 1.4361 1.7592 3.8523 10.4578 5.4269 28.6403 1.5856 0.2256
Car -1 -1 -1.7567 1258.3674 806.2557 1339.5366 878.2704 1.7761 1.9546 4.5937 11.4607 8.2499 51.0375 -1.5184 0.2142
Car -1 -1 -1.6092 1294.1166 800.3334 1360.5884 876.9272 1.5647 1.7425 3.9111 10.3000 6.7686 42.2610 -1.3511 0.2107
