Pedestrian -1 -1 1.4353 1391.4586 797.9054 1429.8973 888.6011 1.6577 0.6470 0.6927 8.7862 5.0883 29.2544 1.7511 0.5490
Cyclist -1 -1 1.5616 1210.5363 793.3340 1238.4001 871.9409 1.7434 0.6892 1.9260 6.7848 6.1940 38.5044 1.7540 0.4772
Cyclist -1 -1 1.6616 941.9630 811.0317 970.3201 873.8469 1.7606 0.7308 1.8739 -0.1583 7.9336 48.6270 1.6717 0.2441
Car -1 -1 2.0577 261.6142 770.7408 601.6407 975.5214 1.5627 1.8577 4.1657 -5.7075 3.4087 16.7337 1.7158 0.8977
Car -1 -1 2.2287 0.0000 769.1365 411.7886 1035.8602 1.3879 1.6920 3.7881 -6.1401 2.7318 11.9369 1.7155 0.8811
Car -1 -1 1.9504 484.2014 772.5672 728.3639 934.9618 1.6979 1.9919 4.5425 -5.1445 4.1457 22.3918 1.7242 0.8391
Car -1 -1 0.4710 313.6352 840.1558 539.6024 939.1300 1.4915 1.7126 3.6536 -10.0866 5.7274 28.3426 0.1298 0.3158
Car -1 -1 -1.2100 171.7283 788.9519 287.8687 857.6813 1.5947 1.9255 4.1675 -22.9906 7.0069 47.1748 -1.6592 0.2933
Car -1 -1 1.3359 1314.1527 811.5613 1408.0657 884.9723 1.6721 1.9906 4.3889 12.6745 7.9011 47.6679 1.6143 0.2891
Car -1 -1 1.2109 1393.8475 825.7233 1510.2998 904.1266 1.6374 1.9618 4.3550 14.5889 7.9368 44.7076 1.5462 0.2493
