Pedestrian -1 -1 1.4242 1392.9178 799.8653 1428.4645 885.8843 1.6005 0.6043 0.6024 8.8878 5.1031 29.5883 1.7399 0.4071
Cyclist -1 -1 1.6014 1204.8506 792.7244 1236.4874 872.6997 1.8066 0.7218 1.9463 6.7961 6.3132 39.1279 1.7912 0.3443
Cyclist -1 -1 1.6296 943.9534 815.1570 970.5365 877.1295 1.7843 0.7539 1.8510 -0.1262 8.2454 49.8360 1.6405 0.2903
Cyclist -1 -1 -1.2542 336.1397 748.6383 437.8736 898.2199 1.7670 0.7423 1.9122 -7.7457 3.5239 20.2573 -1.6298 0.2685
Cyclist -1 -1 -1.6815 1238.9552 796.2698 1265.2903 860.0059 1.9437 0.7202 1.9295 10.0956 8.0114 51.9535 -1.4727 0.2412
Car -1 -1 2.2617 0.0000 758.6558 421.1865 1022.4205 1.4671 1.7203 3.5766 -6.1522 2.7278 12.1788 1.7573 0.9149
Car -1 -1 2.0613 293.2896 762.4973 615.7792 955.7192 1.5364 1.7963 4.0595 -5.5935 3.3073 17.0987 1.7329 0.9137
Car -1 -1 1.9331 507.5440 774.6268 727.8897 925.4540 1.6058 1.8506 4.1704 -5.0211 4.0760 22.4763 1.7132 0.8381
Car -1 -1 -0.4753 1320.8994 831.5903 1445.0273 888.8293 1.4420 1.6495 3.3590 13.1877 8.0704 46.8429 -0.1820 0.5643
Car -1 -1 1.4439 1416.9702 790.9775 1510.3208 878.2307 1.6386 1.8599 4.0203 12.8607 6.1529 38.4848 1.7882 0.4113
Car -1 -1 -1.2011 187.6273 789.5238 302.9717 857.2314 1.5863 1.9223 4.1424 -22.6820 7.0555 47.5484 -1.6417 0.2757
