Pedestrian -1 -1 1.4482 1406.8295 799.5115 1443.2993 885.9261 1.6465 0.6498 0.5993 9.3932 5.2265 30.3018 1.7727 0.3905
Cyclist -1 -1 1.5489 1220.1110 787.2760 1248.1575 864.9525 1.8236 0.7307 2.0225 7.4029 6.3470 40.5994 1.7471 0.4881
Cyclist -1 -1 -1.3586 390.8177 752.5706 474.6628 895.4854 1.7531 0.7412 1.9200 -7.4413 3.6429 21.1344 -1.7051 0.3222
Cyclist -1 -1 1.6285 970.5953 819.2677 996.9327 880.5482 1.7821 0.7587 1.8420 0.7668 8.4654 50.4699 1.6576 0.3111
Cyclist -1 -1 -1.7998 1255.9078 805.1367 1289.1431 868.0676 1.9147 0.7426 1.9255 10.8113 8.2979 51.9959 -1.5777 0.2885
Car -1 -1 2.0372 340.9131 766.1769 654.7172 962.7536 1.6365 1.8695 4.2931 -5.3691 3.5506 17.9885 1.7384 0.9202
Car -1 -1 2.2588 14.1031 764.4059 481.9659 1013.0242 1.4567 1.7293 3.7356 -5.9647 2.8610 13.0388 1.7994 0.8791
Car -1 -1 1.9353 538.9913 775.4879 758.4189 920.8851 1.5795 1.8938 4.3739 -4.7338 4.1639 23.3511 1.7367 0.8640
Car -1 -1 2.7916 1341.1415 833.5626 1471.8163 889.8335 1.4916 1.7048 3.6160 14.0928 8.2422 47.4520 3.0993 0.5511
Car -1 -1 -1.2121 224.5116 790.2773 334.7192 856.1215 1.5775 1.9139 4.1107 -22.0500 7.1795 48.5455 -1.6334 0.2612
Car -1 -1 -0.4038 1431.6459 837.0349 1573.4592 898.3165 1.5155 1.6563 3.5682 15.9116 7.8925 44.0609 -0.0368 0.2528
Car -1 -1 0.4501 374.1085 841.7661 589.0682 937.0585 1.4952 1.6882 3.6784 -9.4412 5.9415 29.5622 0.1434 0.2356
