Pedestrian -1 -1 1.4880 1385.2479 801.7919 1421.9534 892.3441 1.6249 0.6395 0.6211 8.4770 5.0612 28.6754 1.7996 0.5696
Pedestrian -1 -1 -0.0034 50.3164 767.8297 190.0213 973.0070 1.2501 0.6586 0.8026 -5.7917 2.2810 10.2924 -0.5681 0.2827
Cyclist -1 -1 1.5544 1201.2939 787.2808 1231.2686 871.6757 1.8320 0.7233 2.0296 6.4142 6.0311 37.6097 1.7413 0.3675
Cyclist -1 -1 1.6407 914.2679 810.2563 941.8405 873.7690 1.7656 0.7349 1.8371 -1.0578 7.8307 47.9938 1.6316 0.3345
Cyclist -1 -1 -1.7575 1217.7086 803.5233 1249.9227 867.7035 1.9422 0.7657 2.0535 9.4697 8.2790 52.0218 -1.5607 0.2234
Cyclist -1 -1 -1.5388 1163.5874 828.2749 1200.8490 922.3312 1.7465 0.7224 1.9657 4.9277 6.4128 33.2774 -1.3738 0.2165
Car -1 -1 2.0462 212.2818 771.9423 565.2210 982.9119 1.5383 1.8473 4.2067 -5.9463 3.3413 16.1466 1.6774 0.9405
Car -1 -1 1.9328 455.1321 774.7299 692.1539 934.9709 1.6285 1.8961 4.3482 -5.4635 4.0304 21.7058 1.6842 0.8011
Car -1 -1 2.3130 0.0000 761.0132 368.4826 1043.7244 1.4094 1.6868 3.7690 -6.3723 2.6299 11.3999 1.7599 0.6745
Car -1 -1 1.3398 1385.8772 821.0638 1485.6167 899.2437 1.6079 1.9447 4.3311 13.9754 7.7118 44.2846 1.6653 0.3669
Car -1 -1 -1.7326 1305.7125 815.9527 1390.2953 890.8567 1.6645 1.9719 4.3770 12.1303 7.9806 47.1566 -1.4624 0.3488
Car -1 -1 -1.6348 1401.5835 794.2524 1486.4600 881.0296 1.5697 1.8743 4.1236 12.2088 6.1283 38.0174 -1.3024 0.2327
