Pedestrian -1 -1 1.4300 1393.9138 786.4631 1439.2572 891.5206 1.6864 0.6637 0.7780 7.8510 4.5225 25.8086 1.7513 0.5032
Cyclist -1 -1 1.7047 885.9352 802.6993 919.3460 871.3220 1.7620 0.7293 1.8253 -1.7252 7.1356 44.2500 1.6781 0.5439
Cyclist -1 -1 1.4214 1178.1873 783.6545 1221.6238 876.5989 1.7844 0.6994 1.9366 5.2559 5.3942 33.0266 1.5975 0.5386
Cyclist -1 -1 -1.1433 385.1169 722.1321 490.3917 859.1376 1.7449 0.6991 1.9272 -7.4727 3.2033 21.4399 -1.4873 0.3193
Car -1 -1 1.8951 364.1878 756.3555 630.6602 934.7670 1.6428 1.9710 4.4315 -5.7944 3.5372 19.3106 1.5960 0.8441
Car -1 -1 2.0970 18.6998 745.2501 451.8566 987.8367 1.5252 1.7890 3.9655 -6.2528 2.7716 13.4542 1.6321 0.7779
Car -1 -1 -0.6165 0.0000 736.0200 193.0703 1152.8130 1.4742 1.7987 3.9461 -6.5898 2.2669 8.5450 -1.3472 0.3969
Car -1 -1 1.3326 1388.1066 846.2162 1524.3268 957.6909 1.4782 1.7912 3.7957 9.7298 6.1622 29.6708 1.6736 0.2611
Car -1 -1 -0.6614 1282.4692 819.0519 1423.1018 887.0858 1.5413 1.7515 3.6868 11.5090 7.4470 43.9821 -0.3865 0.2546
Car -1 -1 -1.5676 1375.8191 801.3398 1456.3479 891.3320 1.5449 1.7581 3.8674 11.0112 6.0496 36.0682 -1.2495 0.2446
Car -1 -1 -1.7443 1273.5287 796.5560 1363.1874 876.8578 1.6095 1.7840 3.9151 9.6430 6.5063 40.6385 -1.4922 0.2422
