Pedestrian -1 -1 1.2734 1458.8145 772.3343 1534.0913 926.3275 1.7350 0.6691 0.8181 6.4722 3.5639 18.1161 1.6518 0.5134
Cyclist -1 -1 -1.1997 360.7703 770.4655 462.2316 909.8688 1.7236 0.7312 1.9160 -7.8580 3.9065 21.4630 -1.5582 0.5277
Cyclist -1 -1 1.4534 1177.3760 771.1812 1240.5223 911.4774 1.7279 0.7116 1.9204 3.5314 3.9219 21.4479 1.6383 0.5156
Cyclist -1 -1 1.6992 759.6480 788.7866 803.1116 878.2141 1.7615 0.7234 1.9228 -4.0727 5.5906 33.9720 1.5886 0.5116
Cyclist -1 -1 -1.5526 1137.7147 788.1609 1161.2134 853.1676 1.9890 0.7438 1.9755 6.5492 7.7774 51.9860 -1.4116 0.3497
Car -1 -1 2.1314 0.0000 734.9609 364.8831 1010.7118 1.6117 1.8352 3.9415 -6.6627 2.6658 12.3278 1.5979 0.8552
Car -1 -1 1.3341 1237.9485 806.8318 1351.3533 893.0496 1.5951 1.9851 4.4597 8.6787 6.6488 39.3100 1.5704 0.3894
Car -1 -1 -1.7899 1201.2645 797.1296 1296.7853 872.5594 1.5936 1.9089 4.3083 8.3313 6.8707 43.6537 -1.5837 0.3020
Car -1 -1 3.4759 188.2860 796.8070 369.1104 865.7043 1.6408 1.8698 4.2781 -19.2539 6.6360 42.3324 3.0526 0.2502
Car -1 -1 2.2875 1257.3070 816.1376 1437.3362 910.2435 1.5768 1.7702 4.0073 8.8935 6.2069 34.3680 2.5616 0.2435
Car -1 -1 -1.4655 576.2413 799.6263 687.6213 904.0105 1.6174 1.9093 4.0690 -7.0560 5.6508 32.3988 -1.6744 0.2221
Car -1 -1 3.5104 28.3867 800.0998 235.3354 880.1314 1.4990 1.7589 3.7406 -18.8186 5.6227 34.0715 3.0044 0.2216
