Pedestrian -1 -1 1.2279 1571.1744 785.4016 1669.2860 969.5225 1.5838 0.6196 0.8833 6.2271 3.1553 14.1674 1.6894 0.4939
Pedestrian -1 -1 1.8259 651.0749 778.8901 691.0386 869.6448 1.6692 0.6304 0.5761 -5.5976 4.6731 28.8627 1.6387 0.2543
Cyclist -1 -1 1.4053 1228.7777 753.9698 1324.2946 950.0383 1.7415 0.7147 1.9166 3.2479 3.1687 15.5551 1.6402 0.6724
Cyclist -1 -1 -1.1343 303.3627 754.7961 425.5475 907.4200 1.7960 0.7932 1.9775 -8.0690 3.6483 20.3179 -1.5229 0.5762
Cyclist -1 -1 1.6685 695.6512 774.5254 741.1840 875.9296 1.7092 0.6830 1.8174 -4.6739 4.6904 28.8684 1.5136 0.4188
Cyclist -1 -1 1.5211 1075.4451 787.5201 1098.4319 848.2462 1.8203 0.7152 1.9340 4.2846 7.4817 51.0779 1.6197 0.4031
Cyclist -1 -1 1.1468 1573.4653 783.2537 1678.8434 969.1195 1.5914 0.6194 0.8918 6.2275 3.1270 14.0434 1.6122 0.1535
Car -1 -1 2.3309 0.0000 724.1201 176.9163 1151.8816 1.6160 1.9413 4.4061 -6.8645 2.3564 8.9228 1.6061 0.5251
Car -1 -1 -1.5750 1259.2378 800.9948 1348.6934 898.1635 1.4191 1.7165 3.7741 7.1931 5.3410 31.2668 -1.3278 0.3732
Car -1 -1 1.3655 1209.5739 815.2879 1311.6310 901.1508 1.6274 1.9085 4.3188 7.9574 7.0118 40.1253 1.5796 0.2951
Car -1 -1 1.3425 1237.5065 811.9868 1350.1262 901.3417 1.5000 1.8123 4.0975 7.8765 6.2321 35.7692 1.5788 0.2608
Car -1 -1 -1.6092 1188.0314 809.5491 1251.1609 882.8731 1.5616 1.7534 3.8783 7.5938 7.2735 44.2115 -1.4219 0.2607
