Pedestrian -1 -1 1.2333 1446.5182 779.2200 1516.0663 923.3812 1.7646 0.6863 0.6527 6.7250 3.7974 19.3622 1.6007 0.5561
Pedestrian -1 -1 -0.1944 1538.4795 787.2111 1594.0891 934.2215 1.7561 0.6160 0.5657 7.6921 3.8610 19.0301 0.2257 0.2362
Cyclist -1 -1 1.4878 1179.0966 777.0804 1233.3651 905.7288 1.7132 0.7135 1.9235 3.7912 4.1807 23.2553 1.6703 0.5899
Cyclist -1 -1 -1.3871 373.7265 765.9703 447.7371 901.5349 1.7164 0.6953 1.9182 -8.0859 3.8896 22.0317 -1.7460 0.4514
Cyclist -1 -1 1.6778 780.3594 790.3979 819.2914 873.5900 1.7219 0.7099 1.8536 -3.8294 5.7627 35.5829 1.5800 0.3954
Cyclist -1 -1 -1.6236 1140.8481 799.4077 1165.4462 864.6606 1.9646 0.7679 2.0288 6.6194 8.1147 51.6583 -1.4804 0.3879
Car -1 -1 2.0554 0.0000 745.6412 412.8593 996.7704 1.5815 1.8457 4.0551 -6.5759 2.8273 13.3995 1.5682 0.9198
Car -1 -1 -0.5077 1248.6135 806.2667 1464.5293 896.6395 1.6659 1.8970 4.4847 9.1559 6.0543 34.7513 -0.2291 0.4201
Car -1 -1 1.2963 1242.1312 811.4610 1355.2693 896.1898 1.6017 1.9259 4.2836 8.9505 6.8658 40.0215 1.5351 0.4071
Car -1 -1 -1.6775 1184.2524 804.6768 1253.5354 873.5479 1.5991 1.8288 4.2412 8.2742 7.6715 48.3252 -1.4911 0.3254
Car -1 -1 1.3767 1221.7533 813.9345 1309.6354 891.0388 1.6456 1.8465 4.0814 8.9138 7.4790 44.0864 1.5940 0.2775
Car -1 -1 -1.1728 225.4984 777.3454 355.7632 852.7296 1.5771 1.8441 4.1637 -18.6871 6.0598 41.8744 -1.5897 0.2463
