Pedestrian -1 -1 1.1366 1610.6285 775.8915 1726.1385 979.5034 1.6456 0.6383 0.8881 6.2393 3.0284 13.2333 1.6293 0.5877
Pedestrian -1 -1 1.8240 641.2637 776.1894 681.2869 869.0231 1.6625 0.5965 0.6441 -5.6582 4.5524 28.2259 1.6299 0.3595
Pedestrian -1 -1 0.0053 0.0000 775.5356 44.0865 884.2839 1.2679 0.6655 0.7458 -12.2599 3.2563 19.2568 -0.5816 0.2252
Cyclist -1 -1 1.3709 1239.8488 757.5881 1349.2166 966.0976 1.7091 0.7157 1.9373 3.1944 3.0827 14.4963 1.6192 0.7517
Cyclist -1 -1 -1.2806 292.7992 754.9112 398.6377 907.6449 1.7557 0.7934 1.9643 -8.1743 3.5785 19.9469 -1.6812 0.4862
Cyclist -1 -1 1.7632 681.3425 772.0500 736.4094 875.9695 1.7050 0.6667 1.8761 -4.7371 4.5701 28.1688 1.6016 0.4791
Cyclist -1 -1 1.5163 1070.6550 786.4417 1093.6160 848.3360 1.8101 0.6860 1.9090 4.0137 7.2894 49.7549 1.6116 0.3400
Cyclist -1 -1 -1.6413 1102.2483 791.4722 1128.2098 858.6651 2.0269 0.7738 2.0617 5.2778 7.8638 51.3543 -1.5236 0.2805
Cyclist -1 -1 1.1292 1609.7729 774.9232 1728.7041 982.7888 1.6711 0.6414 0.9348 6.2313 3.0441 13.2032 1.6223 0.1234
Car -1 -1 -1.5271 1257.5994 801.0638 1358.5419 906.0994 1.5154 1.7657 3.8337 7.1677 5.3757 30.6790 -1.2762 0.3446
Car -1 -1 2.3901 0.0000 772.5886 132.7637 1214.1194 1.3903 1.7884 4.1219 -6.6883 2.4119 8.2328 1.6315 0.3297
Car -1 -1 1.4556 1199.2681 811.3260 1274.5645 886.0272 1.5335 1.7501 4.0633 7.9220 7.1887 43.2664 1.6543 0.3194
Car -1 -1 -0.5264 1256.0028 835.7236 1438.9878 919.0096 1.4739 1.7182 3.6961 8.8404 6.4945 34.3175 -0.2535 0.3134
Car -1 -1 0.6947 0.0000 779.5964 85.4275 909.5942 1.4203 1.6278 3.6171 -13.6672 3.5300 19.4683 0.0628 0.2912
Car -1 -1 1.8059 287.9192 787.5732 386.6816 855.7896 1.5414 1.8890 4.2286 -19.4034 6.8624 46.6809 1.4169 0.2458
