Pedestrian -1 -1 1.2776 1488.0432 778.7393 1566.1921 938.4077 1.6860 0.6524 0.7999 6.4422 3.4850 17.0560 1.6767 0.5012
Cyclist -1 -1 1.4217 1189.6826 766.6970 1262.6377 920.0364 1.7371 0.7090 1.9344 3.4731 3.7024 19.7433 1.6191 0.6215
Cyclist -1 -1 -1.2201 311.6037 764.2635 429.6458 915.1987 1.7996 0.8880 2.0516 -8.1706 3.8341 20.7911 -1.6039 0.5131
Cyclist -1 -1 1.7445 750.1732 789.1601 797.4840 879.4740 1.7165 0.6983 1.9151 -4.1152 5.4430 32.9500 1.6286 0.4846
Cyclist -1 -1 -1.6703 1112.2753 784.8022 1137.9403 849.8746 1.9951 0.7196 1.9569 5.6542 7.6275 51.6886 -1.5459 0.2446
Car -1 -1 2.1774 0.0000 742.2355 310.9153 1032.3956 1.5129 1.8045 3.8921 -6.7292 2.5588 11.3595 1.5973 0.8919
Car -1 -1 2.6454 1255.8284 830.4249 1425.4504 907.9506 1.5194 1.7221 3.7198 9.4256 6.8119 37.2493 2.9132 0.3635
Car -1 -1 -1.7711 1199.2703 810.6364 1291.4357 890.8600 1.6478 1.8404 4.1246 7.9809 7.1642 42.3484 -1.5671 0.2832
Car -1 -1 -3.0622 790.7474 825.6576 902.5173 878.2460 1.5334 1.7477 3.6851 -3.9087 8.5549 51.4004 -3.1259 0.2337
Car -1 -1 -1.6035 1190.4122 792.1089 1246.6512 855.0275 1.5974 1.8427 4.1328 8.8650 7.6284 51.7546 -1.4173 0.2151
Car -1 -1 2.3227 1248.5015 815.6581 1440.4984 912.1747 1.5735 1.7897 4.1264 8.5985 6.0781 33.4770 2.5952 0.2139
Car -1 -1 3.4606 150.5058 792.1077 332.8096 860.3246 1.5671 1.7931 4.1660 -19.7284 6.2962 41.1444 3.0160 0.2052
Car -1 -1 -1.6520 1193.9598 795.3341 1262.5746 864.8823 1.5842 1.8401 4.0113 8.2416 7.1149 46.4316 -1.4592 0.2040
