Pedestrian -1 -1 1.0259 1655.5479 768.7910 1781.4688 988.2188 1.6766 0.6559 0.7328 6.2069 2.8948 12.2880 1.5511 0.6504
Pedestrian -1 -1 1.8911 629.3833 776.0223 673.6895 871.9315 1.6646 0.6162 0.6706 -5.6891 4.4799 27.4892 1.6902 0.3982
Pedestrian -1 -1 2.1917 1708.1678 768.6613 1813.9912 979.6539 1.7445 0.6153 0.5585 7.1028 3.0600 13.2922 2.7373 0.2064
Cyclist -1 -1 1.6952 662.0291 769.4903 711.5403 877.1674 1.7007 0.6556 1.7649 -4.9284 4.3916 26.9319 1.5181 0.5622
Cyclist -1 -1 1.3382 1263.3401 756.1514 1391.9697 991.3298 1.7323 0.7165 1.9941 3.1793 2.9756 13.1543 1.6108 0.5589
Cyclist -1 -1 -1.2874 271.5753 749.7760 372.0840 902.1014 1.7351 0.7245 1.9312 -8.3840 3.4629 19.6867 -1.7030 0.5547
Cyclist -1 -1 1.5800 1055.9534 786.9266 1078.5228 850.3803 1.7939 0.6817 1.9374 3.4341 7.1422 48.3656 1.6656 0.3899
Cyclist -1 -1 -1.6253 1094.4432 788.1312 1118.3920 854.9852 2.0373 0.7437 2.0064 4.9990 7.7802 51.5902 -1.5135 0.1972
Car -1 -1 -1.8455 1247.6814 803.2754 1379.4547 905.0331 1.4685 1.7014 3.5710 6.9229 5.2285 29.7172 -1.5950 0.4347
Car -1 -1 -1.6558 1216.4742 804.2036 1280.3567 870.3324 1.6198 1.8529 4.3473 9.7838 8.0317 51.2075 -1.4501 0.2206
Car -1 -1 -1.8240 1219.6976 802.1281 1329.8947 887.3360 1.4790 1.7450 3.8785 7.4962 5.9891 36.0920 -1.6000 0.1958
