Pedestrian -1 -1 1.2781 1553.8048 765.2891 1644.8761 956.7528 1.7320 0.6396 0.8160 6.2346 3.1493 14.6445 1.7261 0.4285
Cyclist -1 -1 1.3571 1209.6801 762.9771 1309.8284 947.8539 1.7259 0.7214 1.9791 3.2472 3.3351 16.4359 1.5794 0.6543
Cyclist -1 -1 -1.1497 316.4960 754.9990 425.1022 899.1318 1.7173 0.6779 1.9116 -8.0728 3.5878 20.5324 -1.5346 0.4840
Cyclist -1 -1 1.7228 713.4564 782.3131 762.7162 878.6980 1.6730 0.6926 1.8254 -4.4425 4.9133 29.8671 1.5817 0.3120
Cyclist -1 -1 1.5459 1067.5159 795.2532 1089.8644 855.8616 1.8204 0.7483 1.9658 4.0422 7.8106 51.5787 1.6389 0.2867
Cyclist -1 -1 -1.6276 1111.2673 792.2717 1135.3511 859.0829 2.0225 0.7411 2.0540 5.5801 7.9126 51.5776 -1.5044 0.2296
Car -1 -1 1.7270 1243.4523 799.2548 1358.3232 898.6718 1.4753 1.7164 3.8532 7.2535 5.4167 31.6970 1.9729 0.5173
Car -1 -1 2.3933 0.0000 714.0281 213.4571 1148.8827 1.6689 1.9793 4.6036 -6.8833 2.3550 9.1170 1.6796 0.4981
Car -1 -1 1.4055 1219.9525 805.1318 1314.5188 887.6277 1.5906 1.9027 4.3608 8.2764 6.7761 40.7973 1.6240 0.3015
Car -1 -1 1.5822 1236.7938 812.6092 1316.5273 900.7202 1.4914 1.7684 3.8383 7.6838 6.2987 36.2249 1.8105 0.2907
