Pedestrian -1 -1 1.3026 1531.6394 774.1364 1611.2366 949.3145 1.7020 0.6296 0.6875 6.3478 3.2960 15.5833 1.7316 0.5694
Cyclist -1 -1 -1.0909 298.9793 753.8062 428.4899 909.1061 1.8153 0.7977 2.0232 -8.0517 3.6514 20.2565 -1.4798 0.6084
Cyclist -1 -1 1.3964 1191.9663 759.4113 1276.9723 927.0283 1.7428 0.7304 1.9165 3.2740 3.4556 18.0727 1.6004 0.5551
Cyclist -1 -1 1.6888 727.9773 788.5568 773.0529 881.0378 1.6763 0.7148 1.7435 -4.3679 5.1744 31.0870 1.5566 0.5447
Car -1 -1 2.2962 0.0000 703.9329 294.3585 1099.6720 1.7871 2.0733 4.7293 -6.7753 2.4536 10.1700 1.6528 0.5761
Car -1 -1 2.3504 1232.4465 804.5637 1434.9437 904.5408 1.6018 1.8529 4.1329 8.0857 5.7157 32.4043 2.6162 0.5222
Car -1 -1 -1.7154 1199.1123 807.8560 1285.0018 885.2856 1.5367 1.8403 3.9599 7.6960 6.8377 41.2996 -1.5133 0.3384
Car -1 -1 1.5559 1237.6835 809.4835 1314.2987 897.8671 1.5420 1.7623 3.9680 7.8097 6.3825 37.0913 1.7825 0.2935
Car -1 -1 1.9598 9.3437 782.6597 182.1247 879.6375 1.5142 1.8110 4.2188 -18.8333 5.2037 32.7609 1.4352 0.2520
Car -1 -1 -1.6054 1190.4633 825.3141 1255.7600 900.1456 1.5852 1.8677 4.0899 7.9143 7.9647 45.4381 -1.4159 0.2394
