Pedestrian -1 -1 1.2464 1453.5024 781.4415 1526.3438 929.5674 1.7455 0.6916 0.6929 6.6201 3.7465 18.7523 1.6198 0.4043
Cyclist -1 -1 1.6677 777.2049 789.4058 816.7106 875.8663 1.7486 0.7158 1.9135 -3.8161 5.6872 34.8467 1.5678 0.5118
Cyclist -1 -1 -1.2088 363.4758 752.6575 462.2545 893.6860 1.7642 0.6959 1.9487 -7.8340 3.6801 21.4505 -1.5670 0.4681
Cyclist -1 -1 1.5037 1181.9113 776.4202 1236.2712 910.8970 1.7156 0.7117 1.9150 3.6788 4.0766 22.3086 1.6885 0.4566
Cyclist -1 -1 -1.6411 1138.7321 792.5720 1165.1462 857.6436 1.9856 0.8018 1.9999 6.6141 7.9252 51.9477 -1.4988 0.3811
Car -1 -1 2.0903 0.0000 744.3597 411.0446 1017.9254 1.6219 1.9300 4.4470 -6.6219 2.8444 13.0630 1.5883 0.9183
Car -1 -1 1.3865 1236.0645 810.0522 1343.0613 898.5628 1.6488 2.0590 4.6181 8.7125 6.9019 40.0723 1.6193 0.4587
Car -1 -1 -1.6435 1184.4849 802.1326 1251.3043 874.5638 1.6828 1.8718 4.3216 8.1901 7.6411 48.0214 -1.4578 0.4084
Car -1 -1 2.2782 1242.3702 805.2288 1420.9275 895.2785 1.5368 1.8487 4.0254 8.6969 5.9894 35.0256 2.5421 0.2937
Car -1 -1 3.4675 39.0055 797.4926 248.4511 881.4209 1.6016 1.7973 3.9041 -18.9303 5.7571 34.7841 2.9684 0.2667
Car -1 -1 1.8456 576.3965 793.0666 710.6119 891.5757 1.5625 1.8408 3.9685 -6.8742 5.4761 32.7548 1.6443 0.2597
