Pedestrian -1 -1 1.2766 1509.9651 769.7091 1590.7935 936.8979 1.7021 0.6644 0.6978 6.4029 3.3160 16.2805 1.6915 0.5133
Cyclist -1 -1 1.3723 1191.6442 766.6773 1274.1469 926.0773 1.7364 0.7061 1.9031 3.4136 3.6223 18.9387 1.5747 0.5675
Cyclist -1 -1 -1.1932 324.1706 763.3170 433.1081 908.8441 1.7476 0.7643 1.9275 -8.0521 3.7582 20.7577 -1.5727 0.5548
Cyclist -1 -1 -1.6826 1110.7786 782.5009 1137.5195 847.8438 2.0081 0.7328 1.9653 5.6226 7.5613 51.7056 -1.5590 0.5310
Cyclist -1 -1 1.6635 744.7189 786.3773 787.9044 878.7714 1.7047 0.7285 1.8271 -4.1250 5.2321 31.7434 1.5421 0.4510
Car -1 -1 2.2608 0.0000 741.7394 288.4648 1055.5618 1.4984 1.7959 3.9793 -6.7366 2.4968 10.7240 1.6493 0.8655
Car -1 -1 1.3107 1242.1483 810.5223 1355.2712 896.4508 1.5299 1.8463 4.0806 8.4035 6.4504 37.5819 1.5500 0.3298
Car -1 -1 -1.7605 1212.4319 811.2531 1308.0157 896.7106 1.7405 1.9271 4.2053 8.2986 7.2208 41.8526 -1.5467 0.3280
Car -1 -1 2.1793 1242.0009 794.2302 1424.8314 890.3212 1.5357 1.8436 4.1334 8.2739 5.5135 33.0970 2.4455 0.3254
Car -1 -1 3.5403 0.0000 796.3133 175.3523 882.0109 1.5344 1.7631 3.8312 -19.4569 5.3922 32.5090 2.9981 0.2627
Car -1 -1 -1.7738 1178.5746 803.6569 1261.3259 871.3932 1.5255 1.8143 3.9387 7.9256 7.2770 46.1323 -1.5866 0.2438
