Cyclist -1 -1 1.8219 538.6371 748.6337 633.3097 901.2065 1.8556 0.7934 2.0934 -5.2210 3.6746 20.9363 1.5743 0.6664
Cyclist -1 -1 0.9466 1510.8234 685.9960 1936.0000 1200.2662 1.7582 0.7347 1.9415 3.1022 2.0576 6.3391 1.5110 0.5578
Cyclist -1 -1 -1.1251 139.6406 748.0270 275.4239 915.3832 1.7356 0.7203 1.9166 -8.9827 3.2902 17.9097 -1.6087 0.5125
Cyclist -1 -1 1.4767 1039.3809 786.5704 1071.1141 861.6807 1.8108 0.7213 1.9296 2.5791 6.3703 41.2040 1.5539 0.4139
Cyclist -1 -1 -2.7306 1110.1516 906.6237 1272.9612 1075.6678 1.7577 0.7236 1.9386 2.9403 5.5281 19.1769 -2.5563 0.2864
Cyclist -1 -1 -1.6887 1066.7246 784.9720 1095.2834 853.6473 2.0759 0.7648 2.0494 4.0780 7.6516 51.0562 -1.5942 0.2462
Car -1 -1 1.9241 334.3235 772.3618 559.4268 921.2728 1.6423 1.8856 4.3481 -7.7624 4.1305 23.0377 1.5944 0.5090
Car -1 -1 1.2394 1421.9124 863.7612 1605.4700 999.8564 1.6219 1.9756 4.2376 10.0497 6.3697 27.5646 1.6148 0.3324
Car -1 -1 -1.7749 1278.4952 807.0883 1419.2819 927.0170 1.4740 1.7306 3.6481 6.6435 4.8673 25.9730 -1.5006 0.3312
Car -1 -1 1.9244 0.0000 795.7594 53.9958 900.2234 1.4981 1.9551 4.5205 -21.1898 5.4100 31.8122 1.3330 0.2404
Car -1 -1 -1.4623 1160.4725 799.6779 1238.4174 871.4636 1.5131 1.7872 3.9496 7.0694 6.9204 44.1191 -1.2864 0.1988
