Pedestrian -1 -1 1.1370 1849.3417 761.1833 1936.0000 1043.1095 1.6469 0.6329 0.7044 6.1469 2.5545 9.5470 1.7893 0.5849
Cyclist -1 -1 -1.1653 206.2932 749.1693 332.1939 910.6387 1.7704 0.7659 1.9227 -8.6938 3.4201 18.8760 -1.6123 0.6020
Cyclist -1 -1 1.7425 588.5693 757.3834 659.9230 891.8263 1.8103 0.7473 1.9832 -5.1895 3.9492 23.1340 1.5217 0.5633
Cyclist -1 -1 1.2164 1378.8025 722.4533 1603.6382 1071.4398 1.7199 0.7238 1.9313 3.0794 2.3642 8.8975 1.6122 0.4593
Cyclist -1 -1 1.6175 1054.1075 793.9880 1082.5804 866.4546 1.8509 0.7155 1.9392 3.1527 6.9301 43.9120 1.7041 0.3552
Cyclist -1 -1 -1.6372 1082.7632 782.8034 1107.4636 848.8965 2.0250 0.7480 1.9741 4.6097 7.5790 51.5991 -1.5331 0.3014
Car -1 -1 2.1018 378.3782 770.9877 609.5433 903.8746 1.5552 1.7920 4.0732 -7.5183 4.1623 24.4995 1.8015 0.5405
Car -1 -1 2.3303 1264.4700 814.7673 1505.9062 936.5959 1.6268 1.8982 4.1596 7.8284 5.3605 27.5628 2.6310 0.3466
Car -1 -1 -1.5038 1171.2526 803.8776 1251.0830 885.7753 1.5624 1.7780 4.0238 6.7606 6.6312 40.1823 -1.3196 0.2861
Car -1 -1 2.5372 1256.5413 852.1567 1465.9849 950.9247 1.5122 1.8123 3.8484 8.3060 6.4644 31.1199 2.8199 0.2521
