Pedestrian -1 -1 -2.2019 1479.4347 853.0012 1544.9618 945.0729 1.3306 0.5401 1.0255 9.1891 5.2251 24.9690 -1.8212 0.1792
Cyclist -1 -1 0.9598 1625.9207 660.3735 1936.0000 1216.0000 1.7154 0.7122 1.9317 3.0516 1.8627 5.2221 1.6365 0.6427
Cyclist -1 -1 1.8250 492.9130 755.2913 593.6011 917.5001 1.7659 0.7573 1.9959 -5.2505 3.5020 18.9052 1.5473 0.6369
Cyclist -1 -1 1.5199 1048.1556 782.9825 1079.0830 866.1788 1.8633 0.7188 1.9746 2.6099 6.0160 38.2855 1.6029 0.5641
Cyclist -1 -1 -1.2609 120.4865 749.1832 239.5154 923.2719 1.7431 0.7070 1.9215 -9.0640 3.2754 17.4268 -1.7607 0.5439
Cyclist -1 -1 -2.7804 1109.9076 911.6074 1290.9093 1094.5287 1.7664 0.7166 2.0122 2.8426 5.3483 17.8571 -2.5993 0.2837
Cyclist -1 -1 -1.6864 1057.9781 795.4080 1085.4764 862.5247 2.0105 0.7355 2.0116 3.7557 7.9381 50.9725 -1.5981 0.2503
Cyclist -1 -1 1.3899 1013.8554 800.7460 1046.0718 862.2685 1.8435 0.7976 1.9584 2.3631 8.0385 51.6634 1.4498 0.2156
Car -1 -1 -1.4570 1160.1000 804.3646 1251.9651 890.9975 1.5283 1.7599 3.9336 6.1673 6.2704 37.3769 -1.2756 0.3867
Car -1 -1 1.2222 1441.3380 853.1682 1636.2296 994.0865 1.6161 1.9399 4.2633 10.0356 5.9701 26.3536 1.6131 0.3130
Car -1 -1 2.3915 1263.6603 815.3481 1483.3813 920.4570 1.4748 1.7759 3.8388 7.8843 5.3249 28.5875 2.6840 0.2242
Car -1 -1 1.5968 1346.0974 828.7051 1479.0819 973.7546 1.5572 1.8837 4.1929 7.5541 5.2478 24.7881 1.9186 0.1979
Car -1 -1 -2.5138 232.5468 782.2743 470.9076 883.3666 1.6839 1.8109 4.2698 -12.4511 5.0524 30.6203 -2.9011 0.1867
Car -1 -1 -1.4600 1165.9036 800.3607 1245.5424 874.0571 1.5113 1.7669 3.8771 7.0434 6.7840 42.8281 -1.2798 0.1778
