Pedestrian -1 -1 1.1349 1742.2443 778.2581 1890.7529 1034.8175 1.6739 0.6519 0.9044 6.1775 2.8369 10.8452 1.7201 0.6249
Cyclist -1 -1 1.7084 638.5681 765.2579 696.3742 882.5042 1.7304 0.7043 1.8683 -4.9522 4.1943 25.3006 1.5177 0.6095
Cyclist -1 -1 1.2316 1308.5547 741.8640 1487.4009 1023.1591 1.7545 0.7327 1.9629 3.1932 2.7026 11.1348 1.5560 0.5646
Cyclist -1 -1 -1.2497 258.5499 751.5095 369.7152 907.6548 1.7594 0.7712 1.9573 -8.4025 3.4964 19.5041 -1.6698 0.5555
Cyclist -1 -1 1.5140 1059.6011 786.8850 1084.9321 853.6949 1.8158 0.7026 1.9881 3.4444 6.9640 46.5228 1.6027 0.3496
Cyclist -1 -1 1.1188 1736.8213 778.3368 1889.6395 1036.9044 1.6876 0.6546 0.9562 6.1780 2.8581 10.8909 1.7018 0.1503
Car -1 -1 -1.5620 1268.5350 806.7264 1367.4750 915.9254 1.4660 1.7268 3.6403 6.8886 5.1926 28.6658 -1.3040 0.4258
Car -1 -1 -1.7674 1392.1599 792.6253 1550.8707 925.7975 1.5820 1.8714 4.2314 8.6260 4.7072 25.6294 -1.4156 0.2297
Car -1 -1 2.5824 1245.8638 848.4553 1448.4731 942.0267 1.5156 1.8132 3.8681 8.3389 6.5708 32.4009 2.8555 0.2007
Car -1 -1 -1.6169 1179.0024 801.5014 1251.1927 879.2615 1.5565 1.8686 4.0639 7.0434 6.7460 41.8024 -1.4326 0.1904
Car -1 -1 1.9911 242.8737 790.8233 360.5469 858.5159 1.5095 1.7752 3.9271 -19.7660 6.7203 44.9912 1.5813 0.1720
Car -1 -1 -1.7540 1197.0974 815.2060 1297.8860 901.3521 1.5221 1.8362 4.0095 7.0887 6.5385 37.3946 -1.5482 0.1663
