Pedestrian -1 -1 -1.7746 1196.1449 912.6313 1249.8610 1051.2202 1.6845 0.5990 0.6109 3.4533 5.5460 19.7622 -1.5786 0.2883
Cyclist -1 -1 -1.1238 187.9682 752.7986 321.2631 915.7790 1.7504 0.7625 1.9095 -8.7100 3.4165 18.5230 -1.5797 0.6323
Cyclist -1 -1 1.7737 571.0490 757.9547 649.0267 894.9957 1.7631 0.7440 1.9695 -5.1803 3.8239 22.1669 1.5428 0.5922
Cyclist -1 -1 1.1411 1449.0889 700.2383 1732.8654 1114.0647 1.7222 0.7001 1.8885 3.0799 2.1498 7.5302 1.6117 0.4833
Cyclist -1 -1 1.5814 1046.8928 803.7418 1074.3209 880.0632 1.8920 0.7334 1.9629 2.8530 7.1340 42.8217 1.6628 0.4022
Cyclist -1 -1 -1.6449 1074.9672 788.1448 1099.6697 854.0706 1.9987 0.7279 1.9769 4.3134 7.7047 51.2738 -1.5461 0.3563
Car -1 -1 1.9208 371.8344 777.0555 575.0137 910.9721 1.5343 1.8110 3.9568 -7.6028 4.1513 23.7107 1.6069 0.4322
Car -1 -1 2.2294 1281.2983 816.0071 1514.5707 939.1714 1.5566 1.7878 4.1410 7.8408 5.2174 26.7364 2.5394 0.2563
Car -1 -1 -1.8632 1248.9125 814.3222 1386.3544 915.2546 1.4656 1.7992 3.8635 7.3146 5.6491 31.0612 -1.6107 0.2315
Car -1 -1 1.3830 1205.3115 816.9987 1317.9192 914.0001 1.6157 1.9313 4.2520 7.0650 6.4627 35.5816 1.5980 0.2313
Car -1 -1 1.7954 668.8779 807.6443 759.8770 878.7186 1.6007 1.8822 4.3551 -7.7677 7.6713 47.4372 1.6431 0.2063
Car -1 -1 -1.4450 1172.5333 797.3207 1251.4259 868.1821 1.5372 1.7985 3.9800 7.6149 6.9950 45.1676 -1.2610 0.2005
