Pedestrian -1 -1 -1.2796 163.4883 745.4053 271.6540 908.6354 1.7128 0.6952 1.8596 -8.9732 3.2514 18.1149 -1.7578 0.1005
Cyclist -1 -1 1.8003 535.1532 764.0447 625.4130 914.1514 1.7702 0.7666 2.0138 -5.2005 3.7752 20.5332 1.5488 0.7004
Cyclist -1 -1 -2.7210 1104.1969 900.7495 1282.6865 1076.7396 1.7808 0.7549 2.1044 2.9123 5.4273 18.8660 -2.5455 0.5637
Cyclist -1 -1 0.8843 1572.4707 686.4558 1936.0000 1216.0000 1.7201 0.6947 1.8685 3.1145 1.9949 5.7242 1.5112 0.5537
Cyclist -1 -1 1.5122 1052.6865 785.5025 1082.9333 864.6190 1.8655 0.7269 1.9359 2.8546 6.2887 40.2085 1.5980 0.5005
Cyclist -1 -1 -1.3122 172.0227 745.8904 273.2464 907.4963 1.7088 0.6882 1.8270 -8.9691 3.2615 18.2254 -1.7875 0.4091
Cyclist -1 -1 -1.7673 1063.3959 792.6308 1095.6919 859.2673 2.0034 0.7492 2.0312 4.0458 7.8737 51.2889 -1.6737 0.3847
Car -1 -1 1.2300 1426.6550 816.3770 1609.7921 932.8406 1.4160 1.9157 4.2555 10.0934 5.2086 27.4573 1.6091 0.4824
Car -1 -1 1.6388 347.9116 786.0347 494.8423 935.4890 1.5601 1.8144 4.0058 -8.0079 4.2165 22.4773 1.2910 0.3873
Car -1 -1 1.7674 1155.9689 809.2469 1257.9117 894.6826 1.5280 1.7638 4.0322 6.3670 6.5374 38.4371 1.9492 0.2828
Car -1 -1 1.8893 0.0000 798.2208 39.2808 903.1129 1.4929 1.9212 4.3948 -21.2165 5.4211 31.5162 1.2928 0.2688
Car -1 -1 -1.5707 1201.5343 800.9364 1264.2877 871.3230 1.6019 1.8619 4.0611 8.5851 7.4000 47.0813 -1.3732 0.2223
