Pedestrian -1 -1 1.0607 1815.9785 782.7817 1936.0000 1055.3680 1.6137 0.6299 0.8685 6.1668 2.7052 9.8679 1.6957 0.6150
Cyclist -1 -1 1.7680 618.6625 760.2828 685.8721 884.1283 1.7573 0.7003 1.9342 -5.0006 4.0455 24.3065 1.5665 0.6067
Cyclist -1 -1 -1.0995 218.0924 744.3837 351.7319 904.7487 1.7612 0.7519 1.9525 -8.4979 3.3490 18.8846 -1.5376 0.5000
Cyclist -1 -1 1.2081 1366.4786 743.2063 1577.6854 1069.1741 1.7251 0.7159 1.9658 3.2164 2.5645 9.6208 1.5873 0.4897
Cyclist -1 -1 -1.6344 1082.6578 791.8484 1106.1123 856.4379 1.9644 0.7116 1.9724 4.5895 7.8421 51.6494 -1.5307 0.4495
Cyclist -1 -1 1.5561 1061.9418 786.6982 1085.6887 855.8270 1.8232 0.7006 1.9945 3.4046 6.8284 45.2405 1.6461 0.4347
Cyclist -1 -1 1.0452 1809.4375 783.5366 1936.0000 1058.2593 1.6248 0.6305 0.9255 6.1640 2.7284 9.9089 1.6776 0.1361
Car -1 -1 2.3147 1269.1619 823.4515 1501.6176 940.2786 1.5588 1.8043 4.1524 7.9534 5.5148 27.9725 2.6155 0.4626
Car -1 -1 2.1417 402.0823 786.5737 625.1328 914.2312 1.4926 1.7475 3.8396 -7.3224 4.4059 24.8598 1.8539 0.3665
Car -1 -1 2.5744 1250.8557 849.1610 1459.8414 944.9420 1.4998 1.8026 3.8801 8.2694 6.4306 31.4642 2.8530 0.2373
Car -1 -1 -1.6156 1183.4099 806.0234 1257.8059 886.3550 1.5507 1.8829 4.0990 7.0187 6.7523 40.7841 -1.4276 0.2252
