Pedestrian -1 -1 0.4658 361.0501 819.6391 446.8086 935.5521 1.2208 0.6559 0.7162 -6.4480 3.5237 17.3237 0.0959 0.1699
Cyclist -1 -1 2.0108 233.8088 743.5142 426.4053 994.4221 1.7248 0.7405 1.8995 -5.0617 2.7632 12.1373 1.5841 0.6329
Cyclist -1 -1 1.4294 1043.6971 782.9496 1077.4535 858.8413 1.9150 0.7155 2.0799 2.8578 6.5939 43.2102 1.5101 0.5386
Cyclist -1 -1 1.5107 1094.5790 784.4973 1134.2371 887.3256 1.7567 0.6964 1.9023 3.0109 5.0117 29.5292 1.6290 0.5224
Cyclist -1 -1 -1.1973 81.4382 759.6008 204.8851 927.6269 1.6447 0.6420 1.8439 -9.3340 3.2744 17.1344 -1.7177 0.4110
Cyclist -1 -1 -1.5548 1079.0977 807.9880 1104.2206 877.2096 1.9847 0.7666 2.0890 4.3404 8.2004 49.6863 -1.4526 0.2741
Cyclist -1 -1 1.1346 0.0000 748.1332 99.8068 907.3479 1.7931 0.8204 2.0853 -12.0066 3.4435 19.1296 0.5546 0.1600
Cyclist -1 -1 1.4552 1048.7024 785.4750 1077.8179 850.7770 1.7238 0.6878 1.9268 3.0761 6.6862 45.2408 1.5378 0.1455
Car -1 -1 -2.5515 89.5255 776.3034 389.8811 892.7509 1.6333 1.8172 4.2762 -12.1249 4.3107 25.2564 -3.0061 0.3570
Car -1 -1 -2.4549 0.0000 789.3402 250.2909 939.3716 1.7686 1.9079 4.5907 -12.9841 4.2831 21.6178 -3.0087 0.1557
Car -1 -1 1.2669 1767.7218 824.3039 1897.7010 911.2348 1.6223 1.9635 4.1712 23.5296 7.3306 40.5476 1.8169 0.1535
Car -1 -1 -1.4883 951.0710 772.6993 1056.5393 874.0275 1.6454 1.9159 4.1518 1.0019 5.1051 32.8249 -1.4441 0.1456
Car -1 -1 -1.7273 1234.2831 794.4936 1322.1488 872.6385 1.5767 1.8284 4.0369 8.6847 6.4921 41.2658 -1.5014 0.1447
