Cyclist -1 -1 1.9727 286.5190 743.1873 459.3179 974.9648 1.7230 0.7420 1.9354 -5.0887 2.8340 13.0762 1.5754 0.6612
Cyclist -1 -1 0.8118 0.0000 746.5563 126.5731 894.8777 1.7911 0.8532 2.0297 -12.2299 3.4545 19.7905 0.2401 0.4736
Cyclist -1 -1 1.4734 1084.0791 789.5935 1126.4912 888.6913 1.7574 0.7119 1.9556 2.9492 5.2544 30.7705 1.5854 0.4498
Cyclist -1 -1 -1.2548 92.1047 740.7096 209.4562 909.7842 1.6983 0.6754 1.8954 -9.3811 3.1215 17.3815 -1.7713 0.3923
Cyclist -1 -1 1.4850 1029.4532 769.8245 1058.0387 839.2665 1.8665 0.7237 2.0565 2.5021 6.3808 45.5471 1.5541 0.3382
Cyclist -1 -1 -1.6966 1063.0541 791.2105 1093.3090 859.7234 1.9379 0.7525 2.0568 3.7727 7.4353 48.3909 -1.6040 0.2343
Car -1 -1 -2.4451 143.2775 773.8823 413.2172 887.7760 1.5905 1.7807 4.0451 -11.7966 4.3083 25.8944 -2.8787 0.2428
Car -1 -1 -1.6921 1221.4857 805.0740 1322.1099 900.5444 1.5036 1.7977 3.9185 6.8443 5.7605 33.2922 -1.4697 0.1707
Car -1 -1 -2.0343 1696.2645 812.7263 1831.4421 890.1698 1.5798 1.8332 4.0752 22.8139 7.2025 42.6849 -1.5201 0.1628
Car -1 -1 -1.5972 1224.0054 797.0610 1292.4176 872.9066 1.5387 1.8037 4.0033 8.3502 6.6385 42.1640 -1.3836 0.1529
Car -1 -1 -1.0663 0.0000 747.2548 158.3037 953.4821 1.5375 1.8251 3.9950 -10.2493 2.9922 15.6984 -1.6734 0.1520
