Cyclist -1 -1 1.8764 350.8292 742.9259 487.4083 952.9028 1.7190 0.7178 1.9037 -5.1423 2.9249 14.3069 1.5107 0.6348
Cyclist -1 -1 1.4443 1063.0854 785.1419 1106.5288 884.5750 1.8723 0.7152 2.1178 2.6837 5.4877 32.6722 1.5420 0.5838
Cyclist -1 -1 -1.6898 1059.4932 788.7451 1088.2428 855.6581 1.9129 0.7318 1.9460 3.6462 7.3399 48.5502 -1.6001 0.4933
Cyclist -1 -1 -1.2078 90.3355 740.4077 209.3078 905.7457 1.6776 0.6518 1.7967 -9.4158 3.0957 17.4217 -1.7249 0.4148
Cyclist -1 -1 1.4537 1025.0023 780.8242 1054.8572 851.5286 1.9287 0.7184 2.0531 2.4325 6.8796 46.4395 1.5203 0.3769
Cyclist -1 -1 1.9563 0.0000 763.9077 95.7373 907.2792 1.6783 0.7427 1.9336 -12.6421 3.6784 20.4987 1.3872 0.2371
Car -1 -1 -2.0976 1673.4955 814.1694 1807.8127 888.7878 1.5666 1.7922 3.8924 22.5052 7.3020 43.3484 -1.5957 0.2582
Car -1 -1 2.0550 1330.8167 805.8549 1591.4897 954.1287 1.4560 1.7949 4.1013 7.3136 4.3280 21.6966 2.4101 0.2158
Car -1 -1 -1.6609 1216.1681 807.1116 1291.2555 886.1190 1.6279 1.8164 4.1195 8.3350 7.1174 42.8996 -1.4512 0.1973
Car -1 -1 -1.6512 1200.1123 812.6979 1294.3302 908.8405 1.5419 1.8734 4.0028 6.4928 6.1138 34.3029 -1.4451 0.1760
Car -1 -1 1.2928 1292.5094 866.6533 1481.9272 1026.2988 1.7906 2.0725 4.5091 7.2420 6.3502 25.9316 1.5891 0.1741
