Pedestrian -1 -1 1.5832 709.1072 792.3379 729.6793 847.4537 1.7610 0.6708 0.6875 -8.1682 7.4606 50.5180 1.4328 0.5101
Pedestrian -1 -1 -1.8018 1651.2858 935.2752 1715.4160 1067.2823 1.5905 0.6643 0.7011 9.8538 5.9176 20.4266 -1.3183 0.1660
Cyclist -1 -1 2.3214 0.0000 698.6152 241.3071 1065.7902 1.7239 0.7828 1.9438 -5.0297 2.1906 8.4481 1.7143 0.5708
Cyclist -1 -1 1.4489 1124.6615 790.2133 1179.3237 909.1911 1.7042 0.7168 1.8434 3.1629 4.5633 24.9340 1.5938 0.4626
Cyclist -1 -1 -1.0518 0.0000 693.2269 176.3214 887.1599 1.7694 0.7200 1.9991 -8.9214 2.5179 15.3694 -1.6076 0.4262
Cyclist -1 -1 1.5293 1073.8840 786.0838 1102.3833 865.9153 1.7910 0.6811 1.9533 3.2618 6.0546 38.5620 1.6291 0.3908
Cyclist -1 -1 -1.4720 1118.3752 820.5443 1145.8081 884.3774 1.7774 0.6732 1.9580 5.6031 8.3204 48.9829 -1.3424 0.2040
Cyclist -1 -1 -1.6070 1097.9769 817.9487 1121.8274 886.9148 1.8647 0.7113 2.1296 4.7242 8.1528 47.6213 -1.4927 0.1986
Car -1 -1 -2.5547 0.0000 785.4064 320.3445 913.2974 1.7107 1.8619 4.2535 -12.7657 4.3966 23.9112 -3.0541 0.2519
Car -1 -1 -1.7468 1278.7817 804.6156 1402.2737 912.6562 1.5279 1.8088 3.9433 7.5243 5.3794 30.0026 -1.4790 0.1665
