Pedestrian -1 -1 1.6831 690.6868 791.0636 714.8780 851.1400 1.7351 0.6509 0.6380 -7.8411 6.8146 45.3794 1.5210 0.4300
Pedestrian -1 -1 1.6221 679.0022 784.5794 703.6218 848.1042 1.7476 0.6645 0.6211 -7.8023 6.4016 43.2376 1.4520 0.3920
Pedestrian -1 -1 1.3534 1849.5348 963.8975 1936.0000 1156.9568 1.5981 0.6632 0.6945 8.9919 4.9632 14.3974 1.9609 0.2163
Pedestrian -1 -1 0.1469 506.3475 788.0941 546.9652 877.9781 1.5406 0.6081 0.6276 -7.9070 4.5489 27.2233 -0.1357 0.1917
Cyclist -1 -1 1.3406 1249.9832 768.9421 1365.7391 983.9899 1.6906 0.6931 1.8928 3.2060 3.1305 13.9928 1.5987 0.6632
Cyclist -1 -1 1.4851 1118.7982 779.9612 1165.3500 891.3940 1.7650 0.7159 1.9888 3.3106 4.7227 27.5135 1.6227 0.5132
Cyclist -1 -1 -1.5709 1098.2924 799.8951 1122.2252 866.4255 1.8096 0.7171 1.9160 4.6788 7.4129 46.8909 -1.4560 0.2082
Car -1 -1 2.1701 0.0000 745.8456 185.9169 925.2144 1.5508 1.8378 4.1158 -11.2312 3.1572 17.7915 1.5841 0.1854
Car -1 -1 -1.4864 959.4702 791.2618 1028.2205 860.8528 1.7561 1.9106 4.1186 1.1382 7.5834 50.2219 -1.4500 0.1668
Car -1 -1 2.1033 81.7957 788.8049 233.9689 864.1393 1.4830 1.8227 4.0241 -21.6068 6.1364 40.4066 1.6138 0.1614
