Pedestrian -1 -1 1.6662 627.0537 775.8572 657.0815 848.3868 1.7425 0.6803 0.6343 -8.0533 5.5883 37.7460 1.4623 0.3601
Pedestrian -1 -1 1.7264 655.0187 782.9346 684.0455 850.9601 1.7296 0.6617 0.6671 -7.7924 5.9889 39.9611 1.5413 0.2683
Pedestrian -1 -1 0.1685 515.8781 792.9312 554.3591 896.8150 1.6713 0.6193 0.5345 -7.2582 4.5728 25.4858 -0.1094 0.2329
Pedestrian -1 -1 3.3687 165.6517 780.7678 264.5628 956.3781 1.4481 0.6662 0.6799 -6.7081 2.8951 13.4717 2.8760 0.2031
Pedestrian -1 -1 3.0052 678.2203 786.9949 704.8064 852.3525 1.6161 0.6273 0.6123 -7.0931 5.9197 39.3118 2.8345 0.1858
Pedestrian -1 -1 3.0859 194.6219 798.2603 276.0934 901.9285 1.2502 0.7558 0.9544 -9.9491 3.6912 20.4912 2.6206 0.1808
Cyclist -1 -1 1.4506 1180.9409 766.5833 1254.2067 929.8580 1.7396 0.7147 1.9340 3.1707 3.5997 18.6422 1.6427 0.6691
Cyclist -1 -1 0.9429 1596.5770 683.2352 1936.0000 1216.0000 1.7586 0.7269 1.9496 3.1294 2.0142 5.5711 1.5887 0.4846
Cyclist -1 -1 -1.5647 1112.2811 783.6560 1136.6359 852.7850 1.8709 0.7041 1.9363 5.0378 6.8716 46.0989 -1.4402 0.4161
Car -1 -1 1.7505 720.9207 787.1851 802.0758 853.9581 1.5684 1.8120 3.9314 -6.2181 6.8805 46.9355 1.6288 0.6101
Car -1 -1 -1.4763 669.5184 789.9914 752.0712 867.3667 1.6646 1.9315 3.9470 -7.1226 6.6201 42.8595 -1.6321 0.3345
Car -1 -1 3.6281 13.9120 798.3559 317.6979 911.0271 1.3402 1.6085 3.4392 -11.1684 3.8896 21.1541 3.1293 0.2714
