Pedestrian -1 -1 1.6229 640.5531 774.8364 667.7585 845.7469 1.7745 0.6638 0.6721 -8.0901 5.7640 39.4105 1.4273 0.4401
Pedestrian -1 -1 1.7083 665.4597 786.6548 693.6821 852.8958 1.7523 0.6835 0.6509 -7.8247 6.2839 41.5557 1.5302 0.4173
Cyclist -1 -1 1.5016 1156.4362 769.1269 1211.5215 911.3274 1.7361 0.6807 1.9210 3.1469 3.8813 21.2536 1.6695 0.6011
Cyclist -1 -1 1.1007 1448.6410 735.2430 1740.2964 1145.1365 1.7479 0.7094 1.9446 3.2392 2.4007 7.8740 1.5690 0.5376
Cyclist -1 -1 -1.6837 1108.1700 792.3667 1138.0652 860.9849 1.8576 0.7333 1.9310 4.9886 7.1381 46.1844 -1.5605 0.4577
Car -1 -1 1.6840 730.8794 786.1762 805.0549 853.5905 1.6514 1.8919 4.1206 -6.2274 7.1124 48.5733 1.5669 0.5789
Car -1 -1 -0.8151 1444.2361 873.1904 1753.6389 1033.8870 1.4942 1.7318 3.6273 8.4878 5.0495 19.9383 -0.3786 0.4538
Car -1 -1 1.5773 935.7845 783.5687 993.8767 848.8173 1.6143 1.8089 3.9199 0.1533 6.9820 48.6098 1.5935 0.2532
Car -1 -1 -1.6847 1139.3942 799.4462 1211.5107 867.2894 1.6811 2.0019 4.3985 7.2254 7.8752 50.8271 -1.5274 0.2139
Car -1 -1 -1.5266 687.6434 793.0393 758.2113 865.5975 1.5540 1.8081 3.7834 -6.8319 6.6286 43.1585 -1.6744 0.2044
