Pedestrian -1 -1 1.6503 633.7676 774.0037 663.7303 848.0634 1.8087 0.6983 0.6633 -8.0184 5.6731 38.3871 1.4510 0.4300
Pedestrian -1 -1 1.6667 659.1562 779.8250 687.1661 849.4031 1.7928 0.6771 0.7133 -7.8241 6.0419 40.6306 1.4841 0.3482
Pedestrian -1 -1 -0.0189 218.4928 810.0776 303.7247 901.2373 1.1073 0.7335 1.0637 -9.8520 3.7826 21.0375 -0.4688 0.2322
Pedestrian -1 -1 3.4282 194.4960 794.6103 289.5424 962.6963 1.4484 0.6574 0.6576 -6.7437 3.0861 14.0468 2.9534 0.1698
Cyclist -1 -1 1.4704 1170.8331 767.5579 1238.4271 924.4816 1.7486 0.7186 1.8963 3.1367 3.6933 19.4108 1.6532 0.7297
Cyclist -1 -1 0.9955 1559.2090 689.3027 1936.0000 1207.8175 1.7638 0.7239 1.9533 3.2643 2.0779 6.3126 1.5853 0.5417
Cyclist -1 -1 -1.6039 1112.1241 787.7431 1138.0806 857.4293 1.8681 0.7564 1.9660 5.0130 6.9702 45.8402 -1.4793 0.4660
Cyclist -1 -1 -0.0189 218.4928 810.0776 303.7247 901.2373 1.1073 0.7335 1.0637 -9.8520 3.7826 21.0375 -0.4688 0.1151
Car -1 -1 -1.4519 725.6778 788.8511 799.9579 855.6437 1.5943 1.8368 4.0167 -6.2633 7.0304 47.5739 -1.5726 0.3485
Car -1 -1 0.6446 46.1877 790.3737 344.7789 906.1412 1.3517 1.6496 3.5766 -11.0646 3.8759 21.7103 0.1612 0.2058
Car -1 -1 1.5860 936.3594 783.4371 995.9391 849.3610 1.5939 1.7727 3.7512 0.1907 6.8011 47.2146 1.6031 0.2047
