Pedestrian -1 -1 1.7091 598.7681 767.7390 630.9805 843.1576 1.7252 0.6682 0.6382 -8.3040 5.1841 35.8662 1.4867 0.4326
Pedestrian -1 -1 3.5285 79.5294 764.5741 213.5027 964.3451 1.4610 0.6612 0.7526 -6.4425 2.6042 11.8567 2.9902 0.2767
Pedestrian -1 -1 -0.0303 491.2124 807.2518 528.9432 907.3830 1.4888 0.6047 0.5599 -7.2376 4.4588 23.9804 -0.3254 0.2205
Pedestrian -1 -1 1.6836 643.3218 780.6520 670.9633 852.3472 1.7376 0.6170 0.6506 -7.7471 5.7431 38.1098 1.4899 0.1797
Pedestrian -1 -1 3.0710 137.0047 783.2560 200.6435 917.4972 1.5657 0.6091 0.6601 -10.0188 3.6136 18.9040 2.5667 0.1779
Pedestrian -1 -1 -0.3080 87.2033 772.7313 123.4150 847.3354 1.8232 0.6451 0.6509 -22.2182 5.7058 38.8183 -0.8278 0.1749
Pedestrian -1 -1 -1.4893 966.2569 809.9000 989.4082 867.1095 1.6720 0.6590 0.6566 0.5161 7.4574 46.4047 -1.4647 0.1714
Cyclist -1 -1 1.4640 1220.9167 761.4359 1299.9182 947.8229 1.7266 0.6907 1.9640 3.2450 3.3126 16.3562 1.6873 0.6640
Cyclist -1 -1 1.0739 1710.8772 701.3281 1936.0000 1216.0000 1.6588 0.6835 1.8069 3.0934 1.9605 4.9459 1.7924 0.5302
Cyclist -1 -1 -1.5844 960.9077 788.4480 984.4205 851.6530 1.9312 0.8006 2.0134 0.3953 7.7208 51.9282 -1.5635 0.4785
Cyclist -1 -1 -1.4710 1130.9235 794.8058 1163.5417 866.1808 1.8750 0.7573 1.9809 5.6483 7.1466 45.3464 -1.3311 0.2086
Car -1 -1 1.6225 724.0127 782.6656 791.1897 849.8927 1.5335 1.7862 3.8686 -6.1476 6.5407 45.4679 1.4978 0.2944
Car -1 -1 -1.4624 1163.2706 782.7488 1287.5737 897.9173 1.5299 1.7828 3.8239 4.9557 4.6735 27.6906 -1.2651 0.2043
