Pedestrian -1 -1 1.7322 555.5345 767.4393 592.6324 852.1439 1.6577 0.6458 0.6189 -7.9542 4.6197 30.7384 1.4815 0.4618
Pedestrian -1 -1 1.7524 510.6360 761.1837 552.9463 854.2310 1.6994 0.6680 0.6969 -8.2668 4.3590 28.8041 1.4734 0.4192
Cyclist -1 -1 0.9878 1596.4731 647.7372 1936.0000 1216.0000 1.7859 0.7365 1.9584 3.1178 1.8868 5.6095 1.6288 0.5497
Cyclist -1 -1 -1.5933 1110.9774 776.8080 1137.2067 850.7520 1.9203 0.7506 1.9649 4.7860 6.4955 44.0243 -1.4693 0.5274
Cyclist -1 -1 -0.9644 1022.8103 784.9681 1085.0977 857.2084 2.0841 0.8891 2.2934 3.0804 7.5077 49.4991 -0.8878 0.1951
Cyclist -1 -1 -1.6645 950.8859 788.8544 978.1818 854.8886 1.9921 0.7746 2.0886 0.1031 7.7565 51.5063 -1.6492 0.1839
Cyclist -1 -1 -1.6457 973.6996 786.6902 1000.3518 852.3727 1.8970 0.7552 2.0239 0.8398 7.3399 49.2813 -1.6151 0.1796
Car -1 -1 -1.4143 665.7466 776.2337 758.2300 852.8488 1.5479 1.8137 3.8258 -6.5564 5.7577 39.6868 -1.5700 0.7137
Car -1 -1 -1.5876 1165.3925 788.3012 1233.5277 865.3696 1.6132 1.7966 3.7657 6.6534 6.3981 41.7897 -1.4125 0.2256
Car -1 -1 -1.6524 1152.6230 802.7078 1217.8594 869.1829 1.5837 1.8458 4.0336 7.2739 7.6427 48.8726 -1.4883 0.2220
