Pedestrian -1 -1 1.6593 569.8236 772.8593 602.6135 853.3591 1.6195 0.6206 0.6258 -7.9598 4.7965 31.7539 1.4169 0.4872
Pedestrian -1 -1 1.7015 529.6912 765.7227 567.7493 854.9543 1.6960 0.6514 0.6882 -8.2784 4.5599 30.0262 1.4341 0.3384
Cyclist -1 -1 1.1048 1483.5013 701.1174 1813.5642 1155.2261 1.7219 0.7348 1.9052 3.0935 2.1262 6.9640 1.6165 0.5514
Cyclist -1 -1 -1.6863 1108.6582 783.2880 1139.8173 855.5089 1.8861 0.7273 1.9425 4.8177 6.6816 44.3029 -1.5623 0.4264
Cyclist -1 -1 -1.9006 0.0000 903.3749 79.4347 1177.7700 1.9039 0.8255 2.4153 -8.9815 4.6194 13.5386 -2.5134 0.2835
Cyclist -1 -1 -1.7015 952.6999 790.7432 982.4608 858.2089 1.9457 0.7491 2.0279 0.1985 7.5339 49.3400 -1.6842 0.2035
Cyclist -1 -1 -1.7841 969.4997 793.1054 1003.3098 859.1108 1.9297 0.7461 2.0369 0.8338 7.7011 50.2409 -1.7539 0.1666
Car -1 -1 1.7443 678.4889 777.1060 768.8756 849.2894 1.4875 1.7786 3.7016 -6.3934 5.8094 40.5897 1.5964 0.7250
Car -1 -1 -1.5060 1251.1548 797.1242 1323.3115 869.2888 1.5799 1.8022 3.8872 9.8455 7.0061 44.9939 -1.2724 0.2242
Car -1 -1 -1.5510 605.2551 781.5373 689.5923 872.4900 1.5864 1.8357 3.8087 -7.3172 5.4805 35.1396 -1.7502 0.1729
