Pedestrian -1 -1 1.8714 456.0490 762.0451 503.5576 863.3826 1.7028 0.6422 0.6153 -8.4572 4.1418 26.2839 1.5580 0.4998
Pedestrian -1 -1 1.7928 522.0955 764.8969 564.4047 858.4791 1.6923 0.6449 0.6578 -7.9389 4.3850 28.4188 1.5210 0.3859
Pedestrian -1 -1 -3.0771 1721.2615 806.2731 1783.0065 909.6487 1.4366 0.6634 0.7771 12.1629 4.2853 22.9968 -2.5553 0.2893
Pedestrian -1 -1 -1.2960 655.1586 799.1570 691.6251 883.9147 1.5968 0.5804 0.5571 -5.7191 5.0959 29.7252 -1.4809 0.1830
Cyclist -1 -1 -1.6698 1097.5624 772.7235 1128.9640 847.0023 1.9506 0.7598 2.0214 4.4956 6.4341 44.3387 -1.5533 0.3237
Car -1 -1 1.7577 643.8638 780.5507 742.4482 859.6649 1.5053 1.7591 3.6549 -6.6725 5.6055 37.5502 1.5892 0.7506
Car -1 -1 -1.6296 1155.6824 795.0381 1227.2644 870.2944 1.4531 1.7259 3.8314 6.0960 6.2215 39.9126 -1.4609 0.2508
Car -1 -1 1.1735 1815.6980 790.3870 1936.0000 873.2928 1.5072 1.7869 4.1302 23.5451 5.9699 38.1348 1.7531 0.2117
Car -1 -1 -1.4314 691.5772 789.1398 770.2391 856.7838 1.5312 1.7917 3.8206 -6.8899 6.6895 45.0541 -1.5737 0.1882
Car -1 -1 -1.6745 1150.2616 797.0786 1219.4730 863.6505 1.5354 1.8094 3.9355 6.9732 7.1736 46.9511 -1.5106 0.1720
