Pedestrian -1 -1 1.9230 440.0677 756.8924 489.8351 860.9999 1.7073 0.6352 0.6243 -8.5114 4.0006 25.6610 1.5996 0.5480
Pedestrian -1 -1 1.8420 512.5770 763.8605 556.2850 855.6824 1.6328 0.6400 0.6199 -7.9443 4.2497 27.8494 1.5641 0.4893
Pedestrian -1 -1 -3.2567 1737.0225 804.3949 1790.8251 914.5468 1.5275 0.6654 0.6658 12.1250 4.2935 22.6055 -2.7286 0.2438
Pedestrian -1 -1 -1.5349 1139.5416 745.1404 1181.6880 854.9298 1.6289 0.6193 0.5757 3.1056 3.5277 23.2748 -1.3829 0.2350
Cyclist -1 -1 -1.6508 1106.9165 777.5421 1136.4993 851.3598 1.9234 0.7427 1.9190 4.7075 6.5109 43.9698 -1.5284 0.3949
Cyclist -1 -1 -1.6279 973.8886 779.2819 999.9705 847.2861 1.9655 0.7642 1.9758 0.8279 7.1015 48.7520 -1.5975 0.2464
Car -1 -1 1.7819 637.2217 778.8362 742.1880 859.4191 1.5010 1.7853 3.7340 -6.6586 5.5076 37.0213 1.6110 0.8180
Car -1 -1 -1.2643 543.9404 792.8090 675.9757 885.4686 1.4127 1.6770 3.5641 -7.2851 5.1379 31.3319 -1.4885 0.3236
Car -1 -1 -1.6376 1151.4932 796.1830 1228.8641 876.8709 1.5567 1.8388 4.0734 6.0628 6.3771 39.9668 -1.4699 0.1931
Car -1 -1 1.0890 1822.8127 791.8760 1936.0000 871.1290 1.4230 1.7402 3.9652 23.5105 5.8518 37.6022 1.6746 0.1857
