Pedestrian -1 -1 1.7684 527.5215 770.4550 566.2625 859.4125 1.6736 0.6302 0.6015 -8.1734 4.5775 29.5122 1.4997 0.3661
Pedestrian -1 -1 1.8192 479.9989 763.5607 524.9357 860.9615 1.7067 0.6510 0.6492 -8.4359 4.2894 27.5135 1.5209 0.2797
Cyclist -1 -1 0.9519 1633.9877 658.3369 1936.0000 1216.0000 1.8015 0.7313 1.9126 3.1170 1.9413 5.2710 1.6320 0.7390
Cyclist -1 -1 -1.6423 1109.9910 782.4052 1138.3934 855.4838 1.8632 0.7115 1.9444 4.7169 6.5367 43.3832 -1.5182 0.3362
Cyclist -1 -1 1.5598 945.7909 799.1470 967.8737 860.3773 1.7993 0.7362 2.0774 -0.1487 7.8510 50.8980 1.5701 0.2241
Cyclist -1 -1 1.5108 975.1690 797.1261 1000.0511 859.8199 1.7535 0.7126 1.9854 0.8431 7.4360 48.3385 1.5419 0.2235
Cyclist -1 -1 1.6135 923.6319 797.7935 949.9152 860.8153 1.7726 0.7443 1.9928 -0.7878 7.5100 48.6154 1.6102 0.1901
Car -1 -1 1.7742 650.1776 777.6536 753.2619 857.1923 1.5307 1.8196 4.0104 -6.6418 5.6880 38.6587 1.6117 0.8335
Car -1 -1 1.1630 1804.8719 789.3625 1936.0000 868.1320 1.4701 1.7986 4.0672 23.8002 6.0025 39.0589 1.7363 0.2309
Car -1 -1 -1.3365 556.2111 784.0254 678.2775 876.7502 1.5596 1.8258 3.7078 -7.6157 5.3157 33.4315 -1.5555 0.2049
