Pedestrian -1 -1 1.9117 311.3980 728.4610 379.3913 858.1915 1.7491 0.6944 0.7161 -8.6995 3.2396 21.1450 1.5100 0.6194
Pedestrian -1 -1 1.8620 403.4842 753.8406 458.1855 867.7564 1.6721 0.6406 0.6396 -8.1700 3.6887 23.0511 1.5151 0.5466
Pedestrian -1 -1 0.5471 111.9223 780.2802 264.7749 973.1724 1.4472 0.7305 0.8615 -6.2935 2.7554 12.2115 0.0344 0.2464
Cyclist -1 -1 -1.6858 1090.9819 774.3506 1123.2137 850.1596 1.9180 0.7257 1.9232 4.1430 6.2709 42.5938 -1.5734 0.4909
Cyclist -1 -1 -1.6556 1012.7233 788.6945 1043.6681 860.9178 1.9929 0.8280 2.0850 2.0968 7.2664 47.0940 -1.5969 0.2400
Car -1 -1 -1.3445 585.2527 772.2109 707.9221 865.4045 1.5644 1.8220 3.8732 -6.9204 5.0339 33.2603 -1.5444 0.7355
Car -1 -1 -1.5408 918.4992 780.8979 1003.1545 866.3101 1.5680 1.9215 4.0588 0.0451 5.6524 37.0841 -1.5268 0.6074
Car -1 -1 -1.5627 721.9299 787.7716 779.5988 852.5322 1.6677 1.8890 4.1268 -7.2145 7.5175 51.5489 -1.6913 0.3163
Car -1 -1 -1.3983 483.5700 791.7834 607.9247 892.1757 1.3264 1.6260 3.4819 -7.5902 4.6071 27.5878 -1.6659 0.2687
Car -1 -1 -1.5475 711.0753 777.4626 775.5408 845.5057 1.6319 1.8762 3.8930 -6.8128 6.6393 47.0446 -1.6817 0.2626
Car -1 -1 -1.6338 1338.1516 783.3304 1422.6599 869.5836 1.4733 1.7475 3.7732 9.7691 5.4035 35.0613 -1.3405 0.2166
