Pedestrian -1 -1 1.9572 255.1728 724.0077 334.2460 867.3019 1.7760 0.6930 0.8216 -8.7033 3.1000 19.5517 1.5235 0.6801
Pedestrian -1 -1 1.8401 360.3501 737.2081 421.9143 861.4402 1.6965 0.6648 0.7220 -8.1991 3.3428 21.5274 1.4666 0.5156
Cyclist -1 -1 -1.6561 1092.3979 777.5809 1122.7838 854.5397 1.9138 0.7158 1.9695 4.1117 6.3165 42.1278 -1.5433 0.5034
Cyclist -1 -1 -1.5501 1006.9293 786.0608 1034.2410 857.9114 1.9412 0.7715 2.0619 1.8415 7.0341 46.2011 -1.4962 0.3085
Cyclist -1 -1 1.9483 254.2034 722.2395 335.4748 869.1822 1.8142 0.6972 0.8973 -8.6994 3.1171 19.5499 1.5148 0.1009
Car -1 -1 -1.5769 907.1380 775.3530 990.5886 861.1511 1.5522 1.9197 4.1852 -0.2887 5.4346 36.4942 -1.5724 0.6334
Car -1 -1 1.8448 561.4548 771.6411 695.3933 865.4075 1.4888 1.8017 3.7668 -6.9822 4.7930 31.7379 1.6325 0.6285
Car -1 -1 -1.5089 901.7833 778.1777 968.1815 844.3837 1.6118 1.8309 3.9660 -0.7984 6.7248 47.8515 -1.5130 0.3244
Car -1 -1 -1.5736 703.9918 780.8062 768.0813 850.9970 1.6138 1.8538 3.9313 -6.8647 6.5937 45.6894 -1.7133 0.2316
Car -1 -1 -1.3350 455.6591 775.5833 600.5896 883.6295 1.3956 1.6430 3.5884 -7.5130 4.2244 26.2451 -1.6146 0.2030
