Pedestrian -1 -1 1.8319 422.2722 754.1870 476.0582 863.8461 1.7375 0.6930 0.7037 -8.5400 3.9278 24.9584 1.4982 0.4586
Pedestrian -1 -1 1.8065 490.8922 763.1465 535.7808 857.3329 1.6275 0.6503 0.6393 -8.1328 4.1704 27.1689 1.5147 0.3954
Cyclist -1 -1 -1.6565 1101.9733 782.6376 1129.4025 852.6410 1.7881 0.6623 1.8681 4.4726 6.4655 43.3994 -1.5382 0.2044
Cyclist -1 -1 -1.6228 965.7675 781.1339 991.1454 847.7413 1.9029 0.7450 1.9567 0.5473 7.0572 48.3476 -1.5981 0.1994
Car -1 -1 1.7031 637.5649 779.1260 734.9562 863.1345 1.5414 1.8211 3.8177 -6.6533 5.5088 36.5241 1.5299 0.5852
Car -1 -1 1.2038 1869.8845 784.2490 1936.0000 868.1819 1.4469 1.7810 4.1488 23.8775 5.5696 36.4630 1.8114 0.3232
Car -1 -1 -1.2623 536.4300 798.9080 671.8661 892.1741 1.3741 1.6849 3.5979 -7.2861 5.1789 30.8378 -1.4903 0.2638
Car -1 -1 -1.4203 674.2078 788.7910 757.0946 858.4473 1.5268 1.8012 3.8639 -7.1424 6.5404 43.8130 -1.5729 0.2274
Car -1 -1 -1.6904 1142.8953 797.3372 1229.5137 878.5700 1.5477 1.8406 4.0203 5.8435 6.3095 39.2456 -1.5255 0.2237
Car -1 -1 -1.5841 918.3217 786.3751 974.9614 849.7714 1.6253 1.8340 3.9379 -0.4938 7.2805 50.3953 -1.5810 0.1978
