Pedestrian -1 -1 1.9599 280.3364 729.9584 353.0818 868.4435 1.7919 0.7024 0.6820 -8.7131 3.2382 20.2353 1.5402 0.5412
Pedestrian -1 -1 1.8794 385.2448 751.4937 441.5346 870.0479 1.6960 0.6403 0.6065 -8.1983 3.6188 22.3939 1.5210 0.5360
Pedestrian -1 -1 0.2492 118.5419 770.7685 233.5656 978.1990 1.4707 0.6487 0.6677 -6.0607 2.6388 11.5722 -0.2740 0.2730
Pedestrian -1 -1 3.3140 473.1939 802.1851 526.5432 889.4356 1.3215 0.6826 0.7336 -7.5842 4.2840 24.6037 3.0127 0.2389
Cyclist -1 -1 -1.6834 1089.3745 777.2803 1122.8550 852.6975 1.8995 0.7616 1.9794 4.1204 6.3469 42.6563 -1.5717 0.5501
Cyclist -1 -1 -1.6951 1004.9577 788.0759 1037.5784 859.2673 1.9362 0.7901 2.1124 1.8628 7.1512 46.7115 -1.6411 0.2326
Car -1 -1 -1.3049 570.0593 768.8871 702.3754 863.6747 1.5498 1.8272 3.9126 -6.9921 4.8775 32.5546 -1.5118 0.8102
Car -1 -1 -1.5432 915.2687 780.1019 997.9705 863.9001 1.5205 1.8698 4.0599 -0.0596 5.5588 36.8465 -1.5321 0.6600
Car -1 -1 -1.2869 467.1361 789.3021 614.1132 891.3006 1.3339 1.6313 3.4766 -7.4937 4.4882 26.9432 -1.5579 0.3706
Car -1 -1 -1.6239 1345.4342 778.3441 1429.8495 864.3581 1.4469 1.7498 3.7765 9.7768 5.1961 34.4940 -1.3258 0.2556
