Pedestrian -1 -1 2.0637 137.9265 731.3872 234.2849 899.7119 1.7185 0.6543 0.7492 -8.3452 2.8935 16.1233 1.5617 0.5943
Pedestrian -1 -1 1.9265 0.0000 709.8029 90.3409 912.8878 1.8013 0.7182 0.7976 -8.7599 2.6302 14.1291 1.3373 0.4676
Pedestrian -1 -1 -1.6258 739.0489 758.5049 769.1833 838.7661 1.7678 0.6601 0.6570 -4.7954 4.8933 34.5994 -1.7560 0.2195
Cyclist -1 -1 -1.7413 1081.0873 783.9887 1117.8301 860.4349 1.8318 0.7130 1.9112 3.7654 6.2840 40.8739 -1.6340 0.4750
Cyclist -1 -1 -1.6559 912.9268 788.7146 941.7111 857.8325 1.9488 0.7814 2.0561 -1.1051 7.3509 48.2539 -1.6661 0.1792
Cyclist -1 -1 -1.4814 919.9919 781.6790 950.5916 850.5580 1.7983 0.7185 1.9277 -0.7644 6.5723 44.5459 -1.4860 0.1650
Car -1 -1 1.8279 479.0316 755.6028 640.2701 869.8458 1.5738 1.8445 4.1697 -7.2622 4.1562 27.4601 1.5698 0.7506
Car -1 -1 -1.6338 893.1545 782.9174 979.0298 869.1059 1.4674 1.8020 3.9551 -0.6435 5.3765 34.9596 -1.6402 0.4829
Car -1 -1 -1.6043 1172.4288 795.5818 1251.2900 881.9402 1.5399 1.8258 3.9706 6.1736 6.0098 37.0639 -1.4214 0.1902
Car -1 -1 -1.4620 1083.0082 792.0580 1152.5664 855.9214 1.5643 1.8344 4.1345 5.3253 7.4554 50.4816 -1.3416 0.1881
