Pedestrian -1 -1 2.0612 100.6279 734.2391 199.9761 906.0978 1.6678 0.6414 0.7225 -8.3158 2.8179 15.3574 1.5376 0.6685
Pedestrian -1 -1 1.8917 0.0000 755.4701 79.2967 961.7976 1.7461 0.7038 0.8345 -8.6470 2.9928 13.7815 1.2976 0.4644
Cyclist -1 -1 -1.6879 1073.9276 788.3693 1104.1566 860.8123 1.7338 0.6384 1.8624 3.4897 6.3131 40.9549 -1.5876 0.3516
Cyclist -1 -1 1.3414 896.0219 798.6382 934.9808 868.0752 1.7469 0.7227 2.0590 -1.3631 7.0022 44.1478 1.3229 0.1988
Cyclist -1 -1 1.8861 0.0000 752.7005 81.1742 963.9677 1.7745 0.7153 0.9414 -8.6475 2.9992 13.7788 1.2919 0.1383
Car -1 -1 1.8496 464.9984 756.3010 630.3019 869.4858 1.5188 1.8110 3.9640 -7.2728 4.0391 26.6889 1.5832 0.8334
Car -1 -1 -1.5793 881.3860 786.1188 960.3939 875.1461 1.5399 1.7452 3.9123 -0.9376 5.5263 35.0006 -1.5942 0.2589
Car -1 -1 -1.6065 1175.4908 798.4457 1256.4973 887.7260 1.5425 1.8319 4.0548 6.1415 6.0043 36.3050 -1.4209 0.2488
Car -1 -1 -1.6737 1399.0548 804.4271 1512.0509 914.3979 1.4604 1.7651 3.9632 9.4918 5.1935 28.9619 -1.3320 0.2095
Car -1 -1 -1.5293 1087.7783 793.6211 1149.9652 857.7758 1.5516 1.8263 4.1253 5.2912 7.4206 49.8359 -1.4082 0.2053
Car -1 -1 -1.3293 437.4389 782.6487 567.6124 878.7140 1.5124 1.7803 3.7991 -9.6911 5.0790 31.8677 -1.6224 0.1901
Car -1 -1 -1.5085 1029.9497 792.1240 1094.5569 854.9268 1.5106 1.8323 4.1950 3.4140 7.3416 49.9372 -1.4256 0.1717
