Pedestrian -1 -1 2.0273 67.4478 711.1151 171.7727 900.9374 1.7849 0.6890 0.6490 -8.2810 2.6548 14.7355 1.4849 0.6698
Pedestrian -1 -1 -1.3594 730.3106 760.4818 763.3609 841.1754 1.7271 0.6187 0.5818 -4.7826 4.7814 33.3743 -1.4947 0.1900
Cyclist -1 -1 -1.6787 932.9222 782.7763 962.9397 853.4512 1.8929 0.7296 2.0159 -0.4178 6.8318 45.7421 -1.6750 0.2166
Cyclist -1 -1 -1.6947 1075.2172 782.1711 1108.1086 858.0646 1.8002 0.6804 1.9458 3.5218 6.1640 40.5140 -1.5926 0.2129
Car -1 -1 1.8303 453.8878 767.3171 620.3298 881.4937 1.4508 1.8053 4.0692 -7.3043 4.1365 26.1542 1.5572 0.8523
Car -1 -1 -1.7234 1404.9506 805.5007 1532.0906 916.8489 1.4237 1.7662 4.0201 9.4808 5.0906 28.2199 -1.3737 0.3171
Car -1 -1 -1.5611 1173.6062 801.7195 1253.5284 889.5272 1.4619 1.7670 4.0555 6.0819 5.9459 35.7624 -1.3745 0.2923
Car -1 -1 -1.6999 1192.9462 802.5787 1313.0818 915.3794 1.5313 1.8496 4.1214 5.5986 5.2461 29.1368 -1.4898 0.2037
Car -1 -1 -1.6255 684.6179 780.4941 763.9483 862.9507 1.5732 1.8322 3.8656 -6.1394 5.7907 38.4561 -1.7758 0.1809
Car -1 -1 -1.4583 599.3588 780.3259 691.2071 863.8121 1.5846 1.8251 3.9917 -7.9979 5.7648 38.1519 -1.6583 0.1574
