Pedestrian -1 -1 3.6184 102.6660 759.9409 211.6340 943.1524 1.5048 0.6507 0.6236 -7.0451 2.7208 13.1253 3.0913 0.3921
Pedestrian -1 -1 -0.2033 710.8305 909.3789 789.1074 1050.0665 1.7751 0.6656 0.9919 -3.0107 5.9141 21.2802 -0.3372 0.3031
Cyclist -1 -1 -1.6477 1081.4843 766.2791 1114.8943 844.1157 1.7708 0.7398 1.9319 3.5182 5.5074 38.5464 -1.5412 0.4654
Cyclist -1 -1 -1.4562 419.8367 770.8235 464.6071 865.4763 1.7802 0.6936 1.9407 -11.1961 5.0320 32.3018 -1.7888 0.4307
Cyclist -1 -1 -1.5212 996.7787 795.8339 1026.7433 868.0099 1.8458 0.7584 2.0086 1.5015 7.0154 44.1902 -1.4732 0.3683
Cyclist -1 -1 -0.2033 710.8305 909.3789 789.1074 1050.0665 1.7751 0.6656 0.9919 -3.0107 5.9141 21.2802 -0.3372 0.1519
Car -1 -1 1.9370 205.5485 760.4328 487.9391 933.5349 1.5040 1.8821 4.0274 -7.2978 3.3409 18.2280 1.5420 0.8206
Car -1 -1 -1.7011 1610.3368 775.9586 1790.9414 941.5217 1.5636 1.8111 3.8511 9.8175 3.8100 20.1163 -1.2092 0.5551
Car -1 -1 -1.6220 868.8307 779.6560 937.1927 850.9212 1.5715 1.8684 4.2114 -1.7834 6.4106 44.5880 -1.6501 0.4504
Car -1 -1 -1.6400 885.5123 771.0433 983.0264 868.0591 1.6254 1.9707 4.4128 -0.6866 5.1890 34.1888 -1.6482 0.4140
