Pedestrian -1 -1 3.5377 31.1834 764.4463 176.2714 943.3725 1.4027 0.7509 0.8730 -7.3477 2.6430 12.8509 2.9810 0.2924
Cyclist -1 -1 -1.5098 998.2639 797.7286 1025.4829 867.0198 1.7451 0.6495 1.9662 1.4882 6.9159 43.7284 -1.4618 0.5613
Cyclist -1 -1 -1.6207 1080.6580 770.3156 1113.6711 851.0880 1.8344 0.7800 1.9456 3.4904 5.6779 38.5322 -1.5149 0.4696
Cyclist -1 -1 -1.5323 409.8816 778.1333 449.7940 875.6622 1.7761 0.7166 1.9764 -11.2098 5.1201 31.5841 -1.8726 0.3130
Cyclist -1 -1 3.3303 0.0000 760.0195 141.4666 943.8517 1.4053 0.8074 1.0149 -7.6599 2.6155 12.8289 2.7537 0.1022
Car -1 -1 1.9275 185.3076 759.6208 473.7325 941.8743 1.5344 1.8632 4.0928 -7.3048 3.3234 17.7687 1.5221 0.8327
Car -1 -1 -1.5586 864.1259 783.2374 933.1313 854.1976 1.5401 1.9356 4.3181 -1.8071 6.4650 44.3382 -1.5874 0.7317
Car -1 -1 -1.6204 890.3080 769.8182 979.9385 863.0913 1.6041 1.9098 4.2439 -0.6676 5.1719 34.6439 -1.6278 0.6396
Car -1 -1 -1.7834 1102.3402 790.7194 1187.8857 861.0967 1.6079 1.8523 4.1856 5.6572 7.0018 46.4879 -1.6465 0.2946
Car -1 -1 -1.3882 475.7970 791.8463 576.7120 874.0725 1.4647 1.7039 3.3089 -10.2342 5.6076 35.3826 -1.6658 0.2127
