Pedestrian -1 -1 1.7142 553.5676 767.0643 577.0422 824.3797 1.8543 0.6772 0.6444 -13.3708 6.6899 50.5086 1.4629 0.2112
Pedestrian -1 -1 0.1443 432.9990 792.5392 476.8389 875.5692 1.3380 0.6135 0.6392 -8.7692 4.2835 25.9146 -0.1846 0.2034
Cyclist -1 -1 0.0084 699.1741 756.8635 874.9283 921.5220 1.7861 0.8353 2.0033 -2.0365 3.3829 17.5750 -0.1045 0.5458
Cyclist -1 -1 -1.6459 1119.6871 771.5826 1159.6022 861.3672 1.8970 0.8368 2.0394 4.2855 5.5350 36.0465 -1.5109 0.4860
Cyclist -1 -1 3.1611 507.0086 763.7214 569.2891 826.1421 1.9342 0.8205 1.9756 -14.0860 6.6197 49.8320 2.8927 0.3608
Car -1 -1 -1.7120 883.1233 772.8216 964.3925 845.5184 1.6441 1.9205 4.1199 -1.1774 6.3005 44.8910 -1.7260 0.3633
Car -1 -1 -1.5432 872.7937 768.6870 964.8637 867.1783 1.7157 1.9505 4.3119 -0.9146 5.2461 34.5495 -1.5580 0.2785
Car -1 -1 -1.5999 1243.8818 782.8200 1329.2104 877.9972 1.6543 1.8749 4.1930 7.7329 5.6588 35.6786 -1.3669 0.2340
Car -1 -1 -1.8906 1559.4263 805.4616 1685.5881 890.3267 1.6297 1.9374 4.4037 17.9459 6.8345 40.8063 -1.4534 0.1965
Car -1 -1 0.6786 0.0000 774.1518 148.6499 993.9819 1.6444 1.8541 4.3460 -9.9494 3.0733 13.3848 0.0024 0.1852
