Pedestrian -1 -1 1.7111 549.1929 768.8867 572.1880 824.0546 1.7578 0.6533 0.6419 -13.3540 6.5932 49.8640 1.4567 0.2548
Pedestrian -1 -1 1.5052 503.2083 764.5768 526.3716 823.8547 1.8319 0.6826 0.7468 -14.5974 6.4418 48.8872 1.2216 0.2282
Pedestrian -1 -1 1.6673 525.9437 766.8665 548.4695 822.9935 1.7593 0.6468 0.6814 -13.9615 6.4715 49.2455 1.3979 0.2021
Cyclist -1 -1 -1.7180 1117.4714 772.3260 1164.1299 861.9579 1.8821 0.8510 2.0197 4.2766 5.5070 35.7549 -1.5823 0.6061
Cyclist -1 -1 -0.0246 712.9118 749.4229 888.6840 918.9290 1.7867 0.7641 1.9438 -1.8262 3.2448 17.0075 -0.1291 0.4953
Cyclist -1 -1 -1.1145 150.9757 730.9296 375.7857 1019.6057 1.6705 0.6753 1.9586 -4.7622 2.4752 10.3634 -1.5898 0.1796
Car -1 -1 -1.6472 887.4012 773.5388 963.6457 848.0992 1.6533 1.9793 4.2861 -1.1098 6.2719 44.2449 -1.6601 0.4325
Car -1 -1 -1.4796 854.9257 770.1967 952.4438 860.9995 1.5668 1.8415 4.1143 -1.2705 5.1417 34.6807 -1.5050 0.3916
Car -1 -1 0.3572 339.1208 783.7650 521.6529 850.8380 1.7705 1.9253 4.8438 -16.0297 6.6921 45.3107 0.0226 0.2381
Car -1 -1 -1.7407 1183.4458 787.0931 1287.5739 878.8221 1.5974 1.8237 4.0867 6.4242 5.6639 35.4251 -1.5427 0.1780
