Pedestrian -1 -1 -0.3815 713.1065 778.8253 785.4011 916.7377 1.5861 0.5766 0.7279 -2.6376 3.5442 18.5926 -0.5210 0.2517
Pedestrian -1 -1 -3.2646 1209.9900 810.0678 1233.7023 880.2625 1.7167 0.6078 0.5420 6.7217 6.5350 38.5914 -3.0743 0.2336
Pedestrian -1 -1 1.6977 552.7190 799.3201 573.8056 852.9444 1.7655 0.6321 0.5760 -13.7507 7.8305 51.6748 1.4461 0.2151
Pedestrian -1 -1 -0.1358 447.2324 797.8521 495.5414 879.8967 1.3482 0.6431 0.7459 -8.8253 4.5156 26.9346 -0.4538 0.1907
Pedestrian -1 -1 3.2550 500.1433 778.5579 554.5726 838.2903 1.8997 0.7916 1.6924 -14.7290 7.1732 50.7961 2.9802 0.1032
Cyclist -1 -1 -1.6944 1103.7869 775.6507 1145.2662 863.6110 1.8668 0.7882 1.9695 3.9273 5.6054 36.1009 -1.5698 0.5193
Cyclist -1 -1 -0.3398 700.9827 772.9955 829.2172 919.6151 1.6434 0.6627 1.4470 -2.4439 3.5510 18.6408 -0.4680 0.1959
Cyclist -1 -1 3.2550 500.1433 778.5579 554.5726 838.2903 1.8997 0.7916 1.6924 -14.7290 7.1732 50.7961 2.9802 0.1839
Car -1 -1 -1.6136 866.7801 773.0920 955.4528 867.2967 1.5740 1.8670 4.1392 -1.1932 5.1350 33.8072 -1.6375 0.3483
Car -1 -1 -1.5475 847.0824 771.3437 916.4996 844.5493 1.6493 1.9045 4.2221 -2.3067 6.1988 44.3304 -1.5880 0.3451
Car -1 -1 -1.5470 1206.5626 776.3806 1287.9050 864.8069 1.6306 1.8070 3.9649 7.1289 5.5987 37.0368 -1.3381 0.1941
Car -1 -1 -1.8656 1568.4830 823.3066 1731.6115 940.5405 1.6089 1.9448 4.2548 13.8847 5.9432 30.4135 -1.4103 0.1773
