Pedestrian -1 -1 1.6273 432.8980 771.1360 459.4562 835.9463 1.7331 0.6706 0.6389 -14.5254 5.8968 42.1815 1.3000 0.3170
Pedestrian -1 -1 1.6207 459.6243 771.9305 485.6056 836.7231 1.7438 0.6666 0.6590 -13.8798 5.9610 42.4880 1.3098 0.2262
Pedestrian -1 -1 0.2315 79.5901 746.2120 164.4307 922.7766 1.6646 0.6117 0.6324 -8.4175 2.9144 15.0185 -0.3078 0.2246
Pedestrian -1 -1 1.5971 490.5179 776.0488 515.1710 840.5155 1.7645 0.6605 0.6382 -13.2324 6.1684 43.1770 1.3052 0.1939
Cyclist -1 -1 -1.7071 1137.8961 769.5851 1179.0687 854.5967 1.7120 0.7160 1.8897 4.5096 5.1220 34.2956 -1.5592 0.5299
Car -1 -1 -1.5014 866.6744 772.5599 962.8923 864.9177 1.5422 1.8386 4.0998 -0.9853 5.0829 33.7638 -1.5191 0.5566
Car -1 -1 -1.5362 852.9961 779.2238 927.6772 853.2738 1.6386 2.0021 4.2927 -2.0423 6.4198 44.1851 -1.5706 0.4876
Car -1 -1 -1.5130 364.9986 773.8860 440.3029 845.2872 1.5966 1.8508 3.8167 -16.4863 6.2164 44.2761 -1.8650 0.3144
Car -1 -1 0.2900 316.6579 774.0797 483.8170 838.3386 1.4736 1.7627 3.8354 -14.9343 5.5598 39.9577 -0.0647 0.2089
Car -1 -1 2.2681 0.0000 748.8807 127.9765 944.2966 1.5332 1.8751 4.2871 -11.5554 3.1025 16.7271 1.6372 0.1954
