Pedestrian -1 -1 -1.5678 755.5860 757.2649 814.9592 925.4299 1.7006 0.6198 0.6472 -1.8859 3.1520 16.0413 -1.6840 0.3605
Pedestrian -1 -1 1.5668 529.0319 774.0280 550.1552 831.8574 1.7729 0.6521 0.6374 -13.6111 6.6265 48.2768 1.2989 0.2721
Pedestrian -1 -1 -0.4339 328.2880 794.0410 402.6015 887.1674 1.2740 0.6488 0.8652 -9.1409 3.9304 22.9486 -0.8204 0.2431
Pedestrian -1 -1 1.5566 499.8298 774.1135 521.4367 832.6431 1.7568 0.6497 0.6352 -14.2620 6.5187 47.3243 1.2703 0.2381
Pedestrian -1 -1 1.4684 473.7596 773.6076 497.2315 833.7098 1.7853 0.6426 0.6512 -14.9398 6.4969 46.9546 1.1664 0.1897
Cyclist -1 -1 -1.7561 1119.5493 775.1137 1163.3253 860.9001 1.7783 0.7165 1.9152 4.2493 5.4306 35.3854 -1.6199 0.5192
Car -1 -1 -1.6049 878.5635 775.4467 963.6295 865.5026 1.5370 1.8586 4.1614 -0.9821 5.2497 34.7543 -1.6216 0.4435
Car -1 -1 -1.4961 405.4974 776.1323 478.0190 843.6793 1.5351 1.7697 3.7144 -15.6011 6.2953 45.0503 -1.8244 0.4284
Car -1 -1 -1.7048 868.2444 776.8397 947.4844 846.5905 1.5580 1.8993 4.2790 -1.6779 6.4135 45.5256 -1.7297 0.3343
Car -1 -1 -1.5522 611.7905 777.2949 672.4968 841.5491 1.6491 1.9058 4.0707 -10.8112 7.0545 50.8690 -1.7529 0.1866
