Pedestrian -1 -1 1.6049 429.3929 773.0504 455.3701 837.5821 1.7102 0.6632 0.6243 -14.5151 5.8947 41.8430 1.2752 0.3065
Pedestrian -1 -1 1.5757 494.7850 785.6103 519.6290 851.0771 1.7703 0.6734 0.6298 -12.9869 6.4107 42.7832 1.2867 0.2732
Pedestrian -1 -1 1.5288 455.3470 775.1582 480.5811 839.7242 1.7160 0.6510 0.6470 -13.8899 5.9883 42.1026 1.2148 0.2426
Pedestrian -1 -1 0.3244 58.9724 769.0220 154.0752 935.4714 1.5177 0.6377 0.6533 -8.3801 2.9697 14.6831 -0.2237 0.2320
Cyclist -1 -1 -1.6978 1138.5371 765.8564 1181.2443 852.9135 1.7480 0.7601 1.9108 4.5166 5.0540 34.1107 -1.5489 0.4870
Car -1 -1 -1.5207 869.3593 773.6913 961.7098 863.2149 1.5022 1.8447 4.0577 -0.9780 5.0891 33.9925 -1.5379 0.6204
Car -1 -1 -2.8649 440.2928 787.2239 622.2766 857.5647 2.0454 2.1119 5.4135 -14.1694 7.5348 49.5006 -3.1360 0.3576
Car -1 -1 -1.5682 867.8388 778.1730 935.5193 850.9771 1.6513 1.9495 4.3048 -1.7700 6.5128 45.2563 -1.5954 0.2908
Car -1 -1 -1.4967 360.9876 772.3248 436.8509 841.5700 1.5390 1.7973 3.7215 -16.4740 6.0722 43.9468 -1.8511 0.2842
Car -1 -1 -1.3863 297.9579 767.7550 415.0946 859.1865 1.7068 1.9399 4.3974 -15.1096 5.5219 37.5914 -1.7665 0.2323
