Pedestrian -1 -1 1.6859 384.6274 763.2103 418.3774 843.2262 1.7881 0.6714 0.6673 -13.1787 5.0829 35.2202 1.3291 0.3513
Pedestrian -1 -1 1.7116 426.7189 766.2452 459.0005 844.3492 1.7942 0.6486 0.6678 -12.5281 5.2480 36.1520 1.3804 0.2604
Pedestrian -1 -1 0.1881 318.4462 758.7025 358.2360 831.4460 1.5507 0.7069 0.7120 -14.0906 4.6161 33.8407 -0.2074 0.2472
Pedestrian -1 -1 1.5345 1121.2709 776.9652 1141.2379 828.6187 1.6386 0.6476 0.6236 5.6565 6.7356 49.7847 1.6631 0.2403
Cyclist -1 -1 -1.6819 1153.9315 765.1412 1195.5038 854.6113 1.6834 0.7087 1.9246 4.5798 4.7933 32.1828 -1.5227 0.5555
Cyclist -1 -1 -1.7807 1560.6991 852.2843 1619.7008 961.5317 1.7931 0.7307 2.0564 12.6512 6.5394 30.1330 -1.3574 0.2279
Car -1 -1 -1.4637 855.8077 776.7999 955.6594 864.2974 1.4533 1.8036 3.8498 -1.1919 5.0841 33.7520 -1.4878 0.6833
Car -1 -1 -1.6706 847.4093 774.5508 923.7375 847.5973 1.6487 1.9268 4.1526 -2.3228 6.3630 44.9189 -1.7107 0.3671
Car -1 -1 -1.4320 238.6764 756.0971 349.6303 845.2870 1.5791 1.8326 4.1244 -15.6584 4.8710 35.2869 -1.8502 0.2415
Car -1 -1 -1.3281 70.4142 778.3943 201.4073 866.5676 1.5752 1.8696 4.1838 -20.2409 5.5902 36.8539 -1.8307 0.1865
