Pedestrian -1 -1 1.5693 366.3353 754.4788 398.0682 834.2517 1.7104 0.6644 0.6611 -13.1203 4.6838 33.8856 1.1998 0.5062
Pedestrian -1 -1 1.6395 407.0401 757.5319 439.2690 836.9886 1.7453 0.6579 0.6452 -12.4400 4.8481 34.5838 1.2952 0.3359
Pedestrian -1 -1 1.5939 982.9363 796.1720 1002.7730 849.9225 1.7719 0.6641 0.6649 1.0978 7.7546 51.8860 1.6288 0.3329
Pedestrian -1 -1 1.5385 1134.1929 793.7829 1156.1847 853.8607 1.8351 0.6915 0.6707 5.9166 7.3125 48.1310 1.6766 0.2824
Cyclist -1 -1 -1.6486 1169.7764 766.7689 1214.1240 858.4890 1.7047 0.8204 1.8939 4.8922 4.8155 31.8100 -1.4776 0.5228
Car -1 -1 -1.5744 860.4291 775.9036 953.4000 869.9881 1.5216 1.9351 4.2665 -1.1912 5.1000 33.2779 -1.5989 0.7734
Car -1 -1 -1.6280 856.5414 773.7898 932.5726 851.7787 1.7157 2.0250 4.3797 -2.0094 6.3079 43.8509 -1.6621 0.3430
Car -1 -1 -1.4394 211.9279 760.5445 329.2071 857.4232 1.6312 1.8718 4.2649 -15.6002 4.9226 33.9731 -1.8710 0.2827
Car -1 -1 -1.2850 36.8574 763.1008 175.8294 848.5245 1.5058 1.8037 4.0403 -20.2331 4.9938 35.5690 -1.8043 0.2824
Car -1 -1 -2.0229 1544.8081 822.5953 1729.9990 934.2341 1.5409 1.8612 4.0091 13.3319 5.7409 29.7616 -1.5745 0.2212
