Pedestrian -1 -1 1.1681 493.1188 770.7070 516.7402 824.3936 1.7070 0.5895 0.5534 -15.2968 6.6336 50.1280 0.8786 0.2834
Pedestrian -1 -1 1.8165 272.4938 760.9523 319.8973 858.1998 1.7120 0.6636 0.6742 -12.3614 4.2776 27.8094 1.3935 0.2803
Pedestrian -1 -1 -1.4680 513.7416 771.7095 537.8908 834.4312 1.9142 0.6703 0.7037 -13.9555 6.6601 47.9381 -1.7446 0.2790
Pedestrian -1 -1 1.8542 212.2586 758.9690 261.9690 857.1214 1.6692 0.6421 0.6840 -13.0176 4.1157 26.8962 1.3969 0.2259
Pedestrian -1 -1 1.4486 1142.0609 798.8693 1171.1931 865.5801 1.6916 0.6863 1.1179 5.4085 6.5790 41.4450 1.5949 0.2243
Cyclist -1 -1 -1.7269 1171.5131 764.8530 1229.0208 869.3965 1.7673 0.8369 1.9639 4.6033 4.5669 28.9235 -1.5499 0.5662
Cyclist -1 -1 1.5708 968.0079 785.5353 993.4153 853.9726 1.7954 0.7356 1.9567 0.5913 6.7199 44.8569 1.5973 0.4873
Car -1 -1 1.4551 646.3502 786.9919 710.7335 848.4528 1.5639 1.7668 3.9066 -9.7501 7.3643 51.3883 1.2770 0.4978
Car -1 -1 -1.5537 821.3434 765.8991 912.5086 863.8862 1.5834 1.8192 3.8952 -1.9510 4.7715 31.8348 -1.6049 0.4822
Car -1 -1 -1.6721 786.3635 775.1913 860.8214 846.6458 1.5844 1.8392 4.0893 -4.1428 6.2756 44.5006 -1.7544 0.4093
Car -1 -1 -1.3098 16.3459 757.5199 191.1095 871.3889 1.5486 1.8450 3.9386 -15.6260 4.1745 27.4684 -1.8347 0.3341
Car -1 -1 -1.6242 1320.5182 791.6724 1390.9884 865.5450 1.5462 1.8088 3.7868 11.1858 6.5239 42.5880 -1.3480 0.2694
