Pedestrian -1 -1 1.5491 1152.0967 793.8436 1175.7235 858.6086 1.7172 0.6530 0.6952 5.6965 6.5121 42.0561 1.7002 0.5636
Pedestrian -1 -1 1.7178 240.6076 755.4669 284.6203 851.2854 1.6848 0.6553 0.6607 -12.9946 4.1504 27.8278 1.2754 0.4333
Pedestrian -1 -1 1.7663 288.8525 756.7018 332.8353 851.7610 1.7135 0.6487 0.6917 -12.3879 4.2610 28.4961 1.3521 0.3184
Pedestrian -1 -1 -1.5552 508.6274 775.7748 530.2966 835.2612 1.8315 0.6579 0.5820 -14.2585 6.7388 48.2722 -1.8356 0.2833
Cyclist -1 -1 1.6061 973.6910 783.3580 1002.0408 850.5215 1.7956 0.7717 1.9709 0.8226 6.7502 45.7501 1.6375 0.6408
Cyclist -1 -1 -1.7206 1174.0540 764.8414 1223.3560 863.8422 1.6953 0.7124 1.8752 4.6255 4.5194 29.2320 -1.5447 0.6102
Car -1 -1 -1.5599 821.3185 770.6599 910.7158 864.0703 1.4988 1.8039 3.9000 -2.0050 4.8287 32.1778 -1.6121 0.7519
Car -1 -1 -1.7786 791.3391 772.4035 888.5300 850.5515 1.6962 2.0113 4.4726 -3.6348 6.2804 44.0484 -1.8501 0.3910
Car -1 -1 1.2589 1667.0680 814.9066 1780.7604 892.3805 1.5880 1.8465 4.1527 22.1995 7.4205 43.6958 1.7517 0.2643
Car -1 -1 -1.2517 52.2489 766.9235 226.9080 871.0021 1.4163 1.7549 3.8798 -15.3004 4.2783 28.0663 -1.7575 0.2367
Car -1 -1 -1.5064 971.6178 780.9056 1127.0668 932.7426 1.4511 1.8304 4.1599 1.3358 3.8683 20.9810 -1.4269 0.2305
