Pedestrian -1 -1 1.6714 358.1914 763.0608 395.1094 847.1508 1.6807 0.6645 0.6688 -12.3697 4.6433 31.6548 1.2979 0.4158
Pedestrian -1 -1 1.6258 318.9931 761.8121 355.0924 848.3484 1.6759 0.6502 0.6486 -12.8046 4.5235 30.6881 1.2283 0.3574
Pedestrian -1 -1 1.5327 1140.0929 777.1308 1162.5188 836.0192 1.6832 0.6547 0.6585 5.7126 6.2985 44.9763 1.6751 0.3069
Pedestrian -1 -1 1.7150 282.6021 761.1051 321.5064 848.2960 1.6807 0.6435 0.6159 -13.3991 4.4852 30.4079 1.2970 0.2842
Pedestrian -1 -1 -1.5528 556.5729 766.8528 576.1328 820.3131 1.7339 0.6275 0.6050 -13.4169 6.5923 50.8159 -1.8036 0.2615
Cyclist -1 -1 -1.7090 1176.0669 764.5795 1224.8990 860.4341 1.7176 0.7644 1.8916 4.8717 4.6611 30.5540 -1.5321 0.6420
Cyclist -1 -1 -1.7098 1614.2510 842.8100 1668.0597 954.7167 1.7177 0.7070 1.9081 12.6801 5.9359 27.9313 -1.2556 0.5272
Cyclist -1 -1 1.5190 983.4496 789.7665 1008.7428 851.1978 1.7684 0.7581 1.8654 1.1338 7.2767 49.0249 1.5558 0.4824
Car -1 -1 -1.5646 856.8307 768.4449 945.2465 862.1956 1.5794 1.8499 3.9406 -1.3036 4.9648 33.2783 -1.5927 0.6058
Car -1 -1 1.7852 0.0000 777.9759 110.2112 866.0061 1.3700 1.7477 4.0253 -20.2248 4.9796 33.0742 1.2328 0.5963
Car -1 -1 -1.6303 835.9077 772.3094 911.0508 848.3309 1.6928 2.0127 4.3309 -2.6539 6.2856 44.3316 -1.6787 0.4835
Car -1 -1 -0.3276 1646.8146 825.7532 1812.5907 892.9062 1.6308 1.8913 4.0766 23.1588 7.8737 45.2074 0.1680 0.2912
