Pedestrian -1 -1 1.5949 353.5395 764.8942 386.4506 845.7916 1.6968 0.6647 0.6405 -13.1300 4.8456 33.2201 1.2183 0.4241
Pedestrian -1 -1 1.5912 396.6956 764.1711 428.7501 845.6689 1.7451 0.6681 0.6696 -12.4304 4.9419 33.9004 1.2405 0.3728
Pedestrian -1 -1 1.5256 1129.6309 789.0876 1151.9663 850.7245 1.8607 0.6845 0.6875 5.7002 7.1175 47.5064 1.6608 0.3121
Pedestrian -1 -1 -1.5601 563.2605 776.8850 583.6594 835.6869 1.9448 0.6721 0.6051 -13.4198 7.2431 51.7588 -1.8057 0.2451
Cyclist -1 -1 -1.6654 1171.5826 768.6960 1216.3916 860.5728 1.6862 0.7886 1.9282 4.8935 4.8145 31.5422 -1.4931 0.5270
Cyclist -1 -1 1.4998 972.8637 784.5211 998.1758 847.4677 1.9034 0.7554 2.0366 0.8264 7.5099 51.4924 1.5294 0.3261
Car -1 -1 -1.6024 864.4619 772.1661 954.5312 867.0562 1.5497 1.8605 4.0426 -1.1820 4.9955 32.9201 -1.6271 0.7833
Car -1 -1 1.7910 36.3117 776.4789 166.7678 865.4853 1.5177 1.8177 4.1004 -20.2052 5.3231 35.3151 1.2696 0.4209
Car -1 -1 -0.2194 1617.6644 834.1921 1767.0516 897.7780 1.5568 1.8155 3.9411 22.9326 8.3343 47.0502 0.2555 0.2822
Car -1 -1 1.0620 1542.4913 830.4912 1743.9939 946.3310 1.5448 1.9362 4.0607 13.2823 5.8754 29.4176 1.5135 0.2471
Car -1 -1 -1.4592 214.0838 759.8223 327.5457 858.1489 1.6463 1.8544 4.1597 -15.3919 4.8754 33.5237 -1.8910 0.2406
Car -1 -1 -1.6161 849.1705 773.1748 918.3473 843.9461 1.5717 1.9128 4.2290 -2.3573 6.2086 44.5757 -1.6575 0.2367
