Pedestrian -1 -1 1.5498 986.4367 792.1782 1006.9650 848.1213 1.7115 0.6582 0.7355 1.1430 7.1623 48.3557 1.5871 0.4284
Pedestrian -1 -1 1.7746 268.6437 761.2250 309.8996 845.7573 1.5932 0.6399 0.6099 -13.3593 4.3380 29.7410 1.3487 0.3562
Pedestrian -1 -1 1.5934 1144.2531 767.1985 1166.7977 823.9963 1.6012 0.6390 0.6302 5.7624 5.8557 44.3471 1.7388 0.3412
Pedestrian -1 -1 1.7017 343.3304 761.8717 381.0849 846.1096 1.6504 0.6480 0.6453 -12.4014 4.5231 30.9704 1.3191 0.3224
Pedestrian -1 -1 1.6522 305.3270 760.1326 342.5250 844.6207 1.5986 0.6377 0.6551 -12.7920 4.3513 30.0272 1.2464 0.2859
Pedestrian -1 -1 -1.5347 544.9631 772.5554 565.3237 826.1009 1.7159 0.6353 0.5711 -13.6291 6.7064 50.1944 -1.7926 0.2728
Pedestrian -1 -1 1.8594 459.5389 787.3427 489.1792 852.5219 1.8217 0.6689 0.6349 -14.2375 6.6080 43.7378 1.5504 0.2288
Cyclist -1 -1 -1.6812 1181.4211 758.5500 1228.4232 853.3895 1.6701 0.7610 1.9059 4.8833 4.4446 30.0666 -1.5012 0.5545
Car -1 -1 -1.5472 849.5592 767.5882 939.4164 862.3356 1.5642 1.8148 3.9157 -1.3957 4.8598 32.5742 -1.5792 0.7124
Car -1 -1 -1.7353 805.0528 770.9371 888.3241 840.6182 1.5652 1.8917 4.2123 -3.5267 6.2164 45.3613 -1.8020 0.3642
Car -1 -1 -1.6693 1229.6903 773.3519 1312.6400 850.3286 1.4436 1.7466 3.7782 7.7518 5.3802 37.6736 -1.4474 0.2457
Car -1 -1 -0.3313 1659.0353 835.9323 1820.5708 901.5416 1.5562 1.7898 3.9016 23.0904 8.0041 44.4798 0.1699 0.2457
Car -1 -1 1.9510 0.0000 774.3231 95.4074 871.2380 1.5092 1.7993 4.0957 -20.4005 4.9437 32.1922 1.3819 0.2378
