Pedestrian -1 -1 1.6395 378.2753 771.1953 413.7867 856.3167 1.7336 0.6737 0.6449 -12.1875 4.9290 32.2574 1.2783 0.4317
Pedestrian -1 -1 1.5906 337.3409 762.6312 372.2979 848.3185 1.7056 0.6723 0.6856 -12.8190 4.6587 31.6235 1.2042 0.3791
Pedestrian -1 -1 1.6848 302.5959 757.8205 340.1161 844.1107 1.7135 0.6553 0.6404 -13.4025 4.5342 31.3332 1.2784 0.3163
Pedestrian -1 -1 -1.5591 558.5345 770.9033 579.2063 828.1968 1.8623 0.6702 0.6794 -13.4063 6.8916 51.1030 -1.8080 0.2413
Cyclist -1 -1 -1.6688 1179.6793 770.5159 1225.7164 867.4144 1.7322 0.7831 1.8837 4.9284 4.8084 30.6209 -1.4904 0.6479
Cyclist -1 -1 -1.7955 1596.2554 837.2869 1659.9323 950.0996 1.7705 0.7294 2.0014 12.6875 5.9688 28.5044 -1.3492 0.5391
Cyclist -1 -1 1.4894 981.9310 782.7162 1008.1832 844.3054 1.7951 0.7406 1.9523 1.1135 7.1408 49.6625 1.5254 0.4442
Car -1 -1 -1.6209 859.1707 767.9117 959.7352 868.4166 1.5665 1.9779 4.4587 -1.1861 4.8605 32.1465 -1.6468 0.8264
Car -1 -1 1.8304 0.0000 777.4133 136.3796 864.6167 1.4003 1.7437 4.0344 -20.1361 5.0717 33.8187 1.2904 0.4926
Car -1 -1 -1.7767 524.5964 791.4473 633.8981 879.1736 1.4599 1.7416 3.8412 -8.9897 5.5924 34.9983 -2.0234 0.3456
Car -1 -1 -0.2717 1640.4221 830.6058 1803.4039 897.0538 1.6024 1.8547 4.1168 23.2188 8.0878 45.7947 0.2194 0.3388
Car -1 -1 -1.6796 827.9276 773.1702 904.0369 844.1111 1.6035 1.8970 4.1731 -2.9326 6.3107 45.2634 -1.7331 0.2898
