Pedestrian -1 -1 1.5704 1147.4486 780.4616 1170.2516 843.1043 1.7322 0.6492 0.6882 5.7715 6.3151 43.6678 1.7181 0.4265
Pedestrian -1 -1 1.7232 277.7414 765.7552 319.2111 854.3091 1.6384 0.6539 0.6578 -13.0057 4.4417 29.3575 1.3026 0.3918
Pedestrian -1 -1 1.6835 326.3438 765.3455 364.8122 853.7134 1.6783 0.6477 0.6507 -12.3802 4.5414 30.0831 1.2908 0.3683
Pedestrian -1 -1 -1.5092 537.2502 772.7856 558.0573 827.1033 1.7198 0.6267 0.5737 -13.7060 6.6552 49.5635 -1.7719 0.3101
Cyclist -1 -1 -1.6776 1174.1447 760.4585 1221.4299 859.9114 1.7417 0.7649 1.9495 4.7147 4.5436 29.9107 -1.5024 0.6414
Cyclist -1 -1 1.5504 977.6672 782.3610 1001.8451 847.3844 1.8079 0.7501 1.9807 0.8957 6.9028 47.3924 1.5828 0.5527
Car -1 -1 -1.5917 843.9906 770.6100 936.2467 866.3547 1.5332 1.8777 4.1480 -1.5692 4.9110 32.5412 -1.6292 0.6496
Car -1 -1 -1.3527 106.8347 766.1873 249.3251 864.6947 1.4276 1.7316 3.7618 -15.3914 4.4148 29.5750 -1.8376 0.2988
Car -1 -1 -1.6735 815.6839 773.4332 891.9307 844.8458 1.6024 1.9078 4.1347 -3.2736 6.2789 44.8867 -1.7353 0.2931
Car -1 -1 1.9052 0.0000 772.2316 83.7718 875.2099 1.5551 1.8913 4.4010 -20.3832 4.9117 31.7074 1.3292 0.2864
