Pedestrian -1 -1 1.6896 256.6283 758.0665 298.0199 850.0155 1.6490 0.6436 0.6756 -13.0100 4.2208 28.4594 1.2560 0.4996
Pedestrian -1 -1 -1.5152 531.4747 772.0073 552.5164 826.2646 1.6903 0.6261 0.6021 -13.7076 6.5362 48.9011 -1.7816 0.3708
Pedestrian -1 -1 1.6081 1150.3948 780.4805 1175.1942 846.2419 1.7595 0.6587 0.7506 5.7266 6.2235 42.4777 1.7585 0.3432
Pedestrian -1 -1 1.7385 303.3326 759.7725 345.2558 852.5190 1.7051 0.6451 0.7004 -12.3982 4.3692 29.1217 1.3326 0.3232
Cyclist -1 -1 -1.7093 1170.3151 762.7091 1224.1562 862.5102 1.7264 0.8245 1.9501 4.6513 4.5445 29.5913 -1.5345 0.6728
Cyclist -1 -1 1.6093 974.9419 785.5603 1002.3939 851.7216 1.7874 0.7482 1.9648 0.8568 6.8691 46.2946 1.6413 0.5905
Car -1 -1 -1.5247 826.8533 773.8860 917.1288 862.2020 1.4212 1.7444 3.9527 -1.8934 4.8775 32.7151 -1.5722 0.6631
Car -1 -1 -1.3124 82.3537 761.8246 240.7677 863.8595 1.4464 1.7749 3.9132 -15.3811 4.2923 28.9717 -1.8063 0.3880
Car -1 -1 -1.7097 811.4428 770.3092 893.6068 844.4932 1.6580 1.9127 4.0979 -3.2672 6.1739 44.2439 -1.7725 0.3055
Car -1 -1 -1.5442 1317.8425 786.9644 1388.3307 859.5740 1.5629 1.8169 3.8698 11.5025 6.5348 43.7606 -1.2679 0.2444
