Pedestrian -1 -1 1.6511 10.6437 762.7893 70.1873 890.2001 1.6684 0.6699 0.7006 -12.9577 3.6531 21.0584 1.0838 0.5333
Pedestrian -1 -1 1.8195 80.5742 764.6084 144.9012 888.2316 1.6717 0.6563 0.7418 -12.2923 3.7390 21.6811 1.2899 0.5319
Pedestrian -1 -1 1.5832 1168.8030 825.3268 1198.9823 903.5564 1.7222 0.6839 0.6340 5.2431 6.4904 35.2042 1.7487 0.4835
Pedestrian -1 -1 1.7664 426.9363 777.2675 452.7488 836.6430 1.6869 0.6279 0.5434 -15.4773 6.2422 44.3968 1.4359 0.3915
Pedestrian -1 -1 -1.5016 451.7092 777.1043 473.8562 836.6032 1.6576 0.5744 0.5701 -14.5917 6.1491 43.7829 -1.8182 0.3762
Pedestrian -1 -1 1.5346 962.8865 789.9822 988.6041 860.3721 1.6985 0.6371 0.6188 0.3639 5.9138 37.8711 1.5573 0.3144
Cyclist -1 -1 -1.7891 1161.1515 778.1033 1221.6862 888.0182 1.6956 0.7063 1.9022 4.0950 4.5333 26.7317 -1.6177 0.6564
Cyclist -1 -1 -1.8434 1546.4564 763.5155 1614.1495 872.1234 1.8016 0.7326 1.9787 11.7633 4.5367 28.4745 -1.4235 0.2448
Car -1 -1 1.7228 562.7217 793.3453 649.9417 866.7260 1.5096 1.7829 3.9473 -9.9406 6.4844 42.1326 1.4983 0.7669
Car -1 -1 -1.5001 768.4515 770.1667 876.6326 871.3206 1.5689 1.9305 4.3639 -2.8598 4.8594 31.6819 -1.5812 0.4870
Car -1 -1 1.2320 1797.7972 819.5657 1926.7914 900.2305 1.5310 1.8607 4.1352 24.8116 7.2019 41.3402 1.7969 0.3834
Car -1 -1 1.1682 1729.2072 859.4650 1889.4271 961.9355 1.5862 1.8842 4.1825 19.9678 7.4869 35.4196 1.7067 0.2594
Car -1 -1 -1.6179 738.3923 781.1637 808.2648 857.2856 1.6361 1.8594 4.2355 -5.5225 6.4243 43.5825 -1.7342 0.2566
