Pedestrian -1 -1 1.7351 41.4292 762.1049 101.9931 884.2137 1.6584 0.6583 0.7195 -12.9551 3.7000 21.7947 1.1845 0.4509
Pedestrian -1 -1 1.5425 1165.6294 808.6489 1194.8081 884.0178 1.7014 0.6865 0.6519 5.2565 6.1613 35.9279 1.7053 0.4498
Pedestrian -1 -1 1.8316 117.0180 765.5045 178.7679 882.2752 1.6449 0.6545 0.7494 -12.2712 3.8095 22.5786 1.3217 0.3957
Pedestrian -1 -1 -1.4770 462.2125 773.7421 484.2019 832.6642 1.6723 0.5696 0.5500 -14.5008 6.1282 44.4391 -1.7872 0.3362
Pedestrian -1 -1 1.7589 445.3505 778.7986 470.9253 837.9949 1.7134 0.6353 0.5778 -15.2440 6.4109 45.3180 1.4398 0.3348
Cyclist -1 -1 1.5380 967.5073 791.6163 998.0521 871.1841 1.8032 0.7594 2.0043 0.5522 6.2746 39.1036 1.5655 0.6218
Cyclist -1 -1 -1.7695 1167.5651 779.1640 1228.8064 890.1104 1.7410 0.7656 1.9252 4.2797 4.6406 27.1383 -1.5936 0.6066
Cyclist -1 -1 -1.9289 1529.6505 763.5067 1603.3031 868.5145 1.7906 0.7341 1.9532 11.7610 4.5821 29.1222 -1.5176 0.2489
Car -1 -1 1.7154 576.8019 794.1046 654.7267 861.9597 1.4576 1.6658 3.5556 -9.9117 6.5427 43.1077 1.4969 0.7443
Car -1 -1 -1.5614 775.4821 777.1439 872.0409 876.0580 1.5337 1.9441 4.4019 -2.9350 5.0654 32.4254 -1.6425 0.7273
Car -1 -1 -1.5702 755.5358 782.8985 825.2015 859.2910 1.6297 1.8956 4.1564 -4.8906 6.4036 43.0201 -1.6733 0.3088
Car -1 -1 1.2051 1781.8109 818.4633 1911.4016 898.8806 1.5689 1.8445 4.1548 24.7993 7.2986 42.0520 1.7619 0.2791
Car -1 -1 1.2690 1911.0826 823.5208 1936.0000 923.6625 1.5615 1.9838 4.6508 24.5573 6.6562 35.8378 1.8968 0.2470
