Pedestrian -1 -1 1.6971 120.5383 768.8309 173.7259 882.3286 1.6820 0.6599 0.7773 -12.9878 4.0262 23.8726 1.1886 0.5330
Pedestrian -1 -1 1.8047 185.3425 772.5471 241.4183 885.2256 1.7393 0.6835 0.7142 -12.3107 4.2135 24.6323 1.3329 0.4646
Pedestrian -1 -1 -1.5204 485.8915 779.0451 507.8724 836.4509 1.6795 0.6141 0.5884 -14.2960 6.4629 46.0457 -1.8154 0.4419
Pedestrian -1 -1 1.6161 1164.8386 793.4244 1190.7098 863.3082 1.6786 0.6144 0.5914 5.4994 5.9976 37.9730 1.7771 0.4000
Pedestrian -1 -1 1.8720 53.6076 765.8811 113.4774 876.4667 1.6421 0.6561 0.6523 -13.8484 3.9050 23.6083 1.3298 0.3781
Pedestrian -1 -1 1.7373 455.7508 777.9987 480.6561 836.3913 1.7606 0.6519 0.6158 -15.5887 6.6380 47.2890 1.4249 0.3050
Pedestrian -1 -1 1.5611 1143.9364 792.6140 1168.5261 861.1389 1.7153 0.6398 0.6388 5.1587 6.1920 39.5564 1.7074 0.2656
Cyclist -1 -1 -1.7692 1167.4651 771.1435 1224.2323 878.0137 1.7483 0.7224 1.9112 4.3845 4.5873 28.0669 -1.5950 0.6702
Cyclist -1 -1 1.5155 958.7465 787.2847 987.6810 860.0092 1.7670 0.7254 1.9505 0.3239 6.4056 41.7309 1.5364 0.4621
Cyclist -1 -1 -1.8398 1750.9078 820.5621 1822.9396 928.1465 1.6515 0.7336 1.9249 15.2741 5.4112 27.7100 -1.3054 0.2473
Car -1 -1 1.7010 608.2701 791.1097 681.9806 855.7712 1.4987 1.7384 3.7710 -9.7992 6.8914 46.5791 1.5021 0.7733
Car -1 -1 -1.5017 803.5377 778.4091 905.4150 874.9912 1.5056 1.8569 4.3459 -2.2424 5.0589 32.4322 -1.5608 0.3640
Car -1 -1 -1.6567 774.3396 782.5099 855.2769 862.2082 1.6886 2.0062 4.5112 -4.3212 6.5316 43.5555 -1.7451 0.3243
