Pedestrian -1 -1 1.5543 1162.5233 795.3876 1186.1200 861.7113 1.6377 0.6024 0.5402 5.5316 6.0998 38.8300 1.7128 0.5196
Pedestrian -1 -1 1.7319 152.2009 773.5641 203.1056 879.4117 1.6394 0.6463 0.7331 -13.0306 4.1579 24.8823 1.2408 0.4473
Pedestrian -1 -1 1.8049 209.6645 771.6967 262.5716 877.9130 1.6964 0.6678 0.7109 -12.3421 4.2377 25.4681 1.3464 0.3748
Pedestrian -1 -1 1.8142 93.0814 771.2001 147.4506 877.5532 1.6229 0.6362 0.6579 -13.6776 4.0431 24.3345 1.2919 0.3680
Pedestrian -1 -1 1.5385 1149.0264 793.3604 1173.7094 860.0728 1.7098 0.6516 0.6216 5.4064 6.3030 40.4273 1.6880 0.3517
Pedestrian -1 -1 -1.5225 490.0434 800.3008 514.3430 863.6970 1.8478 0.6818 0.7610 -14.2818 7.3589 46.5355 -1.8132 0.3322
Pedestrian -1 -1 1.6474 475.4351 772.3999 497.6617 828.0751 1.7097 0.6356 0.5963 -15.2977 6.4994 48.1990 1.3463 0.2474
Cyclist -1 -1 -1.7617 1165.4717 771.6177 1219.7174 875.8963 1.7384 0.7067 1.9207 4.4095 4.6410 28.6184 -1.5898 0.5149
Cyclist -1 -1 1.5072 965.9683 786.6544 995.5255 857.7484 1.7622 0.7435 1.9420 0.5444 6.4692 42.5320 1.5334 0.3839
Car -1 -1 1.4927 635.2104 792.3087 698.1797 856.1648 1.4992 1.7136 3.6830 -9.4099 7.0524 47.6050 1.3064 0.5139
Car -1 -1 -1.8202 758.7162 778.5015 858.5787 853.1023 1.5842 1.9215 4.5256 -4.5833 6.3882 44.3164 -1.9130 0.4133
Car -1 -1 -1.4850 820.5883 782.2911 923.3552 877.8654 1.4978 1.8389 4.3371 -1.8910 5.1915 32.8930 -1.5320 0.3904
