Pedestrian -1 -1 1.7297 202.2826 760.7708 249.2959 861.2784 1.6705 0.6475 0.7013 -13.0039 4.1134 26.4547 1.2659 0.4184
Pedestrian -1 -1 1.7326 252.7621 761.4597 298.9681 862.9204 1.7164 0.6504 0.7297 -12.3310 4.2147 26.9193 1.2973 0.3535
Pedestrian -1 -1 1.5017 1146.8625 792.8254 1173.1506 860.2334 1.7323 0.6729 0.7386 5.4176 6.3575 40.7937 1.6503 0.3486
Pedestrian -1 -1 1.5118 968.3437 789.0436 991.2274 850.9675 1.7290 0.6423 0.6796 0.5417 6.5929 43.9626 1.5375 0.3033
Pedestrian -1 -1 -1.4247 508.6347 778.5261 532.5512 835.5075 1.7307 0.6451 0.6118 -14.0341 6.6598 47.6349 -1.7046 0.2730
Pedestrian -1 -1 -2.5073 106.0370 761.3950 168.1355 857.2923 1.5720 0.6279 0.7074 -14.2563 3.9663 25.8779 -3.0198 0.2443
Cyclist -1 -1 -1.7127 1169.5887 774.0138 1224.3143 879.4913 1.7733 0.8098 1.9802 4.5489 4.7631 28.9808 -1.5380 0.5183
Car -1 -1 1.5866 642.2968 786.9660 697.2892 847.4091 1.5291 1.7238 3.7073 -9.7822 7.2020 50.3745 1.4039 0.5174
Car -1 -1 -1.5189 810.9966 770.8217 912.5934 871.9654 1.5787 1.8763 4.2827 -2.0339 4.8782 31.6704 -1.5731 0.4810
Car -1 -1 -1.7112 781.1381 780.7783 865.6731 855.9233 1.6034 1.9211 4.3921 -4.1137 6.4383 44.0302 -1.7937 0.4421
Car -1 -1 -1.2764 0.0000 759.5563 176.1700 869.1563 1.4435 1.7648 3.8361 -15.5917 4.0490 26.8624 -1.8109 0.3188
