Pedestrian -1 -1 1.7734 66.5904 765.8432 126.6432 884.4896 1.6607 0.6567 0.7153 -12.9632 3.8173 22.4361 1.2365 0.5101
Pedestrian -1 -1 -1.4676 467.1055 774.9733 490.8080 834.8516 1.7198 0.6192 0.5924 -14.5339 6.2784 45.0724 -1.7740 0.4589
Pedestrian -1 -1 1.5744 1161.0524 793.5782 1187.2034 866.3464 1.6852 0.6217 0.6269 5.2202 5.8609 36.6601 1.7331 0.4181
Pedestrian -1 -1 1.7818 135.0410 762.6083 193.5780 879.5704 1.6889 0.6670 0.7215 -12.2875 3.8542 23.0733 1.2812 0.4012
Pedestrian -1 -1 1.7560 450.3321 778.0264 474.4947 835.4249 1.6799 0.6094 0.5394 -15.2473 6.3925 45.7155 1.4396 0.3144
Pedestrian -1 -1 1.9470 11.8432 764.9269 78.9997 882.9467 1.6595 0.6699 0.6420 -13.6492 3.7830 22.3013 1.3840 0.2934
Cyclist -1 -1 -1.7397 1173.4025 777.8449 1225.6493 882.2114 1.6582 0.6809 1.8002 4.3351 4.5436 27.3094 -1.5628 0.7443
Cyclist -1 -1 1.4838 964.8725 789.0266 999.3763 866.9942 1.8007 0.7743 1.9786 0.5439 6.2802 39.8042 1.5108 0.6270
Cyclist -1 -1 -1.8108 1786.5100 806.0797 1861.9762 922.2797 1.7346 0.7868 1.8775 15.2676 5.0684 26.5021 -1.2559 0.2969
Car -1 -1 1.7458 580.9575 796.8490 664.1066 866.4731 1.5049 1.7098 3.7550 -9.8373 6.7450 43.6640 1.5320 0.6523
Car -1 -1 -1.5692 787.4394 775.7041 879.6441 869.9229 1.4797 1.8726 4.2008 -2.7555 4.9829 32.5752 -1.6443 0.6047
Car -1 -1 -1.6806 760.1871 781.6611 842.0884 859.6952 1.6413 1.9176 4.2699 -4.6487 6.3812 42.9293 -1.7783 0.2849
Car -1 -1 1.2630 1778.0798 821.6853 1900.6954 903.4948 1.6092 1.9091 4.1593 24.8550 7.4960 42.4862 1.8160 0.2733
Car -1 -1 1.2737 1897.8271 823.9634 1936.0000 920.9141 1.5428 1.9962 4.5397 24.5725 6.7179 36.4080 1.8942 0.2432
