Pedestrian -1 -1 1.6143 1173.1119 824.7817 1204.3088 904.4150 1.7246 0.6777 0.5987 5.2612 6.3950 34.5785 1.7831 0.4946
Pedestrian -1 -1 1.7642 0.0000 766.0207 46.3887 897.0643 1.6728 0.6613 0.6800 -12.9735 3.6466 20.4767 1.1826 0.4173
Pedestrian -1 -1 1.7756 419.4604 776.5347 445.7487 837.2577 1.6978 0.6191 0.5760 -15.4688 6.1686 43.7655 1.4405 0.3173
Pedestrian -1 -1 1.8410 51.1075 769.5465 118.2774 896.1130 1.6585 0.6575 0.7025 -12.2999 3.7311 21.0004 1.2962 0.3141
Pedestrian -1 -1 1.8111 441.7823 776.3318 469.3709 837.1790 1.7072 0.6317 0.6452 -14.8868 6.2013 44.0335 1.4901 0.2364
Cyclist -1 -1 -1.7990 1161.5066 776.6669 1224.3079 890.1961 1.7362 0.7139 1.9259 4.0810 4.5226 26.4749 -1.6266 0.6335
Cyclist -1 -1 1.5573 959.8074 789.6068 990.0139 867.2946 1.6997 0.7408 1.8586 0.3426 5.9444 37.6061 1.5796 0.2653
Car -1 -1 1.7024 550.2856 788.6929 643.8718 867.7933 1.5509 1.8988 4.2101 -9.8127 6.2347 40.5747 1.4717 0.7906
Car -1 -1 -1.4460 772.6881 777.2812 882.2728 874.0599 1.5308 1.8199 4.1484 -2.8269 5.0506 32.4284 -1.5237 0.3699
Car -1 -1 -1.5566 735.6265 786.4764 803.1536 861.9073 1.6189 1.8463 4.1708 -5.5396 6.5592 43.5555 -1.6732 0.2056
