Pedestrian -1 -1 1.9048 12.1367 763.9597 87.2083 899.1663 1.7058 0.6823 0.6873 -12.2590 3.6158 20.1278 1.3408 0.4617
Pedestrian -1 -1 1.7532 408.3322 775.8751 434.8710 838.0163 1.7037 0.6156 0.6132 -15.5365 6.0866 43.0615 1.4113 0.3730
Pedestrian -1 -1 1.7604 429.3101 776.1172 455.9212 839.4295 1.7235 0.6055 0.6512 -14.8458 6.0898 42.8150 1.4312 0.3291
Pedestrian -1 -1 1.8918 0.0000 765.4198 23.9518 900.5638 1.6827 0.6603 0.6130 -12.8885 3.5797 19.8041 1.2966 0.2450
Cyclist -1 -1 -1.7863 1159.2552 778.2238 1219.0385 888.3554 1.6844 0.6981 1.8343 4.0047 4.4866 26.3996 -1.6164 0.6242
Cyclist -1 -1 -2.0655 1414.1632 782.2222 1497.0282 891.8794 1.7061 0.6413 1.8823 8.9181 4.6552 27.0538 -1.7209 0.4256
Cyclist -1 -1 1.8771 937.2707 784.3246 989.1605 864.0903 1.6766 0.7129 1.8694 0.0608 5.6665 36.4271 1.8916 0.2338
Car -1 -1 1.6693 540.4182 789.5901 626.8311 868.9774 1.5129 1.7902 3.9866 -9.8662 6.0733 39.3099 1.4295 0.8386
Car -1 -1 -1.6132 705.7231 785.5228 776.4316 861.8785 1.5825 1.8672 4.3857 -6.3932 6.4616 43.1002 -1.7512 0.4011
Car -1 -1 -1.5214 759.5450 776.8544 856.6404 873.8243 1.5297 1.8501 4.2777 -3.2671 5.0619 32.5859 -1.6125 0.3878
