Pedestrian -1 -1 1.7308 101.1802 763.9013 156.7813 880.6021 1.6976 0.6564 0.7256 -12.9549 3.9050 23.2927 1.2118 0.5432
Pedestrian -1 -1 -1.5600 481.7925 776.8733 503.3974 835.8535 1.7144 0.6203 0.5659 -14.3132 6.3931 45.6792 -1.8577 0.4503
Pedestrian -1 -1 1.8214 176.6682 775.9713 234.8941 889.7082 1.7100 0.6909 0.6783 -12.1044 4.1734 23.9760 1.3449 0.4068
Pedestrian -1 -1 1.5789 1166.9287 791.6826 1193.4009 862.7468 1.6786 0.6387 0.6053 5.4663 5.8814 37.3311 1.7416 0.3984
Pedestrian -1 -1 1.8696 43.1836 765.6617 102.5935 878.5496 1.6393 0.6443 0.5924 -13.6542 3.8385 22.9972 1.3212 0.3439
Pedestrian -1 -1 1.7713 449.7952 783.0555 475.1877 840.8005 1.7189 0.6444 0.5885 -15.5559 6.6872 46.6488 1.4553 0.2810
Cyclist -1 -1 -1.7568 1168.9634 775.4302 1223.6581 882.2396 1.7249 0.6995 1.8796 4.3450 4.6137 27.7545 -1.5822 0.6938
Cyclist -1 -1 -1.8077 1767.8647 810.6763 1840.6108 923.1922 1.7130 0.7804 1.8875 15.2768 5.2117 27.1458 -1.2637 0.2692
Car -1 -1 1.7506 594.9261 788.4052 677.2709 855.2599 1.5198 1.7522 3.9086 -9.8686 6.7255 45.6358 1.5457 0.6791
Car -1 -1 -1.5408 793.8218 778.7606 890.2806 874.3882 1.4868 1.9085 4.2897 -2.5162 5.0492 32.4444 -1.6085 0.5289
Car -1 -1 -1.7199 760.0023 778.4501 844.7639 855.3568 1.6473 1.8748 4.1360 -4.6388 6.3111 43.1867 -1.8168 0.3427
Car -1 -1 1.2359 1768.5767 823.5266 1888.3149 902.2578 1.5885 1.8565 3.9317 24.8344 7.5776 42.9740 1.7834 0.3189
