Pedestrian -1 -1 1.4540 1152.0183 793.2534 1180.3164 862.8167 1.7410 0.6705 0.7919 5.4505 6.2686 39.8098 1.6068 0.5964
Pedestrian -1 -1 1.8580 172.5850 770.1758 225.2708 872.0428 1.6388 0.6439 0.6637 -13.0180 4.1586 25.5504 1.3788 0.3765
Pedestrian -1 -1 -1.4425 494.4607 776.1715 518.8094 835.1522 1.7713 0.6593 0.5897 -14.2918 6.5625 47.0201 -1.7313 0.3568
Pedestrian -1 -1 1.5832 968.7586 791.8304 991.2900 853.1431 1.6844 0.6352 0.6534 0.5449 6.5520 43.2670 1.6091 0.3496
Pedestrian -1 -1 1.8630 229.6494 771.8566 281.9132 874.3290 1.6915 0.6608 0.6878 -12.3514 4.3042 26.1963 1.4161 0.3307
Pedestrian -1 -1 1.9988 124.2218 764.8317 182.2891 869.3855 1.6702 0.6422 0.6753 -13.6179 4.0636 25.2168 1.4946 0.3072
Pedestrian -1 -1 1.5776 481.5661 779.2856 503.1306 836.3598 1.7745 0.6645 0.5668 -15.3140 6.8553 48.8470 1.2805 0.2747
Cyclist -1 -1 -1.7654 1163.5870 774.0731 1218.3607 879.3715 1.7546 0.7065 1.9601 4.3916 4.7168 28.7070 -1.5947 0.5415
Car -1 -1 1.4212 636.9915 786.5938 705.9666 848.8575 1.5242 1.7229 3.7204 -9.5761 7.0689 49.2412 1.2381 0.6426
Car -1 -1 -1.6559 782.6514 778.3040 857.9343 851.9719 1.6366 1.9282 4.1368 -4.2511 6.4368 44.5929 -1.7403 0.4971
Car -1 -1 -1.3883 810.0279 777.3130 931.6239 872.5285 1.4888 1.8660 4.3682 -1.9132 5.0859 33.0039 -1.4358 0.3402
Car -1 -1 -1.4445 917.9189 794.5241 1055.1344 916.0678 1.3930 1.7542 3.9428 0.5059 4.4706 25.0472 -1.4110 0.2373
