Pedestrian -1 -1 1.9252 0.0000 769.7463 47.4013 919.7781 1.7510 0.6937 0.7287 -11.9632 3.6071 18.7279 1.3370 0.4502
Pedestrian -1 -1 1.4634 1206.1332 811.6194 1240.0563 896.7148 1.7096 0.6607 0.5864 5.5584 5.7162 31.7692 1.6557 0.4163
Pedestrian -1 -1 1.5626 960.3945 801.2186 989.5865 877.1724 1.6683 0.6750 0.7349 0.3224 5.8326 34.9470 1.5851 0.3966
Pedestrian -1 -1 -1.5225 390.2639 780.0298 414.8186 843.4659 1.6644 0.6072 0.6057 -15.4930 6.0064 41.4759 -1.8762 0.3766
Pedestrian -1 -1 -1.5236 419.3542 780.3456 443.4188 843.0894 1.6625 0.6047 0.5978 -14.8234 6.0508 41.8439 -1.8598 0.3200
Cyclist -1 -1 -1.7727 1164.2334 780.9953 1224.1351 893.6112 1.6883 0.7007 1.8622 4.0259 4.4970 25.9676 -1.5992 0.6168
Cyclist -1 -1 -1.8301 1460.6038 770.5718 1528.7983 885.1117 1.7177 0.6959 1.8894 9.2125 4.3349 25.8898 -1.4603 0.4311
Cyclist -1 -1 -0.5024 95.7130 785.0684 211.6788 878.1075 1.7042 0.7328 2.1056 -17.3662 5.2699 32.2080 -0.9994 0.2293
Car -1 -1 1.6558 525.9009 784.1315 621.5750 872.0506 1.5623 1.9073 4.2537 -9.5122 5.7402 36.9851 1.4093 0.7793
Car -1 -1 -1.5685 766.5275 774.4939 859.7390 870.5760 1.5103 1.8634 3.9971 -3.1467 4.9218 32.0313 -1.6577 0.6923
Car -1 -1 1.8934 38.6516 779.6454 199.9866 877.7527 1.5564 1.8567 4.2824 -18.5621 5.2263 33.1880 1.3810 0.2872
