Pedestrian -1 -1 1.4195 1275.3533 787.6211 1316.9805 884.7991 1.7045 0.6669 0.7771 6.2746 4.8016 28.0452 1.6615 0.7029
Pedestrian -1 -1 1.5796 1001.4019 809.9014 1031.9424 892.5568 1.5830 0.6077 0.6421 1.1328 5.3974 30.4952 1.6310 0.4230
Pedestrian -1 -1 1.6986 358.7858 782.5747 390.8679 854.9276 1.7181 0.6697 0.6907 -14.7956 5.7413 37.7409 1.3274 0.4156
Pedestrian -1 -1 -1.3048 410.2744 781.2188 441.9350 848.8497 1.6994 0.6333 0.6709 -14.1635 5.8751 39.5891 -1.6447 0.2116
Pedestrian -1 -1 -1.5962 635.5556 753.9890 679.0007 872.4907 1.6860 0.6239 0.6252 -4.5705 3.6578 22.4674 -1.7969 0.2104
Cyclist -1 -1 -1.7358 1202.0214 775.3863 1262.4801 897.5955 1.7284 0.7098 1.8751 4.4090 4.2832 24.4382 -1.5359 0.6974
Cyclist -1 -1 -1.9781 1504.8636 807.1707 1604.0808 938.4330 1.7872 0.8024 2.0147 9.5532 4.8557 24.1679 -1.5719 0.3222
Cyclist -1 -1 1.6772 494.0497 791.0504 523.4283 852.3392 1.7575 0.7120 1.9634 -14.9675 7.3712 49.4959 1.3909 0.2626
Cyclist -1 -1 -1.8240 1685.4371 795.0114 1755.9496 906.1208 1.7752 0.7529 2.0517 14.3488 5.1187 28.3065 -1.3250 0.2563
Car -1 -1 1.6709 489.9412 786.8984 597.2532 885.4756 1.4515 1.7303 3.7520 -8.4662 4.9791 30.5690 1.4031 0.7668
Car -1 -1 -1.4388 764.6545 795.7849 883.6693 903.0930 1.6022 1.9007 4.3149 -2.8093 5.4598 31.5539 -1.5181 0.3812
Car -1 -1 -1.5043 599.9937 787.1496 685.1953 871.8444 1.5815 1.8202 3.8502 -7.9829 5.8956 37.7331 -1.7060 0.3009
