Pedestrian -1 -1 1.5269 1217.4486 793.0803 1248.3096 877.2415 1.6610 0.6192 0.5825 5.6615 5.2066 31.1913 1.7259 0.5409
Pedestrian -1 -1 1.5460 977.4750 799.6213 1006.7715 876.4973 1.6495 0.6578 0.6743 0.6975 5.6585 33.9734 1.5801 0.3993
Pedestrian -1 -1 -1.4562 382.4910 781.9036 408.6976 844.2994 1.6141 0.6044 0.5875 -15.4465 5.9398 40.8439 -1.8142 0.3794
Pedestrian -1 -1 -1.4855 422.7086 782.9041 448.1616 846.8679 1.6751 0.6112 0.6293 -14.5615 6.0918 41.4219 -1.8192 0.3529
Cyclist -1 -1 -1.7811 1164.4493 775.2914 1222.7211 885.7853 1.6597 0.6574 1.8668 4.0181 4.3676 25.9810 -1.6080 0.5876
Cyclist -1 -1 -1.9056 1471.5121 767.5527 1545.7125 883.2604 1.7001 0.6412 1.8735 9.2234 4.2008 25.2650 -1.5268 0.5350
Cyclist -1 -1 -1.4981 708.8757 764.0583 742.5349 842.1492 2.0081 0.7978 2.0276 -6.7941 6.1256 43.2061 -1.6453 0.3030
Car -1 -1 1.6888 514.1130 789.7693 616.6813 878.9831 1.5452 1.8918 4.0440 -9.4318 5.7386 35.9058 1.4369 0.7497
Car -1 -1 -1.5576 764.5556 777.7577 862.6936 876.9453 1.5160 1.9326 4.1857 -3.0750 4.9742 31.6722 -1.6456 0.6500
Car -1 -1 3.6551 0.0000 802.6472 223.2011 890.8363 1.4163 1.7217 3.5118 -16.2158 4.9008 28.4378 3.1314 0.3162
