Pedestrian -1 -1 1.4649 1308.6000 805.6035 1346.9059 897.6557 1.5369 0.6157 0.6066 6.5340 4.8030 26.6811 1.7283 0.6038
Pedestrian -1 -1 1.5093 1027.9817 823.5793 1066.3104 914.7295 1.6709 0.7191 0.7381 1.6841 5.6280 29.4120 1.5817 0.4339
Pedestrian -1 -1 1.6764 347.1763 784.1318 378.0289 853.8897 1.6131 0.6400 0.6305 -14.7080 5.5677 36.7504 1.2975 0.3401
Pedestrian -1 -1 -1.4208 404.3732 786.6164 433.1307 854.3984 1.6750 0.6224 0.5818 -14.1267 5.9244 38.9497 -1.7653 0.3396
Pedestrian -1 -1 -1.7099 936.0798 827.6612 962.2007 895.3015 1.6148 0.5942 0.5968 -0.3109 6.8190 38.0477 -1.7050 0.2159
Cyclist -1 -1 -1.7409 1219.6599 773.2228 1280.8696 892.5477 1.6628 0.7042 1.8302 4.6340 4.1431 24.0781 -1.5287 0.6312
Car -1 -1 1.7587 464.9744 793.2421 593.5540 897.0503 1.4289 1.6982 3.7007 -8.2160 4.8787 28.7267 1.4815 0.8017
Car -1 -1 -1.5233 602.5464 794.7237 687.3440 883.5110 1.5807 1.8178 3.9293 -7.6959 5.9803 36.6617 -1.7235 0.3121
Car -1 -1 -1.4796 787.3718 781.5917 893.9312 882.0744 1.5312 1.8132 4.1234 -2.4569 5.0355 31.3627 -1.5483 0.2956
Car -1 -1 1.0427 1793.0938 855.3792 1936.0000 952.7109 1.5135 1.8443 3.9525 21.3220 7.1922 34.8280 1.6182 0.2402
