Pedestrian -1 -1 1.4910 1238.6040 792.3096 1273.0433 879.1434 1.6519 0.6454 0.6211 5.9353 5.0670 30.1549 1.7056 0.5305
Pedestrian -1 -1 1.5801 978.0764 800.1565 1007.7634 879.5897 1.6435 0.6382 0.7296 0.7016 5.5541 32.9904 1.6149 0.4397
Pedestrian -1 -1 1.6537 379.8623 784.8030 407.1498 849.2183 1.6181 0.6282 0.6352 -15.1446 5.9263 39.8996 1.2943 0.2915
Pedestrian -1 -1 1.7007 414.4526 785.7305 442.3408 850.7213 1.6721 0.6335 0.6651 -14.5347 6.1021 40.8005 1.3627 0.2385
Cyclist -1 -1 -1.8171 1171.2939 774.0404 1231.7760 886.3478 1.6547 0.6201 1.8316 4.0709 4.2862 25.4511 -1.6384 0.6399
Cyclist -1 -1 -1.9082 1486.0282 766.3415 1568.0172 889.2549 1.7486 0.6954 1.9671 9.2707 4.1679 24.5780 -1.5179 0.3938
Car -1 -1 1.6301 508.8784 786.0010 609.9126 881.6821 1.5290 1.9521 4.5216 -9.1669 5.4958 34.4146 1.3741 0.7750
Car -1 -1 -1.5540 764.4202 778.7944 863.8909 879.7925 1.4855 1.9007 4.2337 -2.9708 4.8808 30.8144 -1.6414 0.7721
Car -1 -1 3.7138 0.0000 803.2813 108.2547 894.4329 1.6778 1.8210 4.2017 -20.9277 5.6166 32.0915 3.1328 0.2625
Car -1 -1 0.5511 0.0000 835.2775 210.7894 935.4812 1.5352 1.7571 3.7293 -16.1764 5.5519 27.6427 0.0170 0.2230
