Pedestrian -1 -1 1.6287 386.5815 775.9088 410.4273 839.1756 1.6805 0.5894 0.5843 -15.7401 5.9419 41.8345 1.2726 0.3630
Pedestrian -1 -1 1.6904 420.1869 776.3317 445.2458 839.6644 1.6998 0.5983 0.5859 -14.8989 6.0048 42.1623 1.3550 0.3297
Pedestrian -1 -1 1.9349 0.0000 755.5771 63.6167 898.1147 1.7236 0.6776 0.6557 -12.0190 3.4353 19.1957 1.3561 0.2852
Pedestrian -1 -1 1.6216 960.1743 799.9406 989.9958 874.8231 1.6705 0.6638 0.7279 0.3318 5.8780 35.5591 1.6442 0.2466
Cyclist -1 -1 -1.7930 1160.4993 771.0862 1224.9696 885.3890 1.7260 0.7360 1.9314 4.0159 4.3714 26.0784 -1.6206 0.6351
Cyclist -1 -1 -2.0394 1430.8914 784.0486 1514.5586 896.0398 1.6836 0.6511 1.8628 8.9284 4.5721 26.1792 -1.6836 0.4335
Car -1 -1 1.6558 534.7822 791.5310 623.2949 874.2752 1.5102 1.8084 3.8669 -9.5521 5.9295 37.6096 1.4127 0.7830
Car -1 -1 -1.4818 752.1212 780.5627 853.5368 873.7884 1.4768 1.7966 4.0384 -3.3720 5.0679 32.4748 -1.5766 0.4180
Car -1 -1 0.9916 11.0586 794.0408 194.7670 881.9306 1.4653 1.7504 3.6889 -18.8029 5.3523 32.7537 0.4679 0.4101
Car -1 -1 -1.6436 725.9329 789.3169 800.9546 865.2183 1.5422 1.8400 4.2172 -5.6523 6.4477 42.3697 -1.7666 0.3420
