Pedestrian -1 -1 1.4322 1252.7107 787.7632 1288.2738 875.3547 1.6099 0.6105 0.5861 5.9901 4.8016 28.9879 1.6570 0.5876
Pedestrian -1 -1 1.5986 996.2607 803.5016 1028.2439 886.9929 1.6418 0.6422 0.7213 1.0752 5.4419 31.4345 1.6468 0.4626
Pedestrian -1 -1 1.6824 361.0444 782.8011 390.7761 851.1407 1.6668 0.6480 0.6276 -15.1229 5.7881 38.6454 1.3121 0.3921
Pedestrian -1 -1 -1.3903 414.2244 781.2730 442.2097 849.0241 1.7136 0.5914 0.6693 -14.2338 5.9297 39.9423 -1.7288 0.2940
Cyclist -1 -1 -1.6750 1192.5531 774.8663 1247.1246 892.0505 1.6961 0.7482 1.8254 4.3049 4.2973 24.9973 -1.4836 0.6515
Cyclist -1 -1 -1.8776 1498.8059 810.2177 1575.5947 928.0777 1.6333 0.6876 1.9187 9.5299 4.8302 24.8113 -1.4819 0.3072
Cyclist -1 -1 1.7665 488.2077 789.6263 522.7559 850.8681 1.7840 0.7169 2.0131 -15.2787 7.4244 50.1693 1.4783 0.2613
Car -1 -1 1.6140 511.8433 791.5634 599.1724 876.7709 1.3084 1.6507 3.5005 -8.6907 5.1111 32.2330 1.3538 0.8427
Car -1 -1 -1.5211 760.2826 783.3804 859.9075 880.8376 1.4894 1.8567 4.0906 -3.1356 5.0697 31.7034 -1.6109 0.5631
Car -1 -1 -1.4826 603.0524 789.1935 688.4348 870.4982 1.5420 1.7869 3.8121 -8.0479 5.9813 38.4134 -1.6822 0.4059
Car -1 -1 -1.4639 698.7907 799.3531 783.3727 875.5534 1.5523 1.8901 4.2571 -6.1946 6.7599 42.4854 -1.5992 0.3120
Car -1 -1 -1.3541 298.1093 783.4247 396.4817 857.3463 1.5233 1.7434 3.6413 -16.8031 6.0841 41.0828 -1.7391 0.2299
