Pedestrian -1 -1 1.7225 353.5217 782.4630 385.1454 851.3969 1.6250 0.6469 0.6180 -14.7727 5.5977 37.3316 1.3478 0.5085
Pedestrian -1 -1 1.4287 1285.6501 792.3607 1327.9019 890.2758 1.6743 0.6672 0.7761 6.3324 4.7937 27.4348 1.6780 0.4997
Pedestrian -1 -1 -1.4925 397.0034 794.7330 423.8543 861.6970 1.6567 0.6142 0.5983 -14.4529 6.1559 39.2467 -1.8416 0.3472
Cyclist -1 -1 -1.7774 1204.3356 776.8883 1269.8416 897.0735 1.6811 0.7073 1.8949 4.4547 4.2437 24.2655 -1.5743 0.6095
Cyclist -1 -1 1.4597 1010.2283 811.1378 1058.5161 909.1309 1.6838 0.8024 1.7143 1.4480 5.5164 29.8992 1.5229 0.5448
Cyclist -1 -1 -1.9637 1528.0951 807.0468 1618.4908 932.0047 1.6590 0.6981 1.8726 9.6109 4.6430 23.5540 -1.5454 0.2943
Car -1 -1 1.8360 466.4327 791.4346 604.9133 890.9719 1.4480 1.7352 3.6643 -8.3802 4.9652 29.7454 1.5634 0.7658
Car -1 -1 1.0094 50.2605 775.3853 267.1729 873.5701 1.5036 1.8167 4.4131 -16.3979 4.7629 30.5165 0.5122 0.5516
Car -1 -1 -1.4644 768.8124 796.0026 881.3563 901.1287 1.5665 1.8654 4.2139 -2.7772 5.3981 31.3562 -1.5432 0.3605
Car -1 -1 -1.4821 600.9960 791.6255 693.2923 880.0478 1.6192 1.8749 3.9514 -7.7595 6.0019 37.2442 -1.6806 0.3241
Car -1 -1 -1.6228 719.8169 801.0422 791.0533 878.0221 1.5510 1.8167 4.0679 -5.8519 6.7762 42.1974 -1.7509 0.2374
