Pedestrian -1 -1 1.4649 1323.7224 803.1633 1362.1301 896.6852 1.5239 0.6012 0.5766 6.6252 4.6603 25.9769 1.7386 0.5794
Pedestrian -1 -1 1.5674 1035.7769 826.8555 1073.9025 923.8506 1.7141 0.7146 0.7310 1.7841 5.6087 28.4478 1.6455 0.4428
Pedestrian -1 -1 1.7553 361.1428 780.8546 395.1660 852.9959 1.6559 0.6619 0.6476 -14.1676 5.4858 36.3454 1.3854 0.4004
Pedestrian -1 -1 -1.3819 399.8897 785.7805 428.7685 852.1974 1.6312 0.6050 0.5574 -14.1198 5.8202 38.6152 -1.7292 0.3181
Pedestrian -1 -1 -1.5582 948.1758 819.0096 973.1511 888.1885 1.6352 0.6097 0.6226 -0.0127 6.5386 37.4576 -1.5454 0.2877
Cyclist -1 -1 -1.7374 1228.0977 772.1602 1291.1570 896.0867 1.7050 0.7226 1.8536 4.7211 4.1381 23.7639 -1.5188 0.7073
Cyclist -1 -1 -1.8223 1530.9270 785.5165 1607.2153 909.2728 1.7049 0.7293 1.9976 9.8737 4.4335 24.3594 -1.4067 0.3640
Cyclist -1 -1 -1.5959 770.8359 807.8079 797.6507 882.8731 1.7624 0.7034 1.9922 -4.8837 6.9261 41.1840 -1.7037 0.2238
Car -1 -1 1.7668 449.3033 794.0626 586.8651 900.0334 1.3819 1.7279 3.8593 -8.1706 4.7618 27.8806 1.4823 0.8800
Car -1 -1 -1.4108 794.2266 761.2287 912.8347 860.3745 1.5500 1.8093 3.9923 -2.1702 4.5805 31.1663 -1.4708 0.4108
Car -1 -1 -1.4938 597.2404 795.2830 690.2176 886.2031 1.5892 1.8623 4.0055 -7.6047 5.9443 36.1221 -1.6947 0.4000
Car -1 -1 -0.3015 1547.7698 808.0236 1865.4231 937.8293 1.8930 2.0111 4.8225 13.4489 5.4105 27.2904 0.1861 0.2650
