Pedestrian -1 -1 1.4497 1347.1212 804.4900 1388.4614 902.9921 1.5534 0.6182 0.5776 6.8316 4.6140 25.1485 1.7399 0.4920
Pedestrian -1 -1 -1.3718 418.0616 784.6343 445.7184 850.8493 1.6107 0.5603 0.5927 -13.5591 5.7385 38.3121 -1.7087 0.3691
Pedestrian -1 -1 1.5240 1053.4923 813.0814 1089.8445 905.1920 1.5596 0.6424 0.8720 2.0325 5.0901 27.6066 1.6134 0.3690
Pedestrian -1 -1 1.7542 363.1664 776.0120 397.9864 850.1708 1.6741 0.6656 0.6565 -13.8609 5.3211 35.7077 1.3854 0.3563
Pedestrian -1 -1 -1.6961 948.6223 821.5799 973.5541 887.7960 1.5317 0.5518 0.5862 -0.0067 6.4177 36.8284 -1.6832 0.3480
Cyclist -1 -1 -1.6668 1253.1018 773.5878 1308.1969 898.5582 1.6752 0.7065 1.8217 4.9498 4.0823 23.2592 -1.4337 0.5669
Cyclist -1 -1 -1.5483 1581.5836 801.2844 1638.4714 925.8851 1.6265 0.7138 2.0104 10.2425 4.5324 23.5779 -1.1067 0.2812
Cyclist -1 -1 -0.1908 0.0000 805.7021 138.2882 908.2563 1.5347 0.8170 2.1855 -16.2200 4.9332 27.0727 -0.7372 0.2084
Cyclist -1 -1 1.5099 1052.4463 812.3885 1090.4440 906.3201 1.5795 0.6567 0.9789 2.0296 5.1068 27.6357 1.5991 0.1073
Car -1 -1 1.7736 433.0606 794.2545 571.3930 903.3036 1.3634 1.6362 3.4902 -7.9413 4.5296 26.1441 1.4778 0.7788
Car -1 -1 2.0576 0.0000 791.2852 150.2411 908.0978 1.5509 1.9287 4.2117 -17.2841 4.9293 28.1973 1.5016 0.3090
Car -1 -1 -1.5657 820.1111 771.6077 918.6698 877.5674 1.5802 1.8477 4.0671 -1.8160 4.7382 30.1167 -1.6160 0.2604
Car -1 -1 -3.3838 1322.8221 802.4674 1491.4996 867.3680 1.9155 2.0252 5.2787 15.3735 8.2047 51.7847 -3.0767 0.2152
Car -1 -1 -1.4821 598.7589 799.3046 697.0139 893.4390 1.5984 1.8900 4.0726 -7.3489 5.9752 35.4023 -1.6801 0.2082
