Pedestrian -1 -1 1.4115 1552.2427 794.9038 1613.5508 934.7691 1.5944 0.6237 0.6256 7.6274 3.7264 18.3687 1.8425 0.4982
Pedestrian -1 -1 1.9773 302.1870 772.4042 349.4286 860.3878 1.6802 0.6567 0.6866 -12.7661 4.6787 30.0559 1.5733 0.4092
Pedestrian -1 -1 -1.7652 1253.3896 775.0131 1319.2465 945.2920 1.6100 0.5636 0.5197 3.2315 3.1326 14.8953 -1.5211 0.3548
Pedestrian -1 -1 -1.6549 1001.6605 834.5285 1035.9612 907.0604 1.2652 0.6072 0.8137 1.1077 5.3757 28.9076 -1.6022 0.2183
Pedestrian -1 -1 1.3009 1149.5311 792.8692 1227.4607 921.8778 1.5398 0.7030 1.5831 3.1428 3.9699 20.8132 1.4720 0.1046
Cyclist -1 -1 1.2801 1146.2917 792.0423 1230.7076 924.8953 1.5720 0.7337 1.7021 3.1409 3.9984 20.8204 1.4510 0.5510
Cyclist -1 -1 -1.9486 1291.6554 788.4732 1378.9171 922.2233 1.6310 0.6166 1.8519 5.3569 4.0895 21.5226 -1.6784 0.5453
Cyclist -1 -1 1.7426 462.0332 802.6838 508.4564 882.9140 1.7364 0.7989 1.8623 -11.9739 6.3301 37.6644 1.4395 0.4705
Cyclist -1 -1 1.7257 501.1010 805.2292 540.5955 877.8701 1.7107 0.7571 1.7772 -11.9919 6.7379 40.7603 1.4457 0.3658
Cyclist -1 -1 1.6970 504.4011 822.2219 538.9165 891.0437 1.7824 0.7608 1.8684 -13.3161 7.8940 45.3369 1.4191 0.2937
Car -1 -1 1.9162 168.4031 759.4296 496.3672 973.4918 1.4720 1.7938 4.0053 -6.0489 2.9990 14.9196 1.5094 0.8892
Car -1 -1 -1.5268 818.7134 796.0544 919.6982 902.6440 1.4780 1.7640 4.2490 -1.7567 5.1211 29.7019 -1.5756 0.3516
Car -1 -1 1.6185 733.2834 835.3600 812.9944 916.9951 1.4393 1.8288 3.9938 -4.8519 7.2171 39.0024 1.5050 0.2350
