Pedestrian -1 -1 1.3778 1432.5048 795.2669 1487.8518 918.3893 1.6782 0.6587 0.7445 7.3200 4.2284 21.9649 1.7292 0.6764
Pedestrian -1 -1 1.9144 346.7570 774.7748 389.4803 855.6598 1.6978 0.6705 0.7417 -13.1578 5.0622 33.1873 1.5371 0.5153
Pedestrian -1 -1 -1.4058 398.1507 782.0278 429.5753 854.5048 1.6540 0.6163 0.6244 -13.1981 5.4817 36.0664 -1.7544 0.4630
Pedestrian -1 -1 1.4461 207.4777 751.5502 255.6761 863.0115 1.6801 0.6141 0.6403 -11.6982 3.7473 23.9717 0.9824 0.3114
Pedestrian -1 -1 -1.7231 1163.4178 765.8124 1229.5179 918.2106 1.7123 0.6960 0.6663 2.7884 3.4197 17.7777 -1.5443 0.2647
Cyclist -1 -1 -1.9440 1264.2751 777.5666 1351.3951 910.3241 1.6793 0.6538 1.8718 5.0986 4.0357 22.1131 -1.6924 0.6282
Cyclist -1 -1 1.1584 1083.0950 778.1768 1174.0752 899.8615 1.6877 0.7852 1.9524 2.7077 4.2987 24.4269 1.2867 0.4936
Cyclist -1 -1 -1.6007 747.0026 818.9522 776.9309 898.8597 1.7433 0.7276 1.9946 -5.1701 6.9032 38.7232 -1.7237 0.2548
Cyclist -1 -1 1.6382 500.1459 841.1386 531.6190 909.5624 1.7321 0.7718 1.7267 -13.2830 8.3198 44.6326 1.3571 0.2263
Car -1 -1 1.7876 374.6422 776.6268 573.9212 924.3166 1.4597 1.8541 4.2298 -6.8505 3.8624 21.4859 1.4733 0.8227
Car -1 -1 -1.4835 606.1730 788.9647 708.3482 886.6976 1.5724 1.8467 3.9868 -6.6620 5.4341 33.1204 -1.6761 0.3826
Car -1 -1 -1.6541 827.3948 791.6063 926.6894 892.5060 1.4653 1.7498 4.0968 -1.8070 5.1549 30.9521 -1.7021 0.2460
