Pedestrian -1 -1 1.3713 1403.6650 795.7809 1457.2477 912.7972 1.6667 0.6678 0.7292 7.1743 4.3287 22.8903 1.7032 0.5291
Pedestrian -1 -1 -1.4203 394.1954 778.4202 425.9431 851.4238 1.6962 0.6439 0.6145 -13.5037 5.4959 36.6474 -1.7710 0.4901
Pedestrian -1 -1 1.4037 1083.8911 806.1011 1127.2822 907.2966 1.5670 0.6005 0.9245 2.4395 4.6961 25.3464 1.5168 0.4174
Pedestrian -1 -1 1.8344 347.2860 774.3173 387.2735 854.4852 1.7117 0.6782 0.7074 -13.4100 5.1253 33.7748 1.4568 0.3907
Pedestrian -1 -1 1.6604 222.4744 753.7578 268.9027 861.2762 1.6640 0.6369 0.6615 -11.7554 3.8185 24.5808 1.2055 0.3543
Pedestrian -1 -1 1.5524 1033.7881 809.7692 1070.7139 907.2236 1.5843 0.6269 0.5479 1.5630 4.7987 25.7098 1.6285 0.3368
Cyclist -1 -1 -1.8201 1265.8300 770.2808 1340.9955 901.3147 1.6924 0.6934 1.8678 5.0836 3.9534 22.3224 -1.5715 0.7373
Cyclist -1 -1 1.3433 1079.2981 807.1817 1138.3109 916.2222 1.5936 0.6963 1.4789 2.4740 4.7617 25.2169 1.4584 0.3445
Cyclist -1 -1 -2.2661 1582.7494 793.4583 1718.2323 933.9695 1.6947 0.7124 1.9742 9.9056 4.2445 21.5798 -1.8010 0.2266
Cyclist -1 -1 1.7789 493.3674 839.0000 531.5629 906.3093 1.7356 0.7425 1.7853 -13.5895 8.3555 45.3204 1.4957 0.2132
Car -1 -1 1.6902 425.1096 780.3947 578.0955 913.0958 1.4266 1.8013 4.0257 -7.0321 4.0651 23.2340 1.3930 0.7924
Car -1 -1 -1.6600 814.2322 778.8172 920.2092 883.5092 1.5502 1.8474 4.2132 -2.0113 4.9569 30.8813 -1.7151 0.2746
Car -1 -1 1.3271 1859.3940 884.0942 1936.0000 1007.7340 1.6730 1.8345 3.8864 20.2951 7.4788 31.3558 1.9290 0.2351
