Pedestrian -1 -1 1.9481 317.8780 775.6859 365.8099 862.6582 1.7345 0.6883 0.8084 -13.1050 4.9676 31.6548 1.5547 0.5997
Pedestrian -1 -1 1.3244 1488.0168 798.9210 1547.2025 922.8735 1.5790 0.6418 0.6041 7.5684 3.9887 20.3628 1.7132 0.4764
Pedestrian -1 -1 -1.3281 380.3029 772.5092 413.9816 848.6844 1.6947 0.6109 0.5872 -13.1487 5.1685 34.8660 -1.6875 0.3920
Pedestrian -1 -1 -1.7901 1195.0731 767.9907 1262.4369 928.4144 1.6746 0.6209 0.6381 2.9466 3.2858 16.5139 -1.5878 0.3163
Pedestrian -1 -1 -1.5726 848.6389 766.2076 889.6664 888.0205 1.6778 0.5834 0.5633 -1.3277 3.7455 21.5852 -1.6261 0.2858
Pedestrian -1 -1 3.2491 679.2968 790.3544 713.4047 879.7160 1.7157 0.6853 0.6093 -5.3829 5.1201 30.4094 3.0797 0.2854
Cyclist -1 -1 1.1609 1101.1638 793.6736 1195.0465 924.9096 1.6919 0.7611 1.8933 2.8356 4.3909 22.9008 1.3031 0.6187
Cyclist -1 -1 -1.7966 1290.6580 786.5358 1368.1788 919.2341 1.6371 0.7279 1.9239 5.3420 4.0992 21.8030 -1.5305 0.4013
Cyclist -1 -1 1.7118 495.3339 836.9390 531.2499 907.4224 1.7350 0.7437 1.7531 -12.9508 8.0007 43.2698 1.4286 0.3060
Car -1 -1 1.6970 343.3120 777.3959 529.2491 939.2687 1.3676 1.7294 3.9316 -6.4363 3.4900 18.7071 1.3551 0.8543
Car -1 -1 -1.5270 796.5958 790.7956 906.3707 901.8630 1.4674 1.8602 4.5267 -2.0340 4.9201 28.8447 -1.5879 0.3637
Car -1 -1 1.7278 426.8344 842.0474 521.8675 916.5739 1.3222 1.8444 4.0274 -13.3031 7.5942 41.0652 1.4212 0.2529
Car -1 -1 1.9558 430.6447 796.3210 542.7859 864.8649 1.5387 1.8733 4.1528 -14.6718 7.1119 46.4701 1.6567 0.2417
