Pedestrian -1 -1 1.3555 1496.7448 791.7220 1559.3447 926.5955 1.6536 0.6589 0.6828 7.4607 3.8961 19.7073 1.7515 0.5213
Pedestrian -1 -1 1.8356 308.7922 781.4117 353.5137 870.6754 1.7419 0.6871 0.7361 -13.0708 5.0331 31.0356 1.4358 0.4616
Pedestrian -1 -1 -1.7669 1205.8992 776.6574 1268.7994 934.2339 1.6149 0.5808 0.5698 2.9791 3.2852 16.1704 -1.5582 0.3800
Cyclist -1 -1 1.1546 1108.5548 804.5588 1199.1914 924.5972 1.4723 0.6735 1.8517 2.8432 4.2652 22.2648 1.3010 0.4024
Cyclist -1 -1 1.7805 492.5993 781.4670 534.3173 855.3777 1.8218 0.7215 1.9685 -12.6054 6.3395 42.1424 1.4956 0.2545
Car -1 -1 1.7637 300.1276 771.3730 520.4307 948.0593 1.4265 1.7334 3.8218 -6.2849 3.3356 17.4635 1.4049 0.7775
Car -1 -1 -1.9023 1249.8027 802.2945 1452.2089 940.5964 1.3736 1.7529 4.0954 5.6812 4.2693 22.3176 -1.6271 0.4514
Car -1 -1 -1.5742 817.4203 801.7325 916.5842 911.5567 1.5372 1.8288 4.0351 -1.8522 5.2873 29.6480 -1.6263 0.3936
Car -1 -1 -1.4317 432.4371 787.1644 585.0992 916.2288 1.3864 1.7473 3.8223 -6.9082 4.1201 23.1717 -1.7245 0.2439
Car -1 -1 1.8503 406.2161 840.4907 525.5176 921.5907 1.4425 1.9150 4.2951 -13.2807 7.5738 40.3521 1.5388 0.2236
