Pedestrian -1 -1 1.3605 1450.8784 796.4020 1505.7982 920.0460 1.6501 0.6402 0.6069 7.3494 4.1300 21.2746 1.7240 0.6618
Pedestrian -1 -1 1.9486 334.1095 780.3610 379.0616 860.2419 1.6325 0.6590 0.7964 -13.1440 5.0550 32.5217 1.5643 0.4823
Pedestrian -1 -1 -1.7570 1179.0978 772.9990 1243.0541 923.4914 1.6552 0.6378 0.6503 2.9022 3.4122 17.4158 -1.5677 0.4354
Pedestrian -1 -1 -1.3659 390.1052 775.9329 423.1825 851.0590 1.6969 0.6274 0.5937 -13.1572 5.3153 35.4866 -1.7192 0.4187
Pedestrian -1 -1 2.0028 1810.9730 863.5082 1888.0834 992.9084 1.6144 0.6447 0.7781 12.4185 5.0275 20.9106 2.5763 0.2332
Cyclist -1 -1 1.2209 1095.3613 786.9492 1179.9200 914.1254 1.7095 0.7491 1.9064 2.7699 4.3863 23.6905 1.3557 0.6770
Cyclist -1 -1 -1.8434 1290.4290 796.9863 1370.1210 932.3364 1.6470 0.6761 1.8656 5.2827 4.2298 21.5097 -1.5765 0.5684
Cyclist -1 -1 -1.5962 748.7789 813.4058 778.9222 895.0138 1.7762 0.7380 2.0555 -5.1009 6.7725 38.5660 -1.7180 0.2761
Cyclist -1 -1 2.3002 1736.8719 850.4596 1896.4010 988.8694 1.6781 0.7813 1.9806 11.9568 4.9311 20.9136 2.8568 0.2395
Car -1 -1 1.7564 367.5977 779.8922 558.9630 928.4597 1.3989 1.7948 4.0162 -6.7246 3.7528 20.5997 1.4338 0.8865
Car -1 -1 -1.6583 816.8253 791.6400 928.1182 901.8989 1.4928 1.8491 4.4137 -1.8318 5.0466 29.5593 -1.7101 0.3379
Car -1 -1 -0.2053 1263.9478 796.7439 1431.6567 862.0724 1.8707 2.0121 5.1597 12.8969 7.7683 50.1515 0.0645 0.2323
Car -1 -1 -1.5193 607.0493 790.0281 702.2977 888.2544 1.5515 1.8073 3.9041 -6.6203 5.3801 32.6113 -1.7139 0.2294
