Pedestrian -1 -1 1.5015 1076.4583 810.2838 1116.7480 913.8629 1.6670 0.6554 0.8235 2.3479 4.9437 26.0083 1.6083 0.4834
Pedestrian -1 -1 1.3991 1378.9286 793.0693 1428.5323 907.5272 1.6934 0.6558 0.7342 7.0170 4.4091 23.7398 1.7133 0.4796
Pedestrian -1 -1 -1.4817 399.4790 780.1122 429.0942 852.0961 1.6859 0.6351 0.6146 -13.5421 5.5690 37.0345 -1.8297 0.4621
Pedestrian -1 -1 1.6211 1027.3022 812.9532 1064.5193 910.5808 1.6145 0.6170 0.5765 1.4917 4.9628 26.3024 1.6930 0.4593
Pedestrian -1 -1 1.7899 353.5626 770.1674 391.5985 850.0145 1.7323 0.6777 0.6850 -13.4802 5.0980 34.2566 1.4155 0.4091
Pedestrian -1 -1 -3.2224 1094.1012 784.4077 1140.4996 935.6747 1.7900 0.6104 0.5396 1.9440 3.8161 18.6794 -3.0996 0.2163
Cyclist -1 -1 -1.7873 1257.9487 768.4410 1328.6835 896.4336 1.6877 0.7054 1.8723 5.0363 3.9653 22.7831 -1.5456 0.6817
Cyclist -1 -1 -2.1484 1573.8914 805.1970 1689.4927 936.7964 1.6268 0.6582 1.9384 9.9327 4.4285 22.2357 -1.6949 0.2741
Cyclist -1 -1 0.8942 202.9777 754.3035 312.2993 865.8020 1.6888 0.7485 1.6969 -11.7585 3.9121 24.9888 0.4463 0.2614
Cyclist -1 -1 1.7126 490.7355 827.0857 526.4496 893.6708 1.7411 0.7829 1.8566 -13.9124 8.0921 45.9992 1.4268 0.2238
Car -1 -1 1.6777 440.6733 779.1003 583.8177 906.1400 1.4468 1.8117 4.0895 -7.2484 4.1961 24.4874 1.3879 0.8386
Car -1 -1 2.0786 0.0000 776.9114 167.5166 894.0491 1.5395 1.8533 4.3096 -16.6137 4.5614 27.5361 1.5285 0.2413
Car -1 -1 1.1860 1855.9484 863.5050 1936.0000 976.5107 1.5260 1.8355 4.0369 20.6144 6.9038 31.5340 1.7932 0.2290
