Pedestrian -1 -1 1.3497 1536.4457 787.9288 1602.4446 928.0225 1.6317 0.6452 0.7386 7.6511 3.7318 18.8369 1.7719 0.5282
Pedestrian -1 -1 1.9463 311.0026 776.0576 361.0363 867.6375 1.7626 0.6939 0.8145 -12.7732 4.8943 30.5674 1.5489 0.5149
Pedestrian -1 -1 -1.7714 1236.8452 778.2222 1300.1312 939.1019 1.5817 0.5613 0.5176 3.1743 3.1962 15.4796 -1.5403 0.4428
Pedestrian -1 -1 1.3531 1147.8674 793.6918 1209.6147 912.8157 1.5159 0.6458 1.2448 3.1110 4.0124 21.4791 1.5176 0.2267
Pedestrian -1 -1 1.7203 467.4173 811.6934 507.5402 885.7086 1.6718 0.7671 1.4772 -12.2011 6.5848 38.5446 1.4189 0.1061
Cyclist -1 -1 -1.8506 1301.1206 786.4029 1389.7034 929.5892 1.7177 0.7410 1.9739 5.4053 4.1093 21.1569 -1.5737 0.5670
Cyclist -1 -1 1.5930 476.6692 810.3628 511.5049 888.2789 1.7166 0.8049 1.7084 -11.9583 6.5838 38.3134 1.2957 0.3523
Cyclist -1 -1 1.3366 1145.0389 792.1610 1217.2623 919.4008 1.5561 0.6851 1.6528 3.1221 4.0407 21.3662 1.5025 0.3275
Cyclist -1 -1 1.7250 485.6952 794.2512 524.5634 866.2369 1.7195 0.7388 1.8574 -12.5716 6.5016 41.2573 1.4349 0.2338
Cyclist -1 -1 1.8328 467.5341 766.6938 561.2888 918.6371 1.7107 0.6962 2.0232 -5.8752 3.6822 19.7692 1.5374 0.2101
Car -1 -1 1.8664 238.2002 765.4697 511.3991 957.4331 1.4517 1.7306 3.8997 -6.1998 3.1714 16.2788 1.4856 0.7521
Car -1 -1 -1.4909 814.5790 804.2918 924.6394 912.4080 1.5047 1.8384 4.4601 -1.7926 5.4423 30.5658 -1.5389 0.3388
Car -1 -1 -0.1808 1446.4187 830.2252 1591.6930 893.6269 1.5532 1.8404 3.9660 17.1922 8.0817 46.2615 0.1952 0.2610
