Pedestrian -1 -1 1.6339 1290.2649 798.7548 1367.7059 985.9334 1.5981 0.6364 0.8081 3.4886 3.3007 14.1589 1.9093 0.5160
Pedestrian -1 -1 -1.2493 357.2981 777.5919 398.1038 864.5934 1.6722 0.5929 0.6583 -11.8169 4.8005 30.2943 -1.6224 0.4310
Pedestrian -1 -1 1.9153 217.1160 766.2389 276.0474 875.7055 1.6487 0.6578 0.6924 -11.4077 3.9422 23.8859 1.4608 0.4216
Pedestrian -1 -1 -1.4894 329.5419 774.9049 363.0834 867.3003 1.7271 0.5687 0.5527 -12.1022 4.7153 29.4399 -1.8816 0.2286
Pedestrian -1 -1 1.7686 395.7381 771.8193 448.4372 865.1893 1.6621 0.7123 1.4930 -10.7672 4.6776 29.9022 1.4222 0.1364
Cyclist -1 -1 1.7696 468.4275 805.3282 515.6909 885.1929 1.7075 0.7781 1.7444 -11.5877 6.2784 36.9777 1.4705 0.7433
Cyclist -1 -1 1.6349 515.2661 820.4138 547.9415 894.0974 1.7094 0.7293 1.7879 -11.6793 7.1529 40.6862 1.3621 0.6655
Cyclist -1 -1 1.7299 433.8069 807.0528 481.0078 894.0381 1.6080 0.7023 1.6886 -10.8561 5.6462 32.2626 1.4075 0.4653
Cyclist -1 -1 1.5217 527.0701 844.7999 555.8602 915.4456 1.7485 0.7429 1.7819 -12.3492 8.3551 43.9660 1.2563 0.4416
Cyclist -1 -1 1.7227 400.6135 770.6210 454.4575 868.0807 1.7016 0.7610 1.6882 -10.5859 4.6841 29.7058 1.3796 0.4021
Cyclist -1 -1 -1.8797 1363.5963 802.0774 1462.7400 961.0423 1.7060 0.7045 1.9696 5.7824 4.1033 19.2443 -1.5573 0.2411
Car -1 -1 -1.5414 885.3773 801.1490 977.4788 901.0726 1.5839 1.8718 4.2204 -0.6014 5.7665 33.3568 -1.5472 0.2887
