Pedestrian -1 -1 1.2481 1654.7426 789.1460 1743.5864 962.3596 1.6842 0.6522 0.7889 7.7997 3.4724 15.8343 1.7512 0.5905
Pedestrian -1 -1 1.5156 1213.9596 790.8042 1272.3701 934.8865 1.5893 0.6731 1.0421 3.4513 3.6899 18.3681 1.7262 0.3622
Pedestrian -1 -1 -0.8212 0.0000 635.9035 189.0245 1216.0000 1.6815 0.5638 0.4834 -2.4350 1.7122 3.9294 -1.5787 0.2468
Cyclist -1 -1 1.6314 498.4438 815.1448 530.5798 887.2191 1.7425 0.7490 1.7762 -12.5712 7.2209 42.1145 1.3480 0.4117
Cyclist -1 -1 -2.0116 1312.2006 819.1387 1411.4191 960.1211 1.5801 0.5979 1.8953 5.4473 4.3637 20.4488 -1.7236 0.3968
Cyclist -1 -1 1.7371 470.9258 816.0331 513.1042 893.1076 1.6800 0.7412 1.6901 -11.8737 6.6347 37.8798 1.4386 0.3905
Cyclist -1 -1 1.6907 447.0525 807.3835 490.5880 893.6700 1.7351 0.7532 1.7937 -11.5293 6.1289 35.0541 1.3767 0.3707
Cyclist -1 -1 1.4984 524.4634 841.6248 553.8956 910.8807 1.7511 0.7359 1.8123 -12.6809 8.4001 44.9028 1.2316 0.2513
Cyclist -1 -1 1.5066 1211.7968 789.9858 1272.4183 937.6334 1.6216 0.6878 1.1088 3.4359 3.7146 18.3610 1.7165 0.1829
Car -1 -1 2.0024 0.0000 753.0758 408.6758 1055.0029 1.4883 1.7919 3.9502 -5.6109 2.6178 11.1402 1.4938 0.8509
Car -1 -1 1.0990 1770.6604 769.9140 1936.0000 1058.3793 1.5519 1.8823 4.4361 8.6948 3.0184 12.7681 1.7589 0.5014
Car -1 -1 -1.5276 836.0616 823.3340 935.0645 924.8850 1.4644 1.8764 4.2250 -1.5483 5.9865 31.9614 -1.5646 0.3729
Car -1 -1 -1.4910 589.8337 782.0796 707.8497 897.1345 1.5930 1.8672 4.0434 -5.8939 4.8229 28.6116 -1.6901 0.3136
