Pedestrian -1 -1 1.2937 1617.7301 787.8525 1696.2881 946.5615 1.6373 0.6421 0.7401 7.7721 3.5068 16.7299 1.7711 0.5539
Pedestrian -1 -1 -1.6489 668.3964 773.5756 711.5263 887.2768 1.6494 0.6082 0.6444 -4.1942 3.9846 23.0995 -1.8265 0.3630
Cyclist -1 -1 1.1547 1180.7369 786.5026 1295.2328 940.6828 1.6504 0.7933 1.8250 3.4897 3.8119 19.0274 1.3602 0.5725
Cyclist -1 -1 -1.9215 1331.8281 807.6084 1425.0354 951.8388 1.6321 0.6514 1.8951 5.6409 4.2331 20.3257 -1.6224 0.4731
Cyclist -1 -1 1.6043 506.4842 817.6301 536.4161 888.9016 1.7638 0.7557 1.7570 -12.6542 7.4348 43.0586 1.3256 0.4320
Cyclist -1 -1 1.7585 460.3061 802.2674 507.4963 885.3435 1.7336 0.7480 1.8731 -11.5842 6.1590 36.3381 1.4542 0.4002
Car -1 -1 1.9422 43.9529 754.5402 450.1772 1011.2709 1.4767 1.8333 4.0870 -5.8515 2.7744 12.8540 1.4837 0.9224
Car -1 -1 1.6831 743.9088 832.7376 842.5235 918.8593 1.4720 1.9675 4.0805 -4.1495 6.9718 37.5198 1.5833 0.3752
Car -1 -1 -1.4959 842.8310 799.2643 954.9861 912.1232 1.6357 1.9307 4.4355 -1.2081 5.5048 30.9218 -1.5235 0.3232
Car -1 -1 0.9638 1773.8076 776.6738 1936.0000 1045.0337 1.4860 1.7905 4.0324 8.7861 2.9835 12.6870 1.6323 0.2423
