Pedestrian -1 -1 1.9509 199.4588 755.1522 258.2984 866.5842 1.6584 0.6479 0.6128 -11.4376 3.7227 23.3676 1.4854 0.4955
Pedestrian -1 -1 1.7221 1293.6687 805.7026 1383.4598 1007.1218 1.6628 0.6563 0.8621 3.4955 3.3983 13.8250 2.0046 0.4820
Pedestrian -1 -1 -1.2532 350.8880 775.5179 393.6420 863.2143 1.6667 0.6176 0.6789 -11.8126 4.7247 30.0048 -1.6298 0.3823
Pedestrian -1 -1 -1.5759 1240.4868 794.2147 1290.0500 940.5970 1.5675 0.5434 0.5506 3.4801 3.5411 17.1027 -1.3482 0.3123
Cyclist -1 -1 1.8075 373.3515 773.0632 434.2207 874.4170 1.7130 0.6977 1.8319 -10.7943 4.6813 29.0079 1.4498 0.5297
Cyclist -1 -1 1.7154 461.2357 811.1846 505.2618 892.5984 1.6966 0.7709 1.6940 -11.5485 6.3141 36.1700 1.4107 0.5273
Cyclist -1 -1 1.5804 526.3491 842.4572 554.0544 913.4129 1.7591 0.7500 1.7631 -12.3335 8.2740 43.8346 1.3144 0.5038
Cyclist -1 -1 -1.9815 1365.7546 830.3143 1473.6904 988.0847 1.6214 0.6284 1.9477 5.7786 4.3628 18.9611 -1.6549 0.4648
Cyclist -1 -1 1.7724 422.3756 789.0114 474.9614 879.9187 1.6683 0.7145 1.7489 -10.8337 5.2422 31.6529 1.4439 0.4429
Cyclist -1 -1 1.6626 503.8064 818.7081 540.1400 896.3623 1.7520 0.7460 1.8175 -11.5935 6.9968 39.5065 1.3835 0.4378
Car -1 -1 -1.5007 893.1390 807.0723 996.9691 912.2886 1.6326 1.9393 4.2937 -0.2869 5.9319 33.0798 -1.4967 0.3107
Car -1 -1 -1.6196 1374.5786 799.1686 1438.0381 868.6765 1.6974 1.9146 4.2195 14.9079 7.8204 50.2583 -1.3125 0.2558
