Pedestrian -1 -1 1.2318 1790.1648 807.5465 1902.4318 1009.1974 1.6594 0.6876 0.7805 8.0359 3.3779 13.6080 1.8204 0.6621
Pedestrian -1 -1 1.5446 1251.0455 793.5352 1313.8517 961.6328 1.6523 0.6459 0.8419 3.4665 3.5267 16.1423 1.7849 0.5345
Pedestrian -1 -1 3.1185 240.1027 791.4146 297.4178 886.1437 1.5049 0.5737 0.8811 -11.9508 4.4288 25.8051 2.6788 0.3505
Pedestrian -1 -1 -1.2754 356.8576 818.4316 400.3243 904.4467 1.6737 0.6663 0.7096 -12.1440 5.7581 31.1820 -1.6460 0.3285
Cyclist -1 -1 1.6653 518.3323 819.4609 552.0208 889.6399 1.7328 0.7563 1.7771 -12.2648 7.4604 43.0829 1.3953 0.4993
Cyclist -1 -1 1.6758 487.7548 814.8415 524.5392 889.5494 1.6933 0.7438 1.6817 -11.9619 6.8038 39.3410 1.3865 0.4429
Cyclist -1 -1 1.7963 424.6470 801.1263 478.8988 891.7393 1.7119 0.7330 1.8369 -11.1917 5.7009 32.9001 1.4707 0.3662
Cyclist -1 -1 2.8961 244.0771 791.1022 315.5315 889.1977 1.5357 0.6063 1.0039 -11.7689 4.4678 25.8309 2.4629 0.2935
Cyclist -1 -1 1.3532 1358.4337 815.4572 1445.0062 979.4405 1.7704 0.7227 2.0057 5.7367 4.3970 19.5797 1.6679 0.2672
Car -1 -1 2.2637 0.0000 726.0150 239.5798 1216.0000 1.4756 1.8069 4.0754 -5.3833 2.1117 7.3449 1.5413 0.4825
Car -1 -1 1.7273 496.4635 848.0528 571.4624 909.2293 1.3078 1.7267 3.6919 -13.6635 8.7568 47.9879 1.4588 0.3530
Car -1 -1 -1.7494 875.4421 820.2250 998.6034 928.0455 1.4886 1.8750 4.3117 -0.5867 5.8684 31.2407 -1.7558 0.2974
