Pedestrian -1 -1 1.5415 1231.6886 794.6033 1289.2155 944.0824 1.5769 0.6414 0.9199 3.4894 3.6160 17.4552 1.7652 0.5290
Pedestrian -1 -1 1.2473 1688.3082 795.5537 1784.3016 981.5726 1.7218 0.6717 0.7927 7.8287 3.5009 15.1342 1.7726 0.4369
Cyclist -1 -1 1.7125 495.2916 813.8089 533.1427 886.2755 1.7225 0.7525 1.7180 -12.2937 7.0365 41.1625 1.4287 0.4273
Cyclist -1 -1 1.7642 443.0642 804.8983 491.9277 889.9878 1.6633 0.7202 1.8044 -11.2589 5.8863 34.1456 1.4489 0.3652
Cyclist -1 -1 -1.6887 1353.8419 799.3098 1419.0780 943.8328 1.6285 0.6816 1.9077 5.7403 4.1088 20.2664 -1.3838 0.3545
Cyclist -1 -1 1.5415 1231.6886 794.6033 1289.2155 944.0824 1.5769 0.6414 0.9199 3.4894 3.6160 17.4552 1.7652 0.1465
Car -1 -1 2.0575 0.0000 743.5508 364.2110 1092.6324 1.4726 1.8196 4.2162 -5.5861 2.4350 9.9578 1.4930 0.8786
Car -1 -1 -2.0266 1838.2397 778.2803 1936.0000 1095.4945 1.5393 1.8656 4.3217 8.6780 2.9904 11.8253 -1.3261 0.5214
Car -1 -1 -1.5079 847.3524 820.5606 950.6162 924.5605 1.4791 1.8483 4.1691 -1.2348 5.8572 31.3457 -1.5357 0.4289
Car -1 -1 -1.4826 596.5398 790.0100 710.9117 898.5566 1.4533 1.7405 3.6376 -5.6263 4.7230 27.7121 -1.6791 0.4031
Car -1 -1 1.8189 0.0000 757.1923 168.1371 888.9718 1.4880 1.7897 4.0508 -13.8901 3.7614 23.4996 1.2728 0.3561
