Pedestrian -1 -1 1.5812 1267.7650 791.3357 1329.1241 960.9318 1.6032 0.5878 0.7716 3.4932 3.3746 15.4668 1.8337 0.5023
Pedestrian -1 -1 3.1127 237.9702 793.6048 288.2895 888.2448 1.4629 0.6086 0.7448 -11.7320 4.3473 25.1271 2.6691 0.4407
Pedestrian -1 -1 1.6816 1816.5580 801.9655 1917.2693 1015.4135 1.6606 0.6334 0.7015 7.8087 3.2429 12.8911 2.2848 0.4396
Pedestrian -1 -1 -1.4666 227.8853 841.0224 270.7186 937.2784 1.6304 0.6512 0.6530 -13.1430 5.6821 27.6190 -1.9133 0.3606
Pedestrian -1 -1 -1.2757 365.1576 803.9177 408.6586 891.0471 1.6900 0.6610 0.7139 -11.8800 5.4400 30.9462 -1.6420 0.2390
Cyclist -1 -1 1.6715 518.0256 817.9557 552.3012 891.5294 1.7629 0.7261 1.9127 -11.9858 7.3282 42.1055 1.4013 0.5202
Cyclist -1 -1 1.8118 405.8070 797.9287 462.2721 890.5458 1.6860 0.7204 1.7634 -11.1038 5.4414 31.5443 1.4746 0.4281
Cyclist -1 -1 1.7708 475.8237 817.2929 520.1550 894.2161 1.7058 0.7544 1.7233 -11.9215 6.7771 38.5251 1.4763 0.4198
Cyclist -1 -1 1.2154 1349.9469 815.5729 1454.1681 978.0407 1.7566 0.6996 2.0097 5.7359 4.3826 19.5774 1.5300 0.2669
Cyclist -1 -1 3.1647 237.7834 793.7628 289.3206 887.6417 1.4511 0.6222 0.7752 -11.7256 4.3408 25.1486 2.7217 0.1135
Car -1 -1 -1.4201 851.7106 830.6342 978.2941 943.0594 1.4998 1.8964 4.3454 -0.8603 6.0200 30.5762 -1.4361 0.4161
Car -1 -1 2.2386 0.0000 747.3406 225.6172 887.4593 1.4830 1.8370 4.3162 -13.0003 3.4701 22.0168 1.6905 0.2784
Car -1 -1 1.7840 494.3469 849.5748 578.2377 910.8643 1.2804 1.7630 3.7404 -13.3587 8.6590 47.1971 1.5170 0.2659
