Pedestrian -1 -1 1.5546 1274.9706 803.4013 1340.6071 981.2664 1.6381 0.6299 0.7490 3.5016 3.4921 15.0936 1.8138 0.5022
Pedestrian -1 -1 2.0302 215.9261 782.5375 279.1913 889.0331 1.6424 0.6652 0.7821 -11.7422 4.2792 24.6210 1.5777 0.4619
Pedestrian -1 -1 1.2778 1872.4913 832.1088 1936.0000 1052.0122 1.6430 0.6578 0.6526 7.9970 3.4159 12.3779 1.9126 0.4079
Pedestrian -1 -1 -1.2326 350.0595 798.7831 391.0448 882.5917 1.6267 0.6189 0.5926 -12.0880 5.2220 30.6127 -1.6091 0.4042
Cyclist -1 -1 1.6780 513.1458 818.2130 547.9945 890.6317 1.7175 0.7287 1.7893 -11.9248 7.1967 41.4428 1.4047 0.6445
Cyclist -1 -1 -2.0626 1347.2953 849.7214 1456.7126 999.1328 1.5579 0.5923 1.8757 5.7162 4.6368 19.5041 -1.7480 0.5030
Cyclist -1 -1 1.7094 402.2545 782.2992 453.1935 879.2288 1.7121 0.7343 1.8099 -10.8633 5.0228 30.4943 1.3673 0.4841
Cyclist -1 -1 1.7453 482.7217 818.6519 527.0598 897.8739 1.7349 0.7779 1.7707 -11.6427 6.8034 38.1955 1.4551 0.4141
Cyclist -1 -1 1.8700 423.8522 810.6419 480.7390 896.8488 1.6391 0.7192 1.6775 -11.1932 5.8351 32.9349 1.5450 0.3688
Car -1 -1 -1.5014 852.4885 835.0729 958.0500 941.9665 1.4970 1.8869 4.3053 -1.1152 6.2697 31.7654 -1.5244 0.2913
