Pedestrian -1 -1 1.3645 1586.3918 774.0138 1659.1169 932.1014 1.7053 0.6583 0.7599 7.6984 3.4880 17.4292 1.8208 0.6615
Pedestrian -1 -1 -3.2212 1895.1414 785.9423 1936.0000 895.5693 1.7657 0.6405 0.7015 16.5812 4.6005 25.8706 -2.6168 0.2597
Pedestrian -1 -1 -1.5911 674.7439 788.9396 711.7584 892.9621 1.5446 0.5658 0.6024 -4.2435 4.1785 23.6609 -1.7659 0.2169
Cyclist -1 -1 -1.9785 1304.7296 792.1678 1399.9086 934.2466 1.6674 0.6189 1.9040 5.4230 4.1094 20.8492 -1.6968 0.5560
Cyclist -1 -1 1.7500 456.2439 801.1573 503.4422 884.2141 1.7619 0.7725 1.9214 -11.8884 6.2384 36.9783 1.4433 0.5087
Cyclist -1 -1 1.1458 1167.3657 786.8497 1277.2272 935.6477 1.6476 0.7406 1.9119 3.4222 3.9001 19.7844 1.3401 0.4490
Cyclist -1 -1 1.5965 506.2901 836.3041 534.0615 907.3676 1.7544 0.7184 1.8806 -12.9310 8.0978 43.8719 1.3177 0.4103
Cyclist -1 -1 -3.0369 754.2039 762.5423 900.8777 901.1531 1.6858 0.7098 1.8186 -1.7100 3.4972 19.3059 -3.1199 0.2400
Cyclist -1 -1 1.6132 517.3948 821.1950 546.1758 886.7311 1.7775 0.7851 1.8412 -13.6182 8.1355 47.4514 1.3420 0.2257
Car -1 -1 1.9571 107.2924 755.3480 480.9114 986.0872 1.4699 1.8188 4.0349 -5.9471 2.8622 13.9061 1.5270 0.8980
Car -1 -1 1.5795 756.8783 829.7844 833.8948 913.9194 1.4531 1.8463 4.0182 -4.1793 6.9537 38.0639 1.4805 0.3288
Car -1 -1 -1.5267 846.8619 801.4710 951.5339 912.9992 1.6319 1.9245 4.4040 -1.2153 5.5683 31.1213 -1.5543 0.2853
Car -1 -1 1.8781 453.1413 839.8341 557.3961 905.8851 1.3461 1.8785 4.1932 -14.0650 8.3139 46.3637 1.5917 0.2633
Car -1 -1 -0.0123 1143.9597 836.9756 1305.8204 917.9719 1.6043 1.7620 3.8716 6.5416 7.0502 37.1883 0.1800 0.2320
