Pedestrian -1 -1 1.1713 1753.0284 804.1157 1862.9318 998.2360 1.6823 0.6812 0.7906 8.0407 3.4412 14.2306 1.7378 0.7619
Pedestrian -1 -1 1.5053 1243.4733 799.0826 1305.5499 955.8629 1.5971 0.6489 0.8570 3.5028 3.6060 16.7703 1.7388 0.6140
Pedestrian -1 -1 3.1540 252.5514 790.0671 296.5665 890.7180 1.6394 0.6125 0.6923 -12.0093 4.5756 26.1627 2.7183 0.4001
Pedestrian -1 -1 -1.6592 1133.7281 768.6713 1183.7872 897.1663 1.5855 0.6062 0.6614 2.5802 3.5018 19.5829 -1.5077 0.3756
Pedestrian -1 -1 -1.3306 363.9868 819.6674 404.1861 902.5992 1.6240 0.6387 0.7134 -12.1641 5.7819 31.5304 -1.6977 0.3535
Cyclist -1 -1 -1.8877 1357.3188 832.3015 1447.6173 978.4819 1.5639 0.6307 1.8567 5.7436 4.4059 19.5634 -1.5725 0.5663
Cyclist -1 -1 1.8025 432.1589 804.7252 486.1281 893.6241 1.7047 0.7401 1.8184 -11.2015 5.8352 33.4115 1.4818 0.4644
Cyclist -1 -1 1.7121 493.8117 815.0262 531.7413 888.0385 1.7117 0.7391 1.7690 -12.2312 7.0199 40.8230 1.4273 0.4115
Cyclist -1 -1 1.6867 517.8530 843.6797 552.6078 915.4609 1.7644 0.7560 1.7669 -12.3429 8.2445 43.3631 1.4176 0.3973
Cyclist -1 -1 1.4907 1242.4364 799.5032 1306.0076 957.9075 1.6085 0.6510 0.9125 3.5028 3.6272 16.7894 1.7239 0.1465
Car -1 -1 2.2098 0.0000 745.8978 327.2714 1134.9592 1.4421 1.7994 3.9901 -5.4979 2.3165 8.7990 1.5846 0.8155
Car -1 -1 -1.4863 589.9880 788.2596 706.7741 900.8697 1.4647 1.7371 3.6945 -5.5737 4.6256 27.0008 -1.6865 0.4807
Car -1 -1 2.0688 1703.4626 826.1572 1936.0000 1009.0797 1.3897 1.6049 3.5086 9.9299 3.7760 16.2147 2.6662 0.2812
