Pedestrian -1 -1 1.9890 111.1949 761.6039 186.0989 892.7103 1.7214 0.7046 0.6783 -11.2818 3.6548 20.7789 1.4770 0.6504
Pedestrian -1 -1 -1.2396 328.6935 788.3664 374.4351 879.2755 1.6110 0.6172 0.6548 -11.4455 4.7188 28.0860 -1.6293 0.5004
Pedestrian -1 -1 1.5467 1032.8507 853.0624 1066.9194 946.7426 1.7240 0.6610 0.5952 1.7372 6.2520 29.3642 1.6213 0.2473
Cyclist -1 -1 1.8974 1324.1099 800.1481 1523.4067 1071.7791 1.6439 0.8004 1.8993 3.5338 3.0867 11.3208 2.2463 0.6575
Cyclist -1 -1 -1.8934 1429.2991 841.1613 1540.6611 1018.4924 1.6999 0.7243 1.9209 6.1597 4.3997 17.6930 -1.5241 0.5615
Cyclist -1 -1 1.7523 445.7670 793.7175 496.6059 882.1525 1.7016 0.7545 1.8383 -10.9307 5.5811 33.4043 1.4387 0.5279
Cyclist -1 -1 1.8789 321.0080 769.0223 397.3843 882.9845 1.7229 0.7122 1.8323 -10.4156 4.3126 25.9304 1.4924 0.5034
Cyclist -1 -1 1.7414 481.3162 812.2198 526.2236 891.8908 1.6401 0.7458 1.6824 -10.9400 6.2351 35.8036 1.4494 0.4044
Car -1 -1 -0.2860 1289.9739 889.1311 1514.1102 982.0984 1.4132 1.7577 3.8250 8.4432 6.6786 28.8803 0.0215 0.2835
Car -1 -1 -1.6314 904.8123 839.4308 1000.5732 940.6697 1.4987 1.9415 4.2681 -0.2592 6.6293 33.5800 -1.6260 0.2620
