Pedestrian -1 -1 1.9694 137.9163 763.5617 205.8601 884.5560 1.6358 0.6608 0.6592 -11.2913 3.6542 21.4067 1.4705 0.5871
Pedestrian -1 -1 2.1287 1320.6099 803.7644 1458.6149 1042.9713 1.6454 0.6383 0.8902 3.3267 3.0972 11.6085 2.4508 0.4414
Pedestrian -1 -1 -1.3027 324.8127 772.8024 368.5865 866.9895 1.7025 0.6321 0.6111 -11.6868 4.5502 28.4502 -1.6954 0.3887
Pedestrian -1 -1 -0.0721 1264.4456 857.1769 1335.6340 1061.8914 1.6404 0.6256 0.5870 2.9734 3.7411 13.1637 0.1834 0.2511
Pedestrian -1 -1 -1.5633 787.2269 843.9330 817.4409 924.9341 1.7070 0.6633 0.5651 -3.5579 6.6601 33.5064 -1.6590 0.2363
Cyclist -1 -1 -1.9167 1413.7836 844.4709 1524.0580 1014.1546 1.6676 0.7087 1.9195 6.1277 4.4749 18.1561 -1.5581 0.6184
Cyclist -1 -1 1.8478 336.0202 776.8066 406.1676 883.6597 1.6431 0.6970 1.8070 -10.4704 4.4387 26.5868 1.4690 0.5583
Cyclist -1 -1 1.6877 446.0251 794.9299 489.3792 880.3337 1.6641 0.7241 1.7746 -11.1512 5.6173 33.8282 1.3720 0.5474
Cyclist -1 -1 1.8064 393.3399 782.4159 453.8683 880.3320 1.6648 0.7183 1.7994 -10.5381 4.8560 29.3632 1.4612 0.3089
Cyclist -1 -1 1.6781 488.9344 814.2615 529.0055 894.5679 1.6658 0.7401 1.7416 -10.9660 6.3791 36.2983 1.3896 0.2568
Cyclist -1 -1 2.1789 1317.5576 802.9964 1466.8274 1044.9078 1.6566 0.6709 0.9570 3.3468 3.1055 11.6119 2.5027 0.2130
Car -1 -1 -1.5907 902.2839 836.0602 994.3083 941.1691 1.5801 1.9411 4.4736 -0.3088 6.6682 33.7819 -1.5867 0.3591
Car -1 -1 1.8905 466.2361 820.6368 579.8070 890.2036 1.2467 1.7493 3.9157 -11.6518 6.7443 40.0088 1.6132 0.2893
