Pedestrian -1 -1 1.9924 177.1483 764.5117 239.4977 877.5092 1.6260 0.6481 0.6258 -11.4050 3.7729 22.6657 1.5151 0.5199
Pedestrian -1 -1 1.6775 1316.3639 791.7274 1408.8741 1003.9467 1.6531 0.6593 0.8580 3.4966 3.1617 12.9984 1.9783 0.4897
Pedestrian -1 -1 -1.1965 339.6716 784.4506 383.4761 874.7914 1.6906 0.6152 0.6221 -11.7883 4.8617 29.4079 -1.5794 0.3145
Pedestrian -1 -1 1.6838 1050.8649 878.2526 1082.5099 966.3314 1.8006 0.6266 0.5573 2.3167 7.4201 32.8348 1.7701 0.2682
Pedestrian -1 -1 -1.6009 781.2119 835.8836 809.0910 912.5591 1.6609 0.6276 0.5656 -3.8328 6.5715 34.4843 -1.7016 0.2676
Cyclist -1 -1 -1.8717 1395.2021 806.9818 1489.4816 964.8033 1.6392 0.6390 1.9018 5.9911 4.0356 18.7184 -1.5298 0.5150
Cyclist -1 -1 1.8390 369.2593 771.5848 436.9814 878.6183 1.7621 0.7217 1.9129 -10.5421 4.6352 28.3054 1.4806 0.5062
Cyclist -1 -1 1.6559 496.2313 816.9782 532.6645 893.5433 1.6908 0.7448 1.7772 -11.5540 6.7839 38.7084 1.3717 0.4941
Cyclist -1 -1 1.6137 524.5870 835.4739 555.7365 908.3613 1.7655 0.7660 1.7756 -12.0050 7.9075 42.6678 1.3473 0.4831
Cyclist -1 -1 1.7635 463.1771 805.6490 511.0504 888.4692 1.6963 0.7492 1.8038 -11.2912 6.1196 35.6591 1.4610 0.4429
Cyclist -1 -1 1.8203 408.2779 788.8454 466.6743 881.6901 1.6659 0.7282 1.7509 -10.8151 5.1556 30.9281 1.4846 0.3733
Car -1 -1 -1.5731 887.3149 800.4060 980.1088 903.4890 1.6253 1.9237 4.3431 -0.5879 5.7748 33.1776 -1.5785 0.3496
