Pedestrian -1 -1 1.9851 80.5915 745.8799 161.7717 882.5159 1.6733 0.6760 0.7728 -10.9343 3.2838 19.4849 1.4558 0.5204
Pedestrian -1 -1 -1.2527 311.6436 789.7461 359.2030 885.8388 1.6625 0.6410 0.6244 -11.4479 4.7165 27.3677 -1.6523 0.4354
Pedestrian -1 -1 0.1865 571.9524 774.9928 661.0023 972.3223 1.7088 0.6560 0.6979 -3.1761 3.1305 13.8204 -0.0507 0.2435
Pedestrian -1 -1 -1.7804 1331.4435 847.9441 1395.5947 1007.0338 1.6645 0.6096 0.5267 4.4970 4.2045 16.7418 -1.4867 0.2335
Cyclist -1 -1 -1.9386 1460.8613 861.1673 1588.9648 1056.7843 1.7709 0.7515 1.9807 6.3472 4.6075 16.9541 -1.5442 0.6954
Cyclist -1 -1 1.7568 473.3560 809.6265 520.3356 892.7059 1.6500 0.7390 1.5951 -10.6206 5.9826 34.2409 1.4599 0.5304
Cyclist -1 -1 1.8060 363.2371 771.2198 429.2453 879.4583 1.6979 0.7026 1.8831 -10.2117 4.4438 27.0844 1.4425 0.5150
Cyclist -1 -1 1.8909 283.8197 771.0173 369.0425 894.5675 1.7188 0.7222 1.8539 -10.1687 4.1589 24.0182 1.4836 0.4920
Cyclist -1 -1 2.1409 1355.6931 794.5876 1618.8024 1093.0588 1.6624 0.7665 1.7982 3.5684 2.9020 10.0967 2.5360 0.4917
Cyclist -1 -1 1.7855 418.3643 798.3026 477.5679 894.9519 1.7050 0.7663 1.9056 -10.5952 5.4058 30.9253 1.4568 0.4683
Cyclist -1 -1 2.4800 1072.4423 801.4399 1168.1577 890.9902 1.7713 0.8406 2.0751 3.6205 5.8899 33.9951 2.6025 0.3013
Car -1 -1 -0.2463 1308.1812 874.0076 1539.9976 976.5920 1.4920 1.8326 3.8255 8.5659 6.3229 27.9432 0.0752 0.4693
Car -1 -1 -1.4867 908.8280 800.8254 1010.7579 900.5716 1.6150 1.9256 4.3383 0.0363 5.9286 34.4141 -1.4726 0.2638
Car -1 -1 1.2990 1811.9213 885.4278 1936.0000 987.3871 1.5435 1.8948 3.9200 21.9069 8.1547 35.7958 1.8731 0.2266
