Pedestrian -1 -1 1.8806 0.0000 738.4534 71.7533 892.0427 1.7115 0.6423 0.6249 -10.9388 3.0791 17.6230 1.3018 0.5206
Pedestrian -1 -1 -1.3419 294.1036 778.1010 338.5758 875.2678 1.5853 0.5834 0.6235 -11.1615 4.2749 25.8938 -1.7544 0.4087
Pedestrian -1 -1 -1.4452 620.4487 859.5313 665.6366 971.9803 1.5394 0.5849 0.5570 -4.6839 5.0436 22.0326 -1.6526 0.2719
Cyclist -1 -1 -1.7868 1502.4146 881.6635 1611.7596 1085.7737 1.7975 0.8014 1.9864 6.6831 4.8749 16.8710 -1.3727 0.6715
Cyclist -1 -1 2.0431 196.7606 761.4056 314.2061 900.9384 1.7188 0.7282 1.9313 -10.0145 3.7519 21.2990 1.5918 0.6022
Cyclist -1 -1 1.8696 378.7405 782.0652 449.2495 885.0196 1.6980 0.7459 1.8734 -10.4202 4.7974 28.5353 1.5182 0.5341
Cyclist -1 -1 2.1186 1447.5719 779.5892 1771.4772 1138.0029 1.6670 0.7617 1.8083 3.6680 2.6205 8.4278 2.6039 0.4333
Cyclist -1 -1 1.8595 438.9608 807.7342 500.5743 900.6365 1.6808 0.7635 1.7285 -10.2924 5.6231 31.3709 1.5447 0.4297
Cyclist -1 -1 1.6431 502.6044 824.9955 543.5214 912.0124 1.7203 0.7799 1.8101 -10.2350 6.5292 34.9740 1.3636 0.3632
Car -1 -1 -1.4487 758.4838 835.3106 868.9969 941.5325 1.4291 1.6829 3.6199 -2.8191 5.8023 29.2426 -1.5354 0.5301
Car -1 -1 1.9027 508.3768 823.4431 617.1194 895.1103 1.5567 1.9857 4.2242 -12.3931 8.0579 46.7816 1.6522 0.3314
Car -1 -1 1.6772 911.8703 852.7596 1009.1811 943.5305 1.3973 1.8329 3.7996 0.0403 7.0406 35.0409 1.6919 0.2522
