Pedestrian -1 -1 1.8128 26.3500 747.0056 100.1661 892.6321 1.6582 0.6297 0.7096 -10.9149 3.1794 18.1945 1.2511 0.4779
Pedestrian -1 -1 -1.2307 298.0754 775.6377 347.5781 874.8275 1.6384 0.5991 0.7053 -11.1814 4.3174 26.2052 -1.6391 0.4583
Pedestrian -1 -1 0.0025 1535.8940 847.3326 1687.4287 1119.5380 1.4089 0.6767 0.7905 3.9258 2.8214 9.0133 0.4829 0.3812
Pedestrian -1 -1 2.4806 1370.8030 835.7359 1535.1180 1103.8367 1.4775 0.6689 0.7213 3.0556 2.8525 9.3299 2.8537 0.2510
Pedestrian -1 -1 -0.4290 1418.8400 833.3238 1592.1722 1130.6545 1.5215 0.6428 0.7384 3.0526 2.7432 8.4384 -0.0157 0.2298
Cyclist -1 -1 1.8116 390.8773 780.1803 455.9765 886.0085 1.7778 0.7435 1.9772 -10.4589 4.9099 29.1426 1.4664 0.6018
Cyclist -1 -1 1.7867 453.4392 808.1378 507.5994 897.9877 1.6812 0.7515 1.8190 -10.5131 5.8100 32.7558 1.4791 0.5391
Cyclist -1 -1 1.9991 220.4106 756.4288 330.7671 896.6630 1.7951 0.7158 2.0309 -10.0836 3.8263 22.0742 1.5603 0.5010
Cyclist -1 -1 -1.8717 1467.2614 889.6301 1587.1456 1089.0557 1.7917 0.7897 1.9999 6.4715 5.0212 17.2103 -1.4766 0.4879
Car -1 -1 -1.4406 759.1895 838.6732 869.7239 944.3935 1.4310 1.6820 3.7096 -2.8562 5.9579 29.7772 -1.5266 0.5851
Car -1 -1 -1.5425 907.0220 797.6195 991.8082 888.9885 1.5251 1.7944 3.9750 -0.2190 5.7552 34.6074 -1.5361 0.2607
