Pedestrian -1 -1 1.9266 146.5901 763.3646 212.2164 883.0002 1.6411 0.6643 0.6533 -11.3574 3.6881 21.7386 1.4322 0.4684
Pedestrian -1 -1 2.1056 1314.7415 795.9781 1443.1890 1028.9927 1.6638 0.6412 0.8270 3.3381 3.0893 11.9465 2.4195 0.3808
Pedestrian -1 -1 -1.2661 330.8389 773.7186 374.8224 866.3231 1.6948 0.6298 0.6129 -11.6994 4.5906 28.7676 -1.6550 0.3366
Cyclist -1 -1 -1.9865 1400.9291 830.9154 1519.5863 1000.2579 1.6817 0.6866 1.9763 6.0714 4.3431 18.3109 -1.6335 0.6451
Cyclist -1 -1 1.7217 448.2940 806.1967 494.2498 891.3501 1.6683 0.7340 1.7824 -11.2026 5.9324 34.2341 1.4087 0.4764
Cyclist -1 -1 1.8495 345.3769 771.4673 416.5589 882.0558 1.7465 0.7169 1.8919 -10.5229 4.5058 27.1779 1.4771 0.4601
Cyclist -1 -1 -1.1550 619.9836 769.1526 730.2371 923.6366 1.6505 0.6389 1.9392 -3.5830 3.5710 18.8925 -1.3439 0.2747
Cyclist -1 -1 1.7175 484.8826 812.2714 527.3152 892.8342 1.7101 0.7452 1.7619 -11.2402 6.4585 36.9727 1.4275 0.2532
Cyclist -1 -1 1.5470 530.0637 826.9640 559.2103 898.2318 1.6906 0.7576 1.7939 -11.6890 7.4870 41.9302 1.2825 0.2421
Cyclist -1 -1 2.0727 1306.4775 795.7244 1440.3118 1031.7761 1.6811 0.6800 0.8753 3.3069 3.1134 11.9911 2.3828 0.1186
Car -1 -1 -1.5738 888.2501 835.0306 982.2329 939.2247 1.4891 1.8694 4.1368 -0.5321 6.2514 31.8169 -1.5778 0.2906
Car -1 -1 -1.6037 1399.3295 799.6177 1461.9274 868.6663 1.6340 1.8737 4.0829 15.3011 7.6033 48.8684 -1.2811 0.2778
Car -1 -1 -1.4310 560.9494 777.5984 718.4954 915.4489 1.5332 1.8365 4.1122 -4.9256 4.1409 23.4254 -1.6372 0.2608
Car -1 -1 2.1869 0.0000 789.4478 135.9529 943.2360 1.4197 1.7212 3.8314 -12.9207 3.8199 19.8795 1.5932 0.2377
