Pedestrian -1 -1 1.9188 0.0000 735.6414 61.3844 888.7051 1.6737 0.6506 0.5865 -10.8372 2.9770 17.2374 1.3329 0.4970
Pedestrian -1 -1 -1.3737 290.0898 773.6242 332.4934 871.8716 1.5943 0.5693 0.5656 -11.1342 4.1767 25.6285 -1.7896 0.4228
Cyclist -1 -1 -1.8619 1511.1060 880.1779 1637.5718 1087.3849 1.7752 0.8068 2.0014 6.6930 4.7591 16.4342 -1.4369 0.6347
Cyclist -1 -1 2.1080 174.8075 759.2477 303.2551 902.1914 1.7100 0.7411 1.9160 -9.9678 3.6600 20.7218 1.6467 0.5777
Cyclist -1 -1 1.8393 368.2927 783.2629 435.9231 888.1189 1.6888 0.7201 1.8473 -10.4162 4.7459 27.9154 1.4803 0.4508
Cyclist -1 -1 1.8360 433.9326 802.2168 494.8661 897.9218 1.6992 0.7410 1.8198 -10.2541 5.4754 30.9193 1.5175 0.4343
Cyclist -1 -1 2.2140 1467.7157 773.0107 1842.4561 1152.9315 1.6714 0.7506 1.8389 3.6416 2.5186 7.8434 2.7321 0.3167
Cyclist -1 -1 1.7504 485.1420 818.0136 534.0270 906.0367 1.6931 0.7404 1.8009 -10.1952 6.1794 33.8052 1.4618 0.2939
Car -1 -1 -1.4614 758.1873 839.8104 870.2110 949.3284 1.4537 1.7251 3.5969 -2.7661 5.8543 28.8031 -1.5477 0.4354
Car -1 -1 -1.4357 907.5914 864.6900 1012.2062 958.7515 1.4403 1.9196 3.8550 0.0291 7.4445 35.3959 -1.4212 0.3332
Car -1 -1 1.9142 504.5730 817.0546 613.3000 888.8700 1.5641 1.9307 4.1543 -12.3740 7.7854 46.2613 1.6610 0.2763
