Pedestrian -1 -1 1.9315 53.6579 738.9959 134.9710 886.4205 1.7548 0.6902 0.7048 -10.9132 3.2238 18.8440 1.3869 0.6103
Pedestrian -1 -1 -1.2273 301.8459 779.0626 351.9779 876.7678 1.6446 0.6141 0.7444 -11.3592 4.4470 26.7941 -1.6326 0.4359
Pedestrian -1 -1 2.4402 1436.7305 852.0366 1620.1449 1109.2174 1.4485 0.6793 0.8754 3.6514 2.9839 9.6609 2.8613 0.3458
Pedestrian -1 -1 -1.1688 189.9742 752.5483 290.1243 965.5143 1.6038 0.5546 0.5641 -5.7436 2.6481 11.9306 -1.6544 0.2770
Cyclist -1 -1 1.7964 467.1331 804.6685 520.5123 892.5420 1.7125 0.7678 1.7733 -10.5454 5.8840 33.7891 1.4974 0.6879
Cyclist -1 -1 -1.7881 1480.3885 877.5829 1587.7136 1082.5006 1.8106 0.7767 2.0383 6.4467 4.8529 16.9323 -1.3881 0.6089
Cyclist -1 -1 1.7972 407.4129 788.1845 470.1894 890.9264 1.7828 0.7680 2.0032 -10.5587 5.2028 30.2845 1.4623 0.5657
Cyclist -1 -1 1.9004 265.1921 764.2932 354.2437 890.1592 1.7050 0.7203 1.8664 -10.1441 3.9710 23.3487 1.4824 0.5568
Cyclist -1 -1 1.9076 334.6349 770.3884 414.6406 881.8201 1.6800 0.7194 1.8773 -10.1681 4.3008 25.9857 1.5304 0.3992
Cyclist -1 -1 2.5087 1429.4459 851.8494 1618.3103 1109.5870 1.4560 0.7066 0.9038 3.6213 2.9902 9.6676 2.9265 0.1291
Car -1 -1 -1.5554 756.0342 833.8495 849.5209 940.4055 1.4651 1.7672 3.8426 -3.1613 5.9807 30.3328 -1.6498 0.4398
