Pedestrian -1 -1 -1.3268 316.0490 785.1641 359.9445 879.1125 1.6260 0.6120 0.6274 -11.4386 4.6069 27.4580 -1.7250 0.4838
Pedestrian -1 -1 1.8614 101.7648 760.9048 171.4046 891.5247 1.6391 0.6505 0.7066 -11.0497 3.5011 20.0550 1.3416 0.4601
Pedestrian -1 -1 1.6555 1047.6670 854.2866 1085.5386 952.9087 1.7437 0.6607 0.6151 2.0085 6.1661 28.4716 1.7419 0.3126
Pedestrian -1 -1 0.0037 592.7198 759.5738 666.1933 953.0044 1.7143 0.6345 0.6649 -3.1447 3.0251 14.1712 -0.2250 0.2658
Cyclist -1 -1 -1.8765 1463.9429 848.5281 1579.7014 1034.4120 1.6837 0.7294 1.9780 6.3364 4.3794 17.0096 -1.4835 0.6257
Cyclist -1 -1 1.9233 286.4363 767.2321 372.4104 886.7603 1.7060 0.7069 1.8703 -10.3517 4.1347 24.5653 1.5181 0.5064
Cyclist -1 -1 2.0837 1353.0105 793.9148 1598.2081 1078.3208 1.6215 0.7495 1.8260 3.6033 2.8956 10.4115 2.4702 0.5020
Cyclist -1 -1 1.8317 417.7978 800.5069 477.3029 894.7125 1.7094 0.7314 1.8636 -10.8529 5.5379 31.6485 1.5031 0.4511
Cyclist -1 -1 2.6202 1068.6031 787.4137 1166.8875 872.8387 1.7556 0.8822 2.1006 3.6260 5.6102 34.6540 2.7408 0.3991
Cyclist -1 -1 1.8037 471.2687 811.0461 522.3796 894.9806 1.6934 0.7566 1.7292 -10.8522 6.1594 34.9917 1.5071 0.3883
Car -1 -1 -3.3642 1309.4064 879.7182 1535.2902 980.3454 1.4463 1.7756 3.7574 8.5414 6.3932 27.9648 -3.0438 0.4755
Car -1 -1 -1.8047 864.3640 799.3990 986.7592 898.3867 1.5840 1.9034 4.4195 -0.9063 5.9083 34.6830 -1.8187 0.3049
