Pedestrian -1 -1 -1.2941 271.9370 773.6134 321.3749 874.6722 1.5783 0.5908 0.6803 -11.0396 4.0878 24.8545 -1.7191 0.3689
Pedestrian -1 -1 -3.4114 1683.3302 771.5380 1890.9185 1170.3851 1.6273 0.6441 0.7335 3.7472 2.3396 6.8390 -2.8053 0.2707
Pedestrian -1 -1 -0.1186 1187.8756 856.5746 1237.7280 993.1285 1.4139 0.6382 0.4997 2.8472 4.0937 16.9616 0.0722 0.2328
Cyclist -1 -1 -1.8269 1512.4958 881.1567 1616.6354 1075.3204 1.6844 0.6677 1.9424 6.6852 4.7126 16.6590 -1.4075 0.6653
Cyclist -1 -1 1.9306 131.1940 747.5037 247.9492 902.7156 1.6977 0.7137 1.8970 -9.7168 3.3286 18.9046 1.4384 0.6528
Cyclist -1 -1 1.8122 351.3762 771.3157 420.4105 882.7427 1.6948 0.7071 1.8904 -10.1004 4.3671 26.3110 1.4419 0.6146
Cyclist -1 -1 1.8220 410.6961 795.4570 475.3432 897.6880 1.7301 0.7616 1.8703 -10.1971 5.2027 29.4846 1.4895 0.5588
Cyclist -1 -1 1.6863 494.3086 821.2700 540.0636 914.8950 1.7285 0.7446 1.7957 -9.6459 6.1247 32.5317 1.4021 0.4632
Cyclist -1 -1 1.9266 247.1988 759.2929 347.6856 895.9945 1.7401 0.7297 1.9562 -9.7350 3.8078 22.0067 1.5001 0.3929
Car -1 -1 -1.6478 766.1293 840.1501 873.0482 956.4750 1.4480 1.7211 3.6224 -2.6809 5.7091 27.6763 -1.7352 0.6115
Car -1 -1 -1.5464 365.8233 782.9155 434.6667 852.4651 1.5251 1.8255 4.1213 -16.9202 6.5427 45.2400 -1.8993 0.2725
Car -1 -1 -1.4724 291.7800 790.0938 373.3600 861.3267 1.5122 1.8121 4.1123 -18.5731 6.6549 44.3238 -1.8648 0.2569
Car -1 -1 1.8971 495.4815 812.8406 602.4778 885.3728 1.5685 1.8948 4.0194 -12.3712 7.4995 45.1250 1.6373 0.2481
Car -1 -1 -1.7149 1268.0110 789.9565 1345.0420 862.7925 1.7224 1.8617 4.0218 10.7848 7.1353 46.9480 -1.4710 0.2372
Car -1 -1 -1.5612 931.9730 804.1030 1011.6507 892.3065 1.5975 1.9016 4.1588 0.3158 6.3751 37.7601 -1.5395 0.2326
