Pedestrian -1 -1 -1.1361 249.9599 777.1735 312.3587 893.0549 1.7283 0.6493 0.7418 -10.7476 4.1741 23.6493 -1.5706 0.4152
Pedestrian -1 -1 -3.6081 1755.4916 858.4015 1936.0000 1204.2266 1.5787 0.6210 0.7265 4.5842 2.8361 7.6870 -2.9767 0.3032
Pedestrian -1 -1 -1.7103 1145.9441 906.8556 1184.1838 1008.7908 1.6932 0.6120 0.5980 3.6513 6.8075 26.8222 -1.5562 0.2348
Cyclist -1 -1 -1.9678 1516.8562 899.1862 1657.2458 1106.8956 1.7629 0.7740 1.9404 6.7633 4.9280 16.2730 -1.5354 0.6928
Cyclist -1 -1 1.7457 452.4608 822.2775 507.8543 924.4980 1.6619 0.7164 1.7594 -9.2436 5.5826 28.7854 1.4365 0.6640
Cyclist -1 -1 1.7958 361.8489 779.3672 427.9909 891.8082 1.6819 0.6921 1.7946 -9.7802 4.4518 25.8795 1.4309 0.5768
Cyclist -1 -1 1.9052 273.6850 775.9932 366.6790 906.8113 1.7108 0.7102 1.9804 -9.7922 4.1287 22.9159 1.4935 0.5740
Cyclist -1 -1 2.1879 0.0000 736.2360 154.6807 927.0006 1.7310 0.7474 1.9413 -9.4087 2.9743 15.7116 1.6208 0.5450
Cyclist -1 -1 1.7291 432.9892 839.8839 468.2336 908.2117 1.7303 0.7151 1.7516 -15.2175 8.2740 44.5963 1.4077 0.4622
Cyclist -1 -1 2.0549 123.4456 750.9232 257.9400 908.9030 1.6818 0.7080 1.8488 -9.4018 3.3044 18.3271 1.5625 0.3652
Cyclist -1 -1 -1.1474 246.2831 776.6378 319.6057 892.6855 1.6899 0.6879 1.0629 -10.7416 4.1500 23.7102 -1.5807 0.1318
Car -1 -1 -1.5739 770.0904 838.4501 879.4824 964.0965 1.4486 1.7330 3.6762 -2.3240 5.3794 25.6215 -1.6555 0.6353
Car -1 -1 -1.3682 940.3058 798.4553 1056.1974 893.8333 1.6118 1.9068 4.2312 0.9575 6.0389 35.8630 -1.3277 0.2708
