Pedestrian -1 -1 0.5167 0.0000 744.2110 54.3672 913.7661 1.7870 0.6757 0.6620 -10.6107 3.1429 16.6331 -0.0767 0.4784
Pedestrian -1 -1 -1.3422 277.1348 768.0696 322.4913 870.5398 1.6228 0.5799 0.5771 -11.0398 4.0460 24.9710 -1.7654 0.4597
Pedestrian -1 -1 -3.6885 1631.6165 771.5013 1856.1417 1120.3030 1.5360 0.6523 0.7488 3.7457 2.2754 7.2060 -3.1116 0.3505
Cyclist -1 -1 1.8355 424.8057 802.8818 488.1005 900.3766 1.6993 0.7740 1.7782 -10.2088 5.4138 30.2995 1.5118 0.7107
Cyclist -1 -1 1.7903 369.9205 774.6543 435.0424 886.2920 1.7502 0.7064 1.9353 -10.1247 4.5704 27.1549 1.4309 0.6513
Cyclist -1 -1 1.9757 153.3155 755.3832 268.7066 903.1837 1.6726 0.6982 1.8424 -9.7643 3.4595 19.5355 1.4965 0.5971
Cyclist -1 -1 -1.9035 1506.3348 869.1763 1643.6447 1077.5447 1.7902 0.8289 2.0504 6.6779 4.6405 16.3907 -1.4781 0.5871
Cyclist -1 -1 1.6520 493.7325 824.7679 536.9972 916.5374 1.7176 0.7662 1.8451 -9.8984 6.2919 33.2443 1.3669 0.5408
Cyclist -1 -1 1.9548 246.0453 764.4393 347.1746 898.0270 1.7043 0.7157 1.9022 -9.7726 3.8530 22.0616 1.5280 0.3283
Car -1 -1 -1.5899 765.2816 835.4726 866.0262 952.2607 1.5037 1.7608 3.6645 -2.7505 5.7275 28.0807 -1.6784 0.6347
Car -1 -1 1.8656 500.5210 817.1644 605.0921 890.7745 1.5988 1.9253 4.1136 -12.3565 7.7172 45.4979 1.6083 0.2899
