Pedestrian -1 -1 -0.2500 1340.5763 729.2361 1560.0284 1177.2410 1.7672 0.6892 0.7973 2.0906 2.2473 6.4823 0.1430 0.6242
Pedestrian -1 -1 -1.9593 1340.1270 811.3032 1418.0298 953.4832 1.3990 0.5936 0.7230 4.4919 3.4550 16.1091 -1.6541 0.2699
Cyclist -1 -1 -0.3267 1330.0038 725.5717 1569.6322 1171.8694 1.7750 0.6712 0.8465 2.0860 2.2353 6.4743 0.0661 0.1271
Car -1 -1 -1.7358 1206.1372 840.1281 1361.8286 984.2577 1.4475 1.7809 3.6580 4.7641 4.9616 22.5317 -1.5039 0.4106
Car -1 -1 2.0677 479.6792 808.6486 601.2405 879.6575 1.4820 1.8111 3.8456 -12.3278 7.1500 44.0503 1.8020 0.4048
Car -1 -1 2.1722 362.9420 796.1083 524.0336 879.5364 1.5019 1.8903 4.1190 -13.1843 6.1485 38.3475 1.8451 0.3357
Car -1 -1 1.5413 1199.3236 838.6323 1272.6875 920.5284 1.5251 1.8598 3.7778 7.3950 7.5883 40.4040 1.7401 0.3046
Car -1 -1 1.5093 1188.6892 814.7864 1261.1166 889.2415 1.6642 2.0576 4.2842 8.2647 7.9431 47.1924 1.6997 0.2914
Car -1 -1 -1.6215 1173.7957 796.5137 1264.9210 896.0755 1.6179 1.9159 4.2878 5.8557 5.8162 34.3289 -1.4341 0.2335
Car -1 -1 1.8805 1614.0300 759.5027 1936.0000 1065.8499 1.5124 1.7749 4.1671 6.7947 2.6841 11.0606 2.5003 0.2163
