Pedestrian -1 -1 -0.1664 1331.4390 755.5227 1533.3716 1193.4501 1.7046 0.6620 0.7758 2.0105 2.3051 6.4687 0.2136 0.5921
Pedestrian -1 -1 0.4844 445.7206 869.2817 591.4802 1077.7616 1.3013 0.6108 0.7999 -3.1172 3.0888 10.5690 0.1717 0.2604
Pedestrian -1 -1 -1.8159 1352.6714 819.3566 1423.1018 977.1556 1.5493 0.5981 0.6323 4.5120 3.6532 15.8442 -1.5046 0.2011
Cyclist -1 -1 -0.1661 1319.2234 751.3801 1533.4684 1194.2208 1.7216 0.6591 0.8259 1.9782 2.3021 6.4551 0.2094 0.1149
Cyclist -1 -1 0.5997 441.1586 869.1906 612.9187 1079.8566 1.2709 0.6967 0.9388 -3.0602 3.0755 10.5782 0.2927 0.1115
Car -1 -1 -1.2549 789.1984 841.7892 1012.9219 1020.7449 1.5471 1.8559 3.8766 -0.6945 4.7847 20.1995 -1.2786 0.5405
Car -1 -1 -1.7175 1218.7061 841.2635 1371.4199 988.5637 1.4738 1.7911 3.6831 4.9262 5.0077 22.5089 -1.4783 0.4092
Car -1 -1 1.6629 1181.6511 820.9706 1262.2734 897.2029 1.6534 2.0352 4.4339 8.2881 8.1661 47.2598 1.8535 0.4077
Car -1 -1 1.9212 484.6457 799.0455 599.6820 873.3329 1.5820 1.9087 4.2843 -12.3791 7.0166 44.4528 1.6567 0.3752
Car -1 -1 2.0031 392.3619 813.8904 527.0696 895.9025 1.5334 1.8804 3.9368 -13.1770 6.7909 39.5371 1.6866 0.2119
Car -1 -1 2.0353 0.0000 791.8068 101.0340 887.7991 1.5155 1.8288 4.0142 -20.8708 5.4285 32.9691 1.4680 0.2086
