Pedestrian -1 -1 -3.3463 1244.9913 766.2851 1481.8754 1216.0000 1.7729 0.7082 0.9006 1.7094 2.4236 6.4763 -3.0191 0.5086
Pedestrian -1 -1 -1.4352 931.8973 870.6935 973.9401 970.7496 1.6315 0.6595 0.6229 -0.1443 6.0433 26.4866 -1.4275 0.1967
Cyclist -1 -1 -3.2668 1244.1154 760.0672 1474.4368 1216.0000 1.7868 0.6921 0.9148 1.6945 2.4109 6.4747 -2.9421 0.1751
Car -1 -1 1.1930 0.0000 778.4020 481.1461 1097.4808 1.4022 1.6408 3.6475 -5.0021 2.6207 10.0822 0.6848 0.4341
Car -1 -1 -1.2235 786.1804 838.7169 1018.0421 1015.7892 1.5219 1.8300 4.1293 -0.6832 4.7793 20.5330 -1.2461 0.3965
Car -1 -1 1.9892 481.8282 808.2795 598.4294 882.2546 1.5660 1.8356 3.9711 -12.3709 7.2415 44.1811 1.7234 0.3808
Car -1 -1 1.5436 1202.2571 824.3180 1267.9402 898.1367 1.6215 1.9363 4.1002 8.5501 8.1585 46.8367 1.7412 0.3075
Car -1 -1 1.8673 824.5273 810.7780 986.2997 934.6874 1.4570 1.7185 3.7378 -0.8756 4.9054 25.7118 1.8443 0.2575
Car -1 -1 -1.6683 790.7900 773.6688 889.8878 873.0031 1.7206 1.9450 4.4916 -2.9310 5.4794 35.4054 -1.7409 0.2311
Car -1 -1 1.9980 408.8480 823.8653 532.9840 902.5115 1.4658 1.7357 3.6647 -12.8859 6.9790 39.5164 1.6884 0.2200
Car -1 -1 2.0731 0.0000 812.1588 137.9740 914.8211 1.6171 1.8815 4.1016 -20.3191 6.0471 33.2843 1.5236 0.2149
