Pedestrian -1 -1 -0.1564 1174.0660 734.5272 1405.2070 1167.7493 1.7166 0.6685 0.9189 1.3986 2.2217 6.5049 0.1144 0.5149
Pedestrian -1 -1 -1.3026 777.2925 966.1672 864.2081 1168.3202 1.6568 0.6541 0.6460 -1.2990 4.9156 13.9040 -1.3903 0.2177
Cyclist -1 -1 -0.1572 1171.4818 730.2674 1402.0142 1165.6620 1.7322 0.6543 0.9179 1.3874 2.2172 6.5078 0.1114 0.2309
Car -1 -1 -1.2457 780.3341 835.7709 1013.7294 1015.3978 1.5355 1.8934 4.1295 -0.7408 4.7189 20.3235 -1.2716 0.6104
Car -1 -1 2.0225 349.9062 798.9512 499.4528 884.1129 1.5273 1.9205 4.1821 -13.5158 6.1978 37.9425 1.6842 0.3219
Car -1 -1 2.0151 0.0000 814.3478 120.6500 918.6135 1.6214 1.8859 4.1016 -20.5675 6.0971 33.1869 1.4588 0.2522
Car -1 -1 -1.5656 786.0571 768.2180 869.5077 857.0137 1.5868 1.8611 4.0169 -3.1338 5.1859 35.4825 -1.6442 0.2517
Car -1 -1 -1.0799 337.9233 806.9321 452.0701 872.0814 1.5130 1.7852 3.9485 -18.2635 7.6594 48.4166 -1.4341 0.2388
Car -1 -1 -1.2735 811.0347 778.1575 969.1683 896.5500 1.4816 1.6960 3.6373 -1.1470 4.3291 25.8083 -1.3080 0.2254
Car -1 -1 1.9922 469.6001 795.7532 591.3478 870.0888 1.5708 1.8417 4.2851 -12.6592 6.8812 44.2251 1.7201 0.2223
Car -1 -1 2.0876 255.6138 791.0645 428.9468 882.3582 1.3681 1.7083 3.8874 -13.0812 5.1343 31.8587 1.6975 0.2073
Car -1 -1 2.0440 218.7587 796.4188 355.6175 871.6951 1.5583 1.8894 4.0586 -19.0698 6.6720 42.5071 1.6260 0.1995
