Pedestrian -1 -1 -0.1080 1129.8513 777.8857 1325.7150 1208.8553 1.6925 0.6580 0.7987 1.1364 2.3965 6.5097 0.1144 0.6094
Cyclist -1 -1 -0.1549 1126.5212 773.8062 1342.1328 1207.5607 1.7090 0.6523 0.8556 1.1599 2.3910 6.4930 0.0726 0.1573
Car -1 -1 -1.3108 792.5037 838.1437 1009.3303 1020.4611 1.5654 1.8852 4.0202 -0.6857 4.7422 20.1032 -1.3343 0.4628
Car -1 -1 2.1539 469.9975 826.1036 603.4950 903.7311 1.5820 1.8908 3.9366 -12.3808 7.7745 43.8616 1.8866 0.3756
Car -1 -1 2.1635 382.9401 804.3790 532.3807 884.0402 1.4410 1.8104 3.8180 -12.8924 6.3141 38.5202 1.8450 0.3624
Car -1 -1 -1.5143 793.2668 776.1069 883.1295 866.1389 1.6127 1.8558 3.9013 -2.8500 5.3853 35.3472 -1.5848 0.2493
Car -1 -1 1.9490 0.0000 808.2670 99.9743 909.9697 1.5692 1.8960 4.0551 -20.8452 5.8888 33.0602 1.3844 0.2381
Car -1 -1 1.9343 141.1168 796.5411 277.1904 875.8067 1.4765 1.8322 4.1376 -19.6739 6.2354 39.3128 1.4721 0.2315
Car -1 -1 -1.2372 788.4709 799.9735 959.9304 925.8511 1.5116 1.7644 3.8079 -1.4126 4.7763 25.8103 -1.2819 0.2220
Car -1 -1 2.0790 256.6219 790.8714 428.3086 881.6837 1.3626 1.7037 3.8756 -13.0803 5.1237 31.8642 1.6890 0.2183
Car -1 -1 -1.1686 347.3718 807.6237 453.4511 872.1650 1.5155 1.7872 4.0142 -18.2228 7.7256 48.7740 -1.5195 0.1993
Car -1 -1 -3.0839 959.3911 791.7762 1093.3751 859.3572 1.9337 2.0450 4.3676 2.2251 7.6907 50.3222 -3.0256 0.1981
Car -1 -1 1.1374 1663.2103 809.4933 1807.0172 892.6295 1.4948 1.8012 4.0218 19.6330 6.4570 38.1333 1.6377 0.1960
