Pedestrian -1 -1 -0.2730 1322.0051 751.2831 1540.6322 1181.4464 1.6963 0.6569 0.7901 2.0105 2.2752 6.4821 0.1063 0.6547
Pedestrian -1 -1 -2.4147 441.0162 867.1059 595.9438 1087.9293 1.3410 0.6450 0.8278 -3.1189 3.1255 10.5561 -2.7278 0.3002
Pedestrian -1 -1 -1.9789 1339.8204 811.0223 1417.6628 959.5756 1.4692 0.5968 0.6864 4.4848 3.5186 16.0943 -1.6739 0.2914
Pedestrian -1 -1 1.5784 1053.9121 867.2361 1094.0792 986.5018 1.7358 0.6101 0.5318 1.7564 5.5528 23.2594 1.6706 0.2452
Cyclist -1 -1 -3.0595 1595.6732 804.3536 1860.8627 1051.9427 1.3965 0.5681 1.5245 5.1561 2.6884 10.0902 -2.5181 0.1938
Cyclist -1 -1 -0.3241 1308.1027 750.0367 1541.6140 1180.6116 1.7043 0.6489 0.8295 1.9772 2.2742 6.4649 0.0506 0.1573
Cyclist -1 -1 -2.5483 437.2409 869.4160 613.7626 1086.9044 1.3107 0.7164 0.9637 -3.0678 3.1174 10.5701 -2.8561 0.1223
Car -1 -1 2.0763 476.8441 824.1281 600.4335 898.9319 1.5358 1.8366 3.8446 -12.3373 7.6616 43.8961 1.8100 0.4452
Car -1 -1 -1.7503 1206.6008 842.5963 1363.2216 986.2755 1.4498 1.7524 3.5600 4.7611 4.9822 22.4416 -1.5176 0.4350
Car -1 -1 1.5398 1202.3834 820.8379 1268.6989 894.2861 1.6309 1.9554 4.0268 8.5520 8.0458 46.8127 1.7376 0.2720
Car -1 -1 2.0572 389.6871 805.4167 530.2366 886.8360 1.5251 1.8579 3.9848 -13.1690 6.5539 39.5380 1.7406 0.2476
Car -1 -1 1.8790 1634.7351 759.8394 1936.0000 1056.8146 1.4410 1.7105 3.8656 6.7029 2.5772 10.7573 2.5076 0.2453
Car -1 -1 1.9230 0.0000 755.4819 99.5483 844.3983 1.4844 1.7583 3.9401 -20.8362 4.5743 33.2757 1.3592 0.2122
Car -1 -1 1.5241 1200.1542 837.5698 1273.8282 919.6497 1.5325 1.8410 3.7761 7.3847 7.5520 40.3217 1.7231 0.2072
Car -1 -1 -1.5372 833.7203 849.5627 980.2816 1014.4803 1.4533 1.7684 3.5350 -0.6332 4.6953 19.8019 -1.5585 0.1936
