Pedestrian -1 -1 -3.2261 1123.0302 767.8708 1326.4469 1209.1696 1.7287 0.6661 0.8264 1.1277 2.3865 6.4947 -3.0047 0.6091
Cyclist -1 -1 -0.1952 1125.6969 767.3488 1354.9381 1202.0099 1.7204 0.6433 0.8915 1.1830 2.3697 6.4786 0.0371 0.1945
Car -1 -1 -1.1943 783.1030 843.4687 1014.9823 1019.4370 1.5332 1.8202 3.9087 -0.7357 4.8455 20.5144 -1.2195 0.4167
Car -1 -1 1.6197 1188.2438 780.8374 1297.6353 894.6614 1.6292 1.8506 4.1376 5.6712 4.9664 29.7677 1.8281 0.3253
Car -1 -1 2.1323 381.3327 806.4157 532.6825 887.8864 1.4608 1.8600 3.9456 -12.8907 6.3915 38.4830 1.8136 0.2971
Car -1 -1 -1.1899 783.7504 801.5904 962.7764 927.1349 1.5030 1.7647 3.8052 -1.4320 4.8057 25.8653 -1.2353 0.2475
Car -1 -1 -1.5406 790.2095 775.8006 877.3489 869.2502 1.6453 1.8584 3.9277 -2.9083 5.3588 34.7983 -1.6142 0.2426
Car -1 -1 2.1424 474.3593 791.0749 608.2343 863.8881 1.5386 1.8184 4.1772 -12.3377 6.7026 44.2064 1.8769 0.2328
Car -1 -1 2.0436 223.2649 780.9041 365.6751 857.6497 1.5977 1.9057 4.3335 -18.7928 6.2495 42.3725 1.6293 0.2262
Car -1 -1 1.5542 1210.9590 831.7672 1284.6595 914.6960 1.5445 1.8525 3.8253 7.6913 7.3826 40.1503 1.7615 0.2198
Car -1 -1 -1.2127 349.3362 808.4435 452.8238 873.4506 1.5313 1.8259 4.0747 -18.2160 7.7737 48.8162 -1.5632 0.2086
Car -1 -1 1.8989 0.0000 797.9147 121.8565 900.1127 1.5915 1.8721 4.3582 -20.5524 5.7393 33.5186 1.3469 0.2062
Car -1 -1 2.0608 249.8046 787.4692 420.5324 878.3676 1.3602 1.7018 3.8542 -13.0957 5.0052 31.5300 1.6662 0.1951
