Pedestrian -1 -1 -3.2811 1263.6262 758.6093 1479.7572 1216.0000 1.8089 0.7277 0.8489 1.7406 2.4256 6.4580 -2.9473 0.6063
Pedestrian -1 -1 -2.3853 437.7606 879.0869 586.6063 1092.7916 1.2892 0.6199 0.7936 -3.1594 3.1570 10.5395 -2.7027 0.3064
Pedestrian -1 -1 -1.8361 1351.8711 852.3145 1425.7500 1009.4985 1.5164 0.6141 0.6562 4.4968 3.9649 15.7588 -1.5244 0.2245
Pedestrian -1 -1 1.7707 525.1899 740.5163 609.7489 938.4470 1.8181 0.6934 0.5737 -3.7859 2.9563 14.4105 1.5003 0.2093
Pedestrian -1 -1 -1.4964 934.0910 887.7509 973.6403 987.9750 1.6298 0.6466 0.6239 -0.1271 6.3342 26.4271 -1.4878 0.1862
Pedestrian -1 -1 3.0283 1053.1625 877.3061 1090.9082 999.4659 1.7663 0.6143 0.5279 1.7167 5.7398 23.2293 3.1190 0.1806
Cyclist -1 -1 -3.2444 1250.3553 756.5773 1480.2573 1216.0000 1.8162 0.7287 0.9060 1.7227 2.4249 6.4555 -2.9136 0.1243
Cyclist -1 -1 -2.4966 429.8420 880.9042 598.4713 1092.2894 1.2625 0.6902 0.9079 -3.1446 3.1499 10.5517 -2.8122 0.1091
Car -1 -1 -1.4643 793.5934 842.6816 961.9667 1012.5110 1.4989 1.8084 3.6310 -1.0105 4.6646 19.8673 -1.5056 0.4466
Car -1 -1 1.8891 487.4634 798.4540 598.0496 872.2720 1.5798 1.8937 4.2784 -12.3704 6.9957 44.4783 1.6249 0.3135
Car -1 -1 1.9572 395.9966 820.9785 522.2002 901.3370 1.5038 1.8438 3.8031 -13.1927 6.9425 39.5180 1.6405 0.2370
Car -1 -1 2.0557 281.4238 790.6564 446.8272 879.9065 1.3954 1.7477 3.9597 -13.1153 5.2934 33.1049 1.6790 0.1809
