Pedestrian -1 -1 -3.1432 1151.9713 744.9291 1377.9165 1197.4261 1.7614 0.6880 0.9159 1.3327 2.3199 6.5086 -2.8846 0.5226
Pedestrian -1 -1 1.9847 773.3376 914.1711 869.0544 1118.0615 1.6757 0.6674 0.6862 -1.2994 4.4572 13.9476 1.8963 0.2152
Pedestrian -1 -1 -1.3824 929.9420 892.9069 973.5762 995.2394 1.6517 0.6600 0.6229 -0.1647 6.4570 26.4435 -1.3752 0.2047
Cyclist -1 -1 -3.1432 1151.9713 744.9291 1377.9165 1197.4261 1.7614 0.6880 0.9159 1.3327 2.3199 6.5086 -2.8846 0.1999
Car -1 -1 -1.2222 774.1053 833.7955 1016.4022 1014.0518 1.5384 1.9253 4.1960 -0.7629 4.7054 20.3767 -1.2493 0.5237
Car -1 -1 1.9481 481.7871 802.5020 598.7283 877.6030 1.5883 1.8744 4.2471 -12.3982 7.1146 44.3175 1.6825 0.4092
Car -1 -1 1.1202 0.0000 776.7527 536.5088 1093.8724 1.4160 1.7276 3.9949 -4.9253 2.6577 10.3516 0.6317 0.3793
Car -1 -1 2.0392 110.0732 796.7799 271.7336 881.4753 1.5733 1.9531 4.3960 -19.9272 6.2989 38.9143 1.5676 0.3244
Car -1 -1 2.0680 0.0000 824.9908 116.0320 929.3934 1.5986 1.8327 4.0378 -20.5623 6.2797 32.9133 1.5083 0.2816
Car -1 -1 1.9017 825.6050 817.3769 989.4303 937.6156 1.4127 1.7105 3.6367 -0.8519 5.0081 25.9420 1.8800 0.2495
Car -1 -1 1.9972 395.8185 824.0192 522.7911 903.9053 1.4837 1.7700 3.7414 -13.1784 7.0016 39.4842 1.6806 0.2366
Car -1 -1 1.5089 974.9766 850.8741 1071.2960 961.2720 1.6119 1.9002 4.2754 1.2867 6.8867 32.7622 1.5629 0.2206
Car -1 -1 -1.6595 796.2659 769.3059 886.9502 857.5700 1.5638 1.8353 4.0322 -2.9065 5.2102 35.6243 -1.7311 0.2174
