Pedestrian -1 -1 0.0310 900.5374 772.9285 1084.6680 1215.3461 1.7356 0.6766 0.7559 0.1495 2.4121 6.4721 0.0666 0.6016
Pedestrian -1 -1 -1.5215 1053.8018 848.5245 1097.3883 957.4811 1.5626 0.6361 0.6501 1.7868 5.1048 23.3205 -1.4283 0.2223
Pedestrian -1 -1 -1.3418 778.2619 938.7149 863.1401 1141.0674 1.6821 0.6546 0.6499 -1.3025 4.6844 13.9396 -1.4300 0.1764
Cyclist -1 -1 -0.0103 924.6326 772.1437 1125.4274 1216.0000 1.7461 0.6868 0.8201 0.2764 2.4176 6.4565 0.0500 0.1180
Car -1 -1 -1.1399 241.8867 798.2243 367.1363 870.2482 1.4981 1.8079 3.7845 -18.4631 6.6130 42.2196 -1.5484 0.2385
Car -1 -1 2.0220 331.6441 796.1761 495.0527 889.5132 1.4381 1.8048 3.9132 -11.8313 5.4018 32.5677 1.6748 0.2367
Car -1 -1 2.1144 368.7178 787.2332 519.1946 865.3370 1.4228 1.8173 4.0199 -13.1845 5.8223 38.3713 1.7871 0.2253
Car -1 -1 1.1887 1677.9565 816.5685 1817.1443 902.4064 1.5212 1.8338 4.0374 19.9198 6.6724 38.0739 1.6955 0.2099
Car -1 -1 -1.4542 809.3735 843.6812 980.3812 1014.5915 1.4545 1.7806 3.9473 -0.7802 4.6801 20.0041 -1.4830 0.2029
Car -1 -1 -1.4870 1003.1761 786.7023 1078.0690 859.1251 1.6315 1.8896 4.3287 2.4998 6.8740 46.1708 -1.4186 0.1889
Car -1 -1 -1.5307 1219.2428 805.3091 1294.4414 882.7499 1.4891 1.7706 3.7818 8.0202 6.6076 40.3746 -1.3164 0.1803
Car -1 -1 -1.6774 1158.0714 804.5006 1258.4279 904.1398 1.6134 1.8901 4.1791 5.5644 5.9711 34.1306 -1.4975 0.1792
Car -1 -1 1.9812 0.0000 789.5187 121.1875 885.9975 1.5400 1.8014 4.0803 -20.5403 5.4479 33.3515 1.4266 0.1765
