Pedestrian -1 -1 -3.2275 1033.0227 744.9199 1229.7921 1181.4513 1.7250 0.6678 0.8025 0.7154 2.2723 6.4627 -3.0828 0.6221
Pedestrian -1 -1 1.6005 949.1112 866.5875 987.0029 968.2321 1.6732 0.6447 0.6149 0.1238 6.0039 26.4739 1.6187 0.2268
Pedestrian -1 -1 1.6610 1051.4534 860.4153 1097.3989 976.1280 1.6664 0.6557 0.5598 1.7613 5.3783 23.2342 1.7534 0.2136
Cyclist -1 -1 -0.0834 1019.1340 743.0829 1224.0273 1179.6616 1.7260 0.6587 0.8356 0.6726 2.2638 6.4538 0.0534 0.1564
Car -1 -1 2.1225 382.1484 806.3972 532.0196 887.7197 1.4622 1.8590 3.9242 -12.8927 6.3917 38.4928 1.8039 0.3799
Car -1 -1 1.9420 299.1945 780.4206 464.8615 877.0356 1.4323 1.8226 4.0470 -11.7886 4.8384 30.7241 1.5748 0.3029
Car -1 -1 1.5547 1199.7805 840.9444 1273.2019 923.4544 1.5388 1.8544 3.6741 7.3993 7.6335 40.2112 1.7545 0.2953
Car -1 -1 2.0936 466.1729 796.0715 594.4082 868.2105 1.5131 1.7976 4.1134 -12.6324 6.8141 44.0965 1.8213 0.2932
Car -1 -1 -1.2972 815.7466 849.9887 1020.9175 1026.4723 1.5199 1.7515 3.8706 -0.4708 4.8941 20.3215 -1.3090 0.2773
Car -1 -1 2.0437 204.2079 789.6614 380.7425 884.9134 1.4130 1.7741 3.8545 -13.7433 5.0434 30.9785 1.6244 0.2668
