Pedestrian -1 -1 0.1067 791.4385 725.6188 1011.3331 1173.2549 1.7692 0.6901 0.8795 -0.2352 2.2289 6.4522 0.0667 0.5705
Pedestrian -1 -1 -1.5629 1055.7152 833.9835 1096.8113 938.2209 1.5032 0.6244 0.6641 1.8018 4.8226 23.3797 -1.4694 0.2658
Pedestrian -1 -1 1.6208 950.2470 866.2723 988.5630 968.9648 1.6924 0.6416 0.6089 0.1477 6.0228 26.5033 1.6400 0.1776
Cyclist -1 -1 0.0662 778.7029 721.5032 1003.8650 1171.0222 1.7875 0.6721 0.9197 -0.2804 2.2257 6.4385 0.0172 0.1771
Car -1 -1 1.3573 978.5234 841.3719 1098.0291 947.9245 1.5729 1.8563 4.0306 1.6181 6.6386 32.8647 1.4215 0.3322
Car -1 -1 2.0961 368.9982 791.5752 518.4592 870.4499 1.4283 1.8328 4.0310 -13.1824 5.9430 38.3505 1.7688 0.2559
Car -1 -1 1.9279 0.0000 805.8624 95.0340 908.1954 1.5790 1.8985 4.0710 -20.8899 5.8376 33.0034 1.3614 0.2521
Car -1 -1 -1.2814 781.3428 844.7951 988.3444 1004.1138 1.4507 1.8956 4.0548 -0.9995 4.9934 21.8925 -1.3167 0.2432
Car -1 -1 2.0212 506.6002 783.4279 626.6831 851.8656 1.4717 1.8199 4.1320 -11.6912 6.4319 44.5846 1.7716 0.2048
Car -1 -1 1.0882 0.0000 748.5013 539.9622 1073.8285 1.4625 1.7120 4.1330 -4.8892 2.4409 9.9843 0.5838 0.1887
Car -1 -1 1.8621 146.5182 797.0676 275.3578 879.7717 1.5314 1.8736 4.2400 -19.6207 6.3146 39.2983 1.4010 0.1820
Car -1 -1 1.4533 1032.6222 866.7392 1166.0211 1006.5851 1.6768 1.9970 4.1217 2.4169 6.4061 27.1718 1.5590 0.1745
Car -1 -1 1.7599 480.6073 794.3475 584.3789 872.1495 1.4216 1.8178 4.0004 -10.9401 6.0079 38.4064 1.4875 0.1733
Car -1 -1 1.9780 0.0000 794.0565 4.0199 913.0361 1.4813 1.8694 4.0627 -19.1671 4.7848 27.0189 1.3528 0.1721
