Pedestrian -1 -1 0.0335 798.8909 710.9849 993.0291 1151.5117 1.7591 0.6896 0.7933 -0.2714 2.1510 6.4587 -0.0139 0.5552
Pedestrian -1 -1 0.2165 1047.7856 849.3663 1093.1678 961.2426 1.6006 0.6121 0.5793 1.7042 5.1542 23.2956 0.3060 0.1985
Pedestrian -1 -1 -1.5722 952.4419 826.0620 988.8320 929.2338 1.7323 0.6393 0.5820 0.1697 5.3455 26.5636 -1.5526 0.1914
Cyclist -1 -1 0.0417 774.7921 709.4693 977.1687 1153.5559 1.7695 0.6871 0.8249 -0.3550 2.1539 6.4456 -0.0221 0.1314
Car -1 -1 2.0793 512.0914 794.5392 638.3895 867.5979 1.5593 1.8492 4.0992 -11.4002 6.8532 44.4478 1.8356 0.3861
Car -1 -1 -1.1806 354.0014 811.5688 455.1068 877.4476 1.5813 1.7827 3.6615 -17.9345 7.8482 48.3387 -1.5291 0.3801
Car -1 -1 2.0811 375.4241 802.2398 517.1542 880.5593 1.4270 1.8036 3.8173 -13.1895 6.2391 38.5365 1.7555 0.3012
Car -1 -1 1.8731 0.0000 802.1219 81.4437 906.5176 1.6043 1.9336 4.2152 -21.1571 5.7914 33.0422 1.3013 0.2411
Car -1 -1 1.9037 228.6237 797.6393 348.8271 872.9586 1.5498 1.8677 4.1148 -19.1019 6.7240 42.6651 1.4865 0.2197
Car -1 -1 -1.4967 1211.9966 816.3167 1296.5079 898.6270 1.5246 1.8628 4.1423 7.9666 6.9859 40.4157 -1.2839 0.1895
