Pedestrian -1 -1 0.0548 960.3797 777.0749 1173.4869 1211.1572 1.6835 0.6592 0.8676 0.4754 2.3814 6.4668 0.1535 0.6088
Pedestrian -1 -1 -1.5924 949.6593 890.6373 986.5545 993.2109 1.6841 0.6445 0.6033 0.1184 6.4336 26.4252 -1.5741 0.1790
Cyclist -1 -1 0.0861 958.1381 773.2466 1180.0652 1211.8605 1.6976 0.6553 0.8880 0.4840 2.3791 6.4657 0.1864 0.2188
Car -1 -1 2.0912 466.6587 796.8743 594.1733 868.7437 1.5058 1.7904 4.0981 -12.6293 6.8306 44.0968 1.8190 0.3391
Car -1 -1 2.1366 382.4691 799.4911 538.3310 882.0699 1.4951 1.9005 4.1171 -12.8804 6.2772 38.7314 1.8201 0.3215
Car -1 -1 -1.3273 815.9789 854.6528 1017.2605 1027.9817 1.4474 1.7642 4.0007 -0.4897 4.9018 20.3350 -1.3400 0.3122
Car -1 -1 1.6136 1231.1140 831.2714 1309.3069 916.8624 1.5610 1.8028 4.0734 8.3280 7.3979 40.0944 1.8368 0.2746
Car -1 -1 1.9030 142.0196 794.8534 278.1541 876.0436 1.5045 1.8974 4.2663 -19.6477 6.2272 39.3176 1.4414 0.2087
Car -1 -1 2.0965 258.7721 788.0966 429.3229 877.6833 1.3681 1.7216 3.7429 -13.1042 5.0743 31.9901 1.7072 0.2020
Car -1 -1 1.9792 0.0000 787.6608 121.1920 884.1589 1.5423 1.8062 4.1007 -20.5411 5.4069 33.3480 1.4244 0.1939
