Pedestrian -1 -1 0.0845 877.4122 752.9563 1075.9456 1207.3270 1.7770 0.7023 0.7931 0.0869 2.3638 6.4611 0.1078 0.5839
Pedestrian -1 -1 -1.4942 1053.8472 836.9940 1097.9014 941.5385 1.4996 0.6275 0.6547 1.7934 4.8646 23.3509 -1.4009 0.2141
Cyclist -1 -1 0.1359 862.2822 749.8191 1077.0658 1208.5123 1.7869 0.6969 0.8338 0.0564 2.3603 6.4561 0.1533 0.1258
Car -1 -1 1.5988 1228.3732 843.7188 1307.2351 926.5798 1.4811 1.8911 3.9359 8.2794 7.6732 40.1771 1.8204 0.4320
Car -1 -1 1.6934 1180.5277 800.3856 1263.0934 877.4099 1.7257 1.9484 4.4565 8.2303 7.5196 46.9532 1.8839 0.2271
Car -1 -1 2.1680 363.1117 790.9625 522.8813 871.5527 1.4482 1.8586 4.1189 -13.1832 5.9501 38.3076 1.8403 0.2267
Car -1 -1 1.8482 230.9082 792.2039 348.9688 870.0240 1.5925 1.9404 4.3546 -19.0982 6.6309 42.7447 1.4317 0.2255
Car -1 -1 2.0051 503.3618 788.2615 623.5142 858.8462 1.5018 1.8409 4.1219 -11.6754 6.5665 44.1689 1.7536 0.2093
Car -1 -1 1.9867 0.0000 789.3405 121.8553 886.1559 1.5457 1.8091 4.0984 -20.5414 5.4499 33.3500 1.4320 0.1916
Car -1 -1 -0.0022 812.8229 788.0282 995.8694 877.8747 1.7906 1.9439 4.1101 -1.3031 5.6743 34.5734 -0.0284 0.1781
Car -1 -1 -1.6681 1159.1428 803.5745 1257.6801 903.2699 1.6144 1.8864 4.1864 5.5703 5.9518 34.1380 -1.4881 0.1771
Car -1 -1 -1.3977 786.8071 837.3447 976.4774 1012.9661 1.5017 1.8143 4.0756 -0.9506 4.6631 20.1113 -1.4352 0.1706
Car -1 -1 2.0281 320.7045 798.0417 485.2517 891.4903 1.4080 1.7712 3.8366 -11.8246 5.3377 31.9416 1.6743 0.1639
