Pedestrian -1 -1 -3.0129 803.4916 729.0752 1017.0640 1160.0592 1.7101 0.6607 0.8468 -0.2004 2.1874 6.4817 -3.0460 0.6056
Pedestrian -1 -1 -1.4538 1052.5990 843.6783 1098.8314 952.0999 1.5501 0.6373 0.6579 1.7898 5.0209 23.3361 -1.3606 0.2194
Cyclist -1 -1 -3.0127 805.9703 726.0007 1032.6387 1157.8362 1.7171 0.6466 0.9059 -0.1612 2.1806 6.4871 -3.0382 0.1809
Car -1 -1 -1.4494 1219.1868 825.4498 1309.2582 908.3565 1.5177 1.8297 4.1014 8.2423 7.2419 40.4450 -1.2300 0.2846
Car -1 -1 2.0351 484.5405 792.5486 606.5422 863.6927 1.5200 1.8149 4.1514 -12.3252 6.7693 44.6081 1.7724 0.2765
Car -1 -1 2.1181 368.2803 793.2950 519.1148 871.9581 1.4191 1.8234 4.0034 -13.1831 5.9795 38.3465 1.7908 0.2601
Car -1 -1 1.8826 142.2544 798.4681 278.9778 880.8854 1.5112 1.9688 4.3117 -19.6204 6.3365 39.2956 1.4215 0.2408
Car -1 -1 -1.3499 809.4704 845.8907 990.4252 995.5129 1.4301 1.8678 3.8216 -0.8171 5.0475 22.4230 -1.3754 0.2105
Car -1 -1 1.9437 0.0000 807.4460 102.5485 911.1585 1.5990 1.9241 4.1850 -20.8785 5.9210 33.1689 1.3800 0.2035
Car -1 -1 -1.6874 1157.4449 805.6824 1260.1127 905.6694 1.6176 1.9011 4.1981 5.5768 6.0057 34.1429 -1.5072 0.2009
