Pedestrian -1 -1 0.4145 397.7575 702.4897 659.6843 1158.4133 1.7355 0.6500 0.8668 -1.7584 2.0740 6.1681 0.0705 0.5511
Pedestrian -1 -1 -1.5274 1051.8835 901.0692 1096.9365 1015.7173 1.6230 0.6613 0.6266 1.7620 5.9799 23.2372 -1.4347 0.2086
Pedestrian -1 -1 -1.0954 497.6216 785.0230 619.0182 1049.7596 1.7312 0.6306 0.5956 -2.8350 2.8992 10.5567 -1.3820 0.1991
Pedestrian -1 -1 0.5307 137.5485 779.4762 320.5733 1016.3652 1.3057 0.6269 0.7880 -4.3794 2.2674 8.9826 0.0194 0.1803
Pedestrian -1 -1 1.6371 950.1642 874.7378 989.4399 977.7274 1.6872 0.6476 0.6192 0.1546 6.1649 26.4660 1.6566 0.1719
Cyclist -1 -1 -1.2124 1.2014 849.9000 89.0550 970.1788 1.7843 0.7021 2.0289 -16.6475 6.0405 27.2255 -1.7653 0.2710
Cyclist -1 -1 0.4145 397.7575 702.4897 659.6843 1158.4133 1.7355 0.6500 0.8668 -1.7584 2.0740 6.1681 0.0705 0.2022
Car -1 -1 -1.0828 240.7428 791.9681 370.2581 863.0090 1.4811 1.7844 3.7655 -18.4658 6.4232 42.2890 -1.4910 0.3485
Car -1 -1 3.6585 0.0000 825.6293 72.1001 911.3466 1.5196 1.6696 3.6939 -21.3993 5.9489 32.0275 3.0669 0.2981
Car -1 -1 -1.6640 1173.7826 806.1975 1270.2313 904.6227 1.5878 1.8568 4.0814 5.8694 5.9737 34.0568 -1.4748 0.1939
Car -1 -1 1.9971 344.5829 803.4542 450.1810 866.0573 1.4808 1.7836 3.7493 -18.1660 7.4843 48.3461 1.6440 0.1870
Car -1 -1 -1.5024 1214.3727 800.8328 1296.7229 882.4264 1.5664 1.8337 4.0285 7.9849 6.5703 40.3434 -1.2887 0.1762
