Pedestrian -1 -1 -1.5292 949.0705 893.5651 988.4651 997.5760 1.6998 0.6634 0.6017 0.1361 6.5031 26.4155 -1.5101 0.1944
Pedestrian -1 -1 0.0077 591.5751 700.3414 1045.6622 1142.8109 1.7008 0.8013 1.8175 -0.6011 2.0491 6.4108 -0.1053 0.1092
Cyclist -1 -1 3.1675 561.8657 699.9730 1019.1605 1145.5339 1.7074 0.8172 1.8230 -0.7145 2.0544 6.4064 3.0324 0.5786
Car -1 -1 -1.1061 342.7326 801.7983 452.1185 865.8221 1.5178 1.7876 3.7737 -18.1606 7.4694 48.3388 -1.4592 0.3350
Car -1 -1 -1.2609 801.1720 842.9453 1029.6730 1018.0592 1.4428 1.8374 4.2575 -0.4894 4.7482 20.3652 -1.2737 0.3193
Car -1 -1 -1.1187 241.7656 794.1066 369.6229 865.8104 1.4914 1.8035 3.8354 -18.4592 6.4979 42.2911 -1.5267 0.2834
Car -1 -1 2.1370 373.1262 790.1556 527.3437 871.2254 1.5006 1.8886 4.0710 -13.1909 6.0388 38.8648 1.8139 0.2545
Car -1 -1 2.0490 0.0000 833.7068 113.5244 937.2943 1.5738 1.8694 3.9002 -20.5586 6.4473 32.8833 1.4893 0.2169
Car -1 -1 1.6480 853.2197 879.8856 990.2534 1032.1063 1.5997 1.8981 4.0277 -0.5647 6.1705 24.7341 1.6378 0.2169
Car -1 -1 -1.1401 524.5420 784.1144 635.7738 848.0820 1.4575 1.8031 4.1939 -12.0098 6.7415 47.4014 -1.3807 0.2148
Car -1 -1 -1.4221 785.9633 776.5637 892.8070 867.9775 1.5861 1.8683 3.9788 -2.7707 5.3272 34.8310 -1.4916 0.1859
Car -1 -1 1.5749 1030.9684 836.2114 1145.6918 968.2204 1.6284 1.9470 4.1347 2.3804 5.8222 27.5202 1.6778 0.1837
Car -1 -1 -1.6805 1156.6790 801.7732 1256.6490 899.9223 1.5984 1.8752 4.1446 5.5359 5.8922 34.1711 -1.5017 0.1790
