Pedestrian -1 -1 -2.7093 393.2087 690.6041 656.3058 1163.2670 1.7949 0.6924 0.8486 -1.7727 2.0826 6.1662 -3.0560 0.6273
Pedestrian -1 -1 -1.5249 1053.3203 875.3119 1097.6660 987.2133 1.5975 0.6506 0.6243 1.7827 5.5566 23.2894 -1.4316 0.2123
Pedestrian -1 -1 -1.0215 496.6023 786.4760 618.9825 1051.4258 1.7277 0.6248 0.5855 -2.8406 2.9079 10.5591 -1.3085 0.2077
Pedestrian -1 -1 1.6577 950.0023 884.2953 990.1644 987.8085 1.6880 0.6512 0.6197 0.1595 6.3350 26.4479 1.6776 0.1677
Cyclist -1 -1 -1.2226 1.2037 849.5214 88.3758 969.8453 1.7848 0.7088 2.0288 -16.6541 6.0343 27.2259 -1.7756 0.2805
Cyclist -1 -1 0.2983 405.2611 691.1387 657.0965 1159.4641 1.7923 0.6668 0.8669 -1.7461 2.0814 6.1744 -0.0430 0.1761
Car -1 -1 -1.1755 244.4847 790.4437 366.3762 863.1915 1.5366 1.8089 3.8176 -18.4497 6.4260 42.2481 -1.5838 0.2463
Car -1 -1 3.6161 0.0000 833.5053 75.1134 919.8774 1.5040 1.6467 3.5688 -21.2421 6.1093 31.9932 3.0277 0.2045
Car -1 -1 1.8623 481.6046 810.4233 595.8529 886.7555 1.4131 1.7903 4.1904 -11.2477 6.6490 40.0882 1.5950 0.1943
Car -1 -1 -1.6519 1163.1698 805.0723 1255.1963 902.1173 1.5686 1.8112 4.0404 5.5835 5.9266 34.0713 -1.4712 0.1882
Car -1 -1 -1.2753 129.1807 783.5519 260.8178 867.3752 1.5802 1.8800 4.3108 -19.9501 5.9742 39.1312 -1.7456 0.1664
Car -1 -1 -1.4890 1213.1643 800.8177 1297.2440 882.1899 1.5621 1.8298 4.0132 7.9766 6.5655 40.3467 -1.2755 0.1656
Car -1 -1 2.0744 1572.4404 753.0663 1936.0000 1042.7468 1.4818 1.7247 4.0668 6.5676 2.5477 10.7778 2.6925 0.1627
