Pedestrian -1 -1 -1.5168 948.7485 898.8543 988.7775 1002.2723 1.6840 0.6671 0.6034 0.1359 6.5799 26.3999 -1.4977 0.1852
Cyclist -1 -1 0.0132 527.5381 702.7540 983.4539 1161.6982 1.7103 0.8063 1.7788 -0.8509 2.0655 6.2875 -0.1522 0.6234
Car -1 -1 1.7934 814.7284 852.1758 1022.6727 1034.2983 1.4972 1.8541 4.2067 -0.4446 4.9040 20.1648 1.7828 0.4603
Car -1 -1 2.1074 335.3621 784.6337 453.3378 850.0003 1.5776 1.8255 3.8584 -18.2167 6.9499 48.2338 1.7520 0.4228
Car -1 -1 -1.1446 246.0219 782.5984 371.3137 852.9342 1.4808 1.7678 3.9500 -18.4244 6.1629 42.4080 -1.5513 0.2740
Car -1 -1 2.1181 375.3702 793.5171 524.8572 873.4581 1.4768 1.8544 3.9902 -13.1935 6.1004 38.8539 1.7950 0.2436
Car -1 -1 2.0499 0.0000 830.4977 113.6706 933.0867 1.5643 1.8553 3.8931 -20.5541 6.3638 32.8946 1.4903 0.2146
Car -1 -1 1.6513 853.6653 876.3354 990.1888 1026.1600 1.5833 1.8833 3.9844 -0.5634 6.0896 24.7488 1.6410 0.1986
Car -1 -1 -1.7193 1154.1799 804.2470 1262.1393 903.8074 1.6198 1.8925 4.1999 5.5571 5.9678 34.1265 -1.5397 0.1825
Car -1 -1 -1.5662 1210.2472 800.9202 1281.9167 880.0585 1.5295 1.8070 3.9043 7.7233 6.5244 40.3368 -1.3589 0.1772
