Pedestrian -1 -1 3.3669 496.2449 711.4809 749.2281 1153.0883 1.6965 0.6508 0.9269 -1.3803 2.0770 6.2265 3.0967 0.4403
Pedestrian -1 -1 -1.5029 1052.5194 858.6524 1096.8636 973.8893 1.6612 0.6408 0.5990 1.7717 5.3594 23.3124 -1.4102 0.2082
Pedestrian -1 -1 -1.5475 949.2390 899.4557 987.1960 1002.3507 1.6787 0.6480 0.6077 0.1263 6.5851 26.4072 -1.5288 0.1599
Pedestrian -1 -1 1.9437 772.7619 959.3296 867.6529 1165.4824 1.6621 0.6653 0.6992 -1.3014 4.8614 13.8776 1.8555 0.1598
Pedestrian -1 -1 -1.2012 500.3799 775.9039 616.6712 1039.5603 1.7399 0.6241 0.6103 -2.8376 2.8412 10.5766 -1.4878 0.1557
Pedestrian -1 -1 1.5615 951.2339 893.3467 983.2352 977.8194 1.5984 0.6475 0.6108 0.1233 7.1404 30.5646 1.5795 0.1539
Cyclist -1 -1 3.2738 507.1903 704.2251 751.7983 1157.0938 1.7310 0.6466 0.9432 -1.3515 2.0820 6.2330 3.0094 0.2132
Car -1 -1 -1.1865 245.3598 791.5691 366.1755 862.8668 1.4929 1.8100 3.8397 -18.4755 6.4269 42.3289 -1.5946 0.2617
Car -1 -1 -1.6144 1176.7454 797.3184 1263.2179 893.7981 1.5638 1.8315 4.1229 5.8520 5.7543 34.1736 -1.4263 0.2100
Car -1 -1 1.9840 0.0000 805.1433 98.4176 905.6528 1.5506 1.9019 4.0711 -20.8929 5.7839 32.9657 1.4169 0.1879
Car -1 -1 -1.2065 135.3290 783.3818 270.4009 862.9058 1.5352 1.8231 4.1441 -19.9898 5.9611 39.6087 -1.6725 0.1847
Car -1 -1 2.1380 364.7645 789.6696 522.3969 871.0389 1.4717 1.8691 4.1463 -13.1779 5.9425 38.3400 1.8107 0.1813
Car -1 -1 -1.4798 1214.1759 813.1025 1298.9318 894.1208 1.5316 1.8233 3.8991 8.0054 6.8740 40.3163 -1.2655 0.1703
Car -1 -1 1.5548 1035.2684 839.9158 1149.7207 970.7461 1.5982 1.9282 4.0669 2.3951 5.8292 27.3161 1.6590 0.1523
Car -1 -1 1.9896 0.0000 793.3016 6.1522 913.2501 1.4943 1.8822 4.1070 -19.1633 4.7849 27.0184 1.3645 0.1510
Car -1 -1 1.8900 358.9629 773.0052 455.5490 833.5446 1.4865 1.7696 3.9292 -17.8821 6.4812 48.4430 1.5417 0.1507
