Pedestrian -1 -1 0.1149 663.0621 748.4201 847.5510 1170.4701 1.6548 0.6361 0.7277 -0.8601 2.2107 6.3947 -0.0475 0.5530
Pedestrian -1 -1 1.6499 1051.8922 886.1559 1099.3257 1003.1157 1.6501 0.6729 0.6753 1.7806 5.7770 23.2325 1.7434 0.1879
Pedestrian -1 -1 1.9734 771.3715 983.7788 866.7209 1192.4504 1.6703 0.6644 0.6795 -1.3111 5.0986 13.8602 1.8848 0.1742
Cyclist -1 -1 0.1366 636.6054 744.6164 847.8276 1170.0262 1.6732 0.6360 0.8301 -0.9142 2.2123 6.4019 -0.0360 0.1344
Car -1 -1 1.8265 805.7147 838.0688 1026.4191 1018.9676 1.5107 1.8977 4.2873 -0.4752 4.7250 20.2403 1.8142 0.3727
Car -1 -1 2.0586 224.7787 770.2012 365.5792 844.4198 1.5801 1.8965 4.1859 -18.8079 5.9132 42.4395 1.6442 0.3036
Car -1 -1 2.1152 376.6475 795.2938 523.9186 874.0500 1.4518 1.8353 3.9316 -13.1928 6.1208 38.8574 1.7921 0.2141
Car -1 -1 1.9675 339.5651 775.1360 447.6460 837.9573 1.5235 1.8160 4.0291 -18.1944 6.5637 48.1198 1.6113 0.2111
Car -1 -1 2.0528 0.0000 828.8155 113.9922 930.7958 1.5588 1.8489 3.8877 -20.5528 6.3198 32.9054 1.4933 0.2062
Car -1 -1 1.6848 917.5100 876.1371 1048.4075 1010.8568 1.6033 1.9197 3.8884 0.4777 6.5791 27.5548 1.7164 0.1664
