Pedestrian -1 -1 3.2197 638.2225 742.6534 856.0482 1163.7678 1.6435 0.6642 0.8783 -0.8985 2.1778 6.4145 3.0504 0.4012
Pedestrian -1 -1 -1.4512 1052.1981 876.6135 1098.6807 993.6722 1.6733 0.6465 0.5951 1.7807 5.6523 23.2803 -1.3580 0.1991
Pedestrian -1 -1 1.9800 771.9515 953.5502 867.9200 1160.2086 1.6681 0.6634 0.6948 -1.3052 4.8154 13.8866 1.8914 0.1856
Pedestrian -1 -1 -1.1799 500.6928 766.6740 617.7613 1029.5381 1.7382 0.6239 0.6067 -2.8348 2.7732 10.5836 -1.4663 0.1601
Cyclist -1 -1 3.1835 615.3881 738.0663 846.8066 1167.7439 1.6672 0.6607 0.9293 -0.9770 2.1815 6.4027 2.9988 0.1661
Car -1 -1 -1.3028 804.5981 839.3823 1024.1987 1017.4063 1.4845 1.8524 4.2672 -0.5020 4.7265 20.3059 -1.3163 0.4137
Car -1 -1 -1.2088 246.2708 791.3378 365.3548 863.0917 1.4974 1.8213 3.8656 -18.4752 6.4283 42.3313 -1.6168 0.2861
Car -1 -1 2.1344 375.1212 796.4627 524.9407 875.8566 1.4587 1.8448 3.9465 -13.1943 6.1601 38.8442 1.8112 0.2541
Car -1 -1 -1.2060 130.1206 777.0427 269.1361 860.1995 1.6168 1.8565 4.2484 -19.9459 5.8464 39.3648 -1.6738 0.2089
Car -1 -1 -1.7210 1157.1174 808.8971 1263.1996 905.9180 1.5656 1.8543 4.0998 5.5998 6.0157 34.0902 -1.5399 0.1855
Car -1 -1 2.0226 0.0000 830.6798 107.9377 928.1893 1.4692 1.7857 3.7758 -20.5461 6.2593 32.8369 1.4621 0.1786
Car -1 -1 1.8832 351.0429 772.3951 446.8846 833.2981 1.4961 1.7634 3.9185 -18.1305 6.4653 48.3881 1.5299 0.1653
Car -1 -1 1.5840 1030.2369 839.5888 1146.0482 972.4970 1.6183 1.9534 4.1214 2.3823 5.8547 27.3489 1.6876 0.1626
