Pedestrian -1 -1 -3.0129 730.8896 721.5300 952.2213 1163.3507 1.7538 0.6908 0.8771 -0.4926 2.1944 6.4567 -3.1030 0.5722
Pedestrian -1 -1 -1.5016 948.7044 885.7022 988.8800 990.0270 1.7070 0.6627 0.6010 0.1366 6.3755 26.4405 -1.4826 0.2150
Cyclist -1 -1 0.0107 754.5497 720.7584 977.6554 1163.3828 1.7551 0.6634 0.9104 -0.4079 2.1913 6.4455 -0.0632 0.1991
Car -1 -1 1.8668 805.7275 847.3674 1034.8684 1024.8788 1.4273 1.8491 4.3370 -0.4151 4.7859 20.2351 1.8577 0.3576
Car -1 -1 -1.1085 241.5131 794.3953 369.8956 865.8456 1.4844 1.7991 3.8145 -18.4592 6.4991 42.2904 -1.5164 0.2994
Car -1 -1 2.1019 376.1442 790.7769 524.2246 870.4205 1.4790 1.8576 3.9976 -13.1949 6.0282 38.8645 1.7786 0.2695
Car -1 -1 -1.0567 336.2042 801.4168 451.4678 866.5974 1.5283 1.7885 3.8579 -18.2183 7.4584 48.1931 -1.4119 0.2584
Car -1 -1 -1.1418 515.4075 783.7905 627.4846 848.0703 1.4622 1.8119 4.2307 -12.2737 6.7328 47.3603 -1.3880 0.2311
Car -1 -1 1.6108 1026.3336 853.7399 1148.9742 993.6899 1.6848 1.9954 4.1628 2.3951 6.2166 27.4114 1.7147 0.1942
Car -1 -1 1.6810 849.2101 875.1649 993.1144 1026.3833 1.5881 1.8873 4.0236 -0.5717 6.0786 24.7375 1.6704 0.1940
Car -1 -1 -1.6042 1161.0281 796.4596 1247.2612 892.5576 1.5673 1.8369 4.1171 5.5336 5.7518 34.3058 -1.4261 0.1836
