Pedestrian -1 -1 3.3797 452.2676 717.8090 722.7453 1160.6755 1.6875 0.6462 0.9851 -1.5172 2.0944 6.1977 3.0823 0.4016
Pedestrian -1 -1 -1.2033 498.1664 791.1474 616.1558 1053.4760 1.7180 0.6320 0.6181 -2.8397 2.9279 10.5498 -1.4904 0.2127
Pedestrian -1 -1 -1.5180 1051.9928 911.2849 1097.1705 1026.6259 1.6311 0.6588 0.6088 1.7639 6.1465 23.2298 -1.4251 0.2006
Pedestrian -1 -1 1.6150 950.3031 872.3170 988.8108 974.9009 1.6843 0.6468 0.6187 0.1504 6.1184 26.4716 1.6343 0.1780
Cyclist -1 -1 -1.3847 0.0000 850.5165 65.3649 972.0193 1.7966 0.7228 2.0483 -16.9251 6.0685 27.2294 -1.9449 0.3117
Cyclist -1 -1 3.3726 425.8517 709.8641 704.8986 1158.5454 1.7075 0.6464 1.0200 -1.6057 2.0801 6.1937 3.0583 0.2950
Car -1 -1 3.5731 0.0000 826.9327 65.4609 915.4922 1.5168 1.6402 3.6526 -21.3596 5.9578 31.7659 2.9783 0.4134
Car -1 -1 2.0019 222.5438 799.6921 348.5540 872.3690 1.5184 1.8121 3.8164 -19.0749 6.6976 42.3923 1.5827 0.3801
Car -1 -1 -1.1684 352.5293 804.9170 456.1502 869.2202 1.5259 1.7694 3.7998 -17.9308 7.5766 48.3196 -1.5172 0.2956
Car -1 -1 -1.6220 1176.6226 797.9789 1263.9683 894.1808 1.5584 1.8253 4.1121 5.8543 5.7627 34.1642 -1.4338 0.2199
