Pedestrian -1 -1 3.3326 468.1706 708.7706 730.6669 1147.7373 1.6774 0.6422 0.9814 -1.4733 2.0469 6.2220 3.0443 0.4081
Pedestrian -1 -1 -1.2335 498.8656 795.5486 615.0381 1055.2634 1.7011 0.6309 0.6174 -2.8397 2.9415 10.5454 -1.5207 0.1893
Pedestrian -1 -1 -1.5164 948.8752 896.9599 987.8082 1000.1278 1.6804 0.6475 0.6088 0.1285 6.5450 26.4122 -1.4976 0.1614
Cyclist -1 -1 3.3612 448.0473 700.8931 723.0916 1144.9445 1.7050 0.6440 1.0179 -1.5312 2.0398 6.2271 3.0623 0.2463
Car -1 -1 3.5869 0.0000 833.8372 74.7361 919.7484 1.4821 1.6311 3.5167 -21.2198 6.1003 31.9974 2.9990 0.3448
Car -1 -1 1.8574 218.5977 801.5486 331.1478 876.7207 1.5244 1.8159 4.0553 -19.4212 6.7954 42.4881 1.4324 0.3396
Car -1 -1 -1.6184 1176.7335 797.5573 1263.2722 893.6560 1.5585 1.8228 4.1040 5.8496 5.7532 34.1718 -1.4303 0.2047
Car -1 -1 1.8979 348.9915 775.2395 443.9191 835.5468 1.4838 1.7284 3.7447 -18.1221 6.5141 48.1412 1.5431 0.2018
Car -1 -1 -1.7077 1230.5026 815.1501 1352.9514 929.2169 1.5472 1.8941 4.1937 6.4818 5.6078 29.7373 -1.4721 0.1700
Car -1 -1 1.9821 428.3491 796.7037 557.1157 874.0687 1.4893 1.8095 4.1162 -12.5986 6.3865 40.4785 1.6856 0.1645
