Pedestrian -1 -1 -2.5242 460.0143 885.7780 587.2602 1107.1112 1.3679 0.6130 0.6249 -3.0765 3.2744 10.5416 -2.8329 0.3281
Pedestrian -1 -1 0.1665 1.3846 669.5668 425.3222 1167.0502 1.7046 0.7277 1.3983 -2.8536 1.8971 5.8378 -0.3952 0.2610
Cyclist -1 -1 0.2038 0.0000 661.3088 437.9307 1171.1948 1.7285 0.7476 1.6914 -2.9472 1.8862 5.8207 -0.3744 0.5236
Car -1 -1 2.0494 490.5199 804.9385 616.5511 879.5521 1.5576 1.8456 4.2272 -12.0306 7.1771 44.4124 1.7922 0.3851
Car -1 -1 -1.3143 787.0575 835.7691 1001.3099 1008.3953 1.4594 1.8571 4.1918 -0.7838 4.6528 20.3954 -1.3425 0.2765
Car -1 -1 -1.6983 1115.8265 817.9022 1241.9934 936.8542 1.4543 1.7964 3.7681 3.7618 5.1087 26.4029 -1.5377 0.2288
Car -1 -1 1.0399 504.2339 819.2424 872.0165 1059.9696 1.4645 1.7006 3.9272 -2.7446 3.6023 14.4160 0.8462 0.2188
Car -1 -1 1.4506 971.8576 857.8145 1080.5343 969.0513 1.6257 1.9470 4.0323 1.3452 7.0289 32.6170 1.5068 0.2102
Car -1 -1 -1.6285 1174.8176 801.4194 1265.2887 900.5887 1.6082 1.8723 4.1845 5.8631 5.9122 34.2663 -1.4405 0.2016
Car -1 -1 1.2336 0.0000 776.5140 461.5231 1106.3591 1.4220 1.6368 3.7172 -5.0725 2.6189 9.9699 0.7138 0.1939
Car -1 -1 -1.1284 377.1716 798.1963 511.3302 875.7842 1.4269 1.7778 3.8250 -13.2124 6.1146 38.4495 -1.4553 0.1671
