Pedestrian -1 -1 0.4288 321.4729 723.3372 583.2323 1171.4865 1.6902 0.6549 0.8397 -2.0581 2.1160 6.1288 0.0288 0.4786
Pedestrian -1 -1 1.5922 1055.6499 876.2102 1098.5653 993.5175 1.6637 0.6358 0.6293 1.7897 5.5968 23.0551 1.6867 0.2802
Pedestrian -1 -1 -1.0755 495.1106 844.9518 612.5847 1095.0848 1.5969 0.5945 0.5865 -2.8538 3.1943 10.5077 -1.3639 0.2519
Pedestrian -1 -1 -1.8488 1314.3851 833.6556 1400.0143 1008.2788 1.3431 0.5671 0.6032 3.3120 3.1369 12.5429 -1.5521 0.1395
Cyclist -1 -1 3.4747 349.6522 723.4141 611.9800 1171.3287 1.6856 0.6492 0.8836 -1.9372 2.1117 6.1239 3.0957 0.1805
Car -1 -1 -1.2754 420.0650 790.3824 532.6685 863.5499 1.4403 1.7781 4.1593 -13.2092 6.2064 40.9804 -1.5822 0.2714
Car -1 -1 1.9684 1562.1904 770.9545 1936.0000 1069.5635 1.4828 1.7178 4.0555 6.4483 2.7392 11.0382 2.5646 0.1787
Car -1 -1 1.8616 139.5423 792.8106 272.4087 874.8403 1.4829 1.8839 4.4578 -19.6159 6.1319 39.0464 1.3976 0.1786
Car -1 -1 -1.5529 1159.0286 797.7328 1246.3545 895.2253 1.5810 1.8179 4.0934 5.5720 5.7845 34.1853 -1.3731 0.1646
Car -1 -1 -1.5101 1203.8644 799.3969 1284.3279 879.2814 1.5412 1.8262 3.9677 7.6888 6.5087 40.4177 -1.3040 0.1479
Car -1 -1 -3.3359 1178.2296 851.4100 1314.1346 907.4788 1.5571 1.8796 4.2199 9.5308 9.3147 50.2554 -3.1316 0.1438
Car -1 -1 1.9216 0.0000 781.3981 125.4599 871.0232 1.4802 1.7703 4.0501 -20.9032 5.3062 34.3999 1.3732 0.1369
