Pedestrian -1 -1 -2.5558 74.8807 675.5844 372.7620 1138.9031 1.6814 0.6498 0.8364 -2.8464 1.8906 5.8357 -3.1167 0.4867
Pedestrian -1 -1 -1.0664 0.0000 620.9462 188.3568 1216.0000 1.7222 0.6263 0.6442 -2.7802 1.7113 4.5372 -1.7830 0.3341
Pedestrian -1 -1 3.4054 492.2027 884.7814 594.9805 1111.3914 1.4344 0.6108 0.5654 -2.9218 3.3136 10.5000 3.1107 0.3167
Pedestrian -1 -1 -1.6613 1349.5228 794.9036 1426.6176 993.8506 1.5556 0.5972 0.5161 3.5754 3.0193 12.5567 -1.3433 0.2939
Pedestrian -1 -1 -1.2256 807.4236 960.8474 891.7399 1155.0603 1.5478 0.5783 0.6558 -1.0149 4.7092 13.6783 -1.2931 0.1695
Cyclist -1 -1 0.4888 53.5812 665.6171 352.9854 1138.4110 1.7120 0.6353 0.8657 -2.9191 1.8803 5.8289 -0.0842 0.2092
Car -1 -1 2.0414 377.0647 791.2251 512.3757 866.9699 1.4040 1.7543 3.7767 -13.2100 5.9048 38.4727 1.7144 0.2647
Car -1 -1 -1.7127 1113.5106 815.2117 1242.3295 933.5590 1.4560 1.7923 3.7677 3.7439 5.0585 26.4081 -1.5529 0.2481
Car -1 -1 2.0783 263.1357 793.0151 431.9624 882.5020 1.3508 1.6933 3.8522 -13.0942 5.1922 32.1558 1.6914 0.2060
Car -1 -1 1.3369 966.7661 870.7075 1087.7445 982.2532 1.6231 1.8594 3.8536 1.3816 7.3697 32.9012 1.3939 0.2009
Car -1 -1 1.0095 505.1623 808.3739 867.8490 1034.5037 1.4365 1.6948 3.8312 -2.7962 3.4802 14.6817 0.8157 0.1950
Car -1 -1 -1.7358 1165.8916 813.8190 1276.7754 913.4527 1.5907 1.8853 4.2052 5.8435 6.1613 34.0554 -1.5474 0.1853
Car -1 -1 -1.3209 790.0551 830.3450 1000.9697 1006.3624 1.4998 1.8083 4.2147 -0.7601 4.5931 20.2613 -1.3481 0.1745
