Pedestrian -1 -1 -1.1532 496.7417 850.2953 611.1427 1067.7455 1.3823 0.5956 0.5905 -2.8567 3.0184 10.5239 -1.4423 0.3761
Pedestrian -1 -1 0.2745 220.6712 709.4602 485.0612 1176.8944 1.7220 0.6714 0.8828 -2.4344 2.0889 6.0738 -0.1945 0.3691
Pedestrian -1 -1 1.5654 1055.6027 912.9094 1098.5146 1029.6296 1.6378 0.6478 0.6045 1.7795 6.1197 22.9418 1.6600 0.2164
Pedestrian -1 -1 -1.7726 1315.3289 838.2859 1398.4014 1012.3051 1.3332 0.5867 0.5857 3.3133 3.1708 12.5590 -1.4762 0.1547
Cyclist -1 -1 3.4186 153.5693 700.3614 443.8418 1195.1650 1.7645 0.6567 0.9400 -2.5682 2.0833 5.8903 2.9107 0.1823
Car -1 -1 0.8421 481.6865 790.2196 885.0924 1008.2868 1.4299 1.6955 3.8059 -2.7385 3.2229 14.3953 0.6474 0.2123
Car -1 -1 -1.4111 792.7077 775.7941 901.2859 868.5497 1.6222 1.8804 3.8801 -2.5886 5.3326 34.7508 -1.4753 0.2095
Car -1 -1 -1.5150 1155.7612 796.4380 1249.2560 892.6265 1.5580 1.8106 4.0798 5.5797 5.7381 34.2465 -1.3352 0.2081
Car -1 -1 -1.4896 886.6510 798.0831 982.2038 892.2635 1.5343 1.7942 3.8816 -0.5460 5.6735 33.7379 -1.4935 0.1980
Car -1 -1 2.0441 387.7383 808.6731 526.3190 887.4740 1.4197 1.8132 3.8308 -12.8846 6.3950 38.4536 1.7253 0.1970
Car -1 -1 1.9840 0.0000 819.5372 134.6280 925.4289 1.6447 1.9013 4.0864 -20.2601 6.2578 33.2913 1.4363 0.1781
Car -1 -1 1.8608 143.2723 798.7284 274.3268 881.0748 1.5076 1.9131 4.2905 -19.6607 6.3373 39.2720 1.3986 0.1677
Car -1 -1 -1.1365 524.9468 787.1055 635.0213 849.2158 1.4019 1.7914 4.1020 -12.0050 6.7749 47.3509 -1.3773 0.1621
Car -1 -1 -1.5393 1205.9587 799.2124 1282.3093 879.0801 1.5438 1.8290 3.9738 7.6894 6.5057 40.4217 -1.3332 0.1490
