Pedestrian -1 -1 0.3410 210.5701 692.5888 480.5674 1148.9396 1.7039 0.6868 0.8726 -2.4756 1.9980 6.1003 -0.1337 0.4550
Pedestrian -1 -1 0.2393 493.7756 859.4984 600.2384 1077.9878 1.3835 0.6131 0.6019 -2.8927 3.0787 10.4840 -0.0542 0.2603
Pedestrian -1 -1 -1.8399 1734.7402 828.4174 1858.1560 1086.5133 1.5558 0.6098 0.6299 5.5837 2.9739 10.0272 -1.2609 0.1833
Pedestrian -1 -1 -1.4590 948.0887 901.1011 995.1475 1018.1069 1.6572 0.6563 0.6381 0.1651 6.0157 23.2389 -1.4380 0.1545
Pedestrian -1 -1 1.9528 772.7484 1000.6437 865.8377 1206.9982 1.6508 0.6594 0.6577 -1.3098 5.2384 13.8680 1.8647 0.1483
Pedestrian -1 -1 -1.5337 1056.8422 889.5796 1100.1620 1009.2637 1.6939 0.6325 0.5902 1.8049 5.8202 22.9789 -1.4382 0.1447
Cyclist -1 -1 0.2823 195.5530 686.6342 468.6249 1148.6471 1.7161 0.6777 0.9101 -2.5239 1.9850 6.0907 -0.2013 0.1459
Car -1 -1 1.5347 897.0830 807.0911 980.3400 899.9864 1.4828 1.7568 3.8300 -0.5519 5.7970 33.4629 1.5306 0.2204
Car -1 -1 -1.6563 1163.2288 800.0858 1257.0106 896.6760 1.5682 1.8320 4.0931 5.6097 5.8133 34.1126 -1.4750 0.2201
Car -1 -1 1.9391 0.0000 795.3563 100.9708 894.9743 1.5561 1.8909 4.1341 -20.8622 5.5859 33.1415 1.3747 0.1804
Car -1 -1 1.8362 328.2020 796.9122 425.8087 864.5587 1.5987 1.9007 4.1416 -18.8622 7.4206 48.4590 1.4711 0.1743
Car -1 -1 -1.3358 417.7539 790.5313 525.3959 866.4747 1.4701 1.8196 4.2338 -13.2273 6.2120 40.6338 -1.6457 0.1686
Car -1 -1 0.9186 487.2397 821.7555 879.8416 1056.8853 1.4593 1.7035 3.8577 -2.7589 3.6075 14.4041 0.7237 0.1683
Car -1 -1 1.5505 976.1588 865.1285 1065.0283 971.2901 1.5929 1.8513 3.7874 1.2999 7.2143 33.0699 1.6047 0.1605
Car -1 -1 1.5412 1036.9093 847.2845 1152.1431 980.6185 1.6259 1.9418 4.0559 2.4031 6.0001 27.3197 1.6457 0.1596
Car -1 -1 1.5504 1229.8610 809.7767 1360.9404 955.2021 1.4623 1.7598 3.9067 5.0210 4.5006 22.4764 1.7945 0.1553
Car -1 -1 2.0819 1589.9857 735.5087 1936.0000 1024.9210 1.5065 1.7765 4.3501 6.8488 2.4300 10.7851 2.7200 0.1456
Car -1 -1 1.9987 505.3916 794.6659 625.4572 866.3206 1.5194 1.8477 4.2194 -11.7193 6.8328 44.5644 1.7487 0.1452
Car -1 -1 -1.5323 1205.7291 799.4321 1283.2046 879.4817 1.5453 1.8305 3.9784 7.6956 6.5121 40.4046 -1.3260 0.1396
