Pedestrian -1 -1 0.4071 304.9141 720.6486 573.1912 1153.9103 1.6424 0.6397 0.8776 -2.1125 2.0556 6.1319 -0.0029 0.5223
Pedestrian -1 -1 1.5907 1055.6224 889.9285 1098.7925 1007.4283 1.6586 0.6397 0.6227 1.7882 5.7989 23.0161 1.6853 0.2775
Pedestrian -1 -1 -1.0897 494.9838 843.9353 612.7602 1094.2451 1.5983 0.5977 0.5926 -2.8529 3.1880 10.5060 -1.3781 0.2362
Pedestrian -1 -1 1.6330 950.5659 896.4031 990.1849 998.8524 1.6638 0.6541 0.6209 0.1645 6.5188 26.4055 1.6532 0.1599
Pedestrian -1 -1 -1.7882 1316.9288 831.5347 1398.5013 1007.9283 1.3588 0.5683 0.5754 3.3197 3.1363 12.5544 -1.4912 0.1565
Cyclist -1 -1 0.3086 302.0391 715.0438 568.4534 1158.4364 1.6672 0.6275 0.9088 -2.1235 2.0582 6.1280 -0.1035 0.2145
Car -1 -1 -1.2300 779.1773 863.0040 984.8732 1023.8142 1.4731 1.7900 3.9176 -1.0643 5.3423 22.1640 -1.2674 0.2078
Car -1 -1 -0.1831 1185.8541 858.1380 1322.0178 914.5742 1.5466 1.8958 4.2364 9.7937 9.5447 50.2778 0.0262 0.2068
Car -1 -1 -1.4377 788.1597 774.6657 895.9893 871.2827 1.6387 1.8711 3.9185 -2.6123 5.2087 33.6306 -1.5054 0.2042
Car -1 -1 2.0119 389.7128 806.5319 524.3082 884.6557 1.4154 1.7998 3.8284 -12.8838 6.3293 38.4480 1.6930 0.1956
Car -1 -1 0.8264 476.5466 792.4053 882.5081 1010.3513 1.4311 1.6935 3.8046 -2.7716 3.2460 14.3978 0.6294 0.1854
Car -1 -1 1.9741 1561.0161 772.0268 1936.0000 1070.4902 1.4828 1.7146 4.0546 6.4455 2.7477 11.0394 2.5701 0.1796
Car -1 -1 1.4906 1202.2067 802.5749 1297.8628 902.7206 1.5333 1.7916 4.0204 6.2052 5.6434 32.4851 1.6988 0.1585
Car -1 -1 1.8646 143.4563 798.2394 274.4702 880.2449 1.5038 1.9028 4.2773 -19.6603 6.3196 39.2791 1.4025 0.1581
Car -1 -1 1.8820 0.0000 797.5852 132.1803 898.2589 1.5904 1.8437 4.1838 -20.2799 5.7286 33.5878 1.3370 0.1496
Car -1 -1 -1.5178 1204.5638 799.4609 1283.8605 879.2643 1.5403 1.8249 3.9629 7.6911 6.5089 40.4156 -1.3117 0.1492
