Pedestrian -1 -1 0.1337 99.6142 669.3547 417.7224 1169.9401 1.7590 0.6759 1.0706 -2.7212 1.9489 5.8682 -0.4032 0.4796
Pedestrian -1 -1 0.2007 494.5960 880.5053 593.4061 1100.9679 1.3923 0.5940 0.5731 -2.9233 3.2447 10.5151 -0.0941 0.3289
Pedestrian -1 -1 -1.8467 1733.4398 818.6329 1857.7227 1080.8485 1.5891 0.6128 0.6261 5.5793 2.9390 10.0298 -1.2680 0.1727
Cyclist -1 -1 0.0413 0.1733 659.6262 464.4124 1186.1527 1.7851 0.7175 1.5490 -2.8181 1.9371 5.8539 -0.5126 0.3834
Car -1 -1 0.9954 502.0014 812.2459 875.5324 1045.3611 1.4437 1.6833 3.8549 -2.7242 3.4947 14.4007 0.8026 0.2216
Car -1 -1 -1.5520 893.0231 803.8663 977.1181 896.2932 1.4878 1.7573 3.8290 -0.5329 5.7235 33.4655 -1.5556 0.2081
Car -1 -1 -1.5404 1207.3040 801.0967 1282.2739 879.3566 1.5120 1.7997 3.8537 7.6935 6.5130 40.3612 -1.3340 0.1981
Car -1 -1 -1.5912 1185.7544 803.7888 1274.7345 904.6407 1.6206 1.8829 4.2215 6.1477 5.9838 34.2314 -1.3948 0.1948
Car -1 -1 -1.5841 1189.6976 768.0568 1288.8582 876.7729 1.6208 1.8254 3.9263 5.5716 4.6869 29.9281 -1.3801 0.1896
Car -1 -1 2.0243 382.6882 798.9697 516.1326 874.2122 1.3850 1.7697 3.8093 -13.2005 6.1343 38.7982 1.7005 0.1891
Car -1 -1 2.0422 495.1715 788.3710 617.5536 857.4301 1.4759 1.8282 4.1244 -12.0105 6.5966 44.6339 1.7862 0.1799
Car -1 -1 1.9425 0.0000 793.5803 101.9056 892.7520 1.5541 1.8855 4.1318 -20.8510 5.5428 33.1539 1.3784 0.1794
Car -1 -1 1.5378 1036.7390 844.6301 1151.5824 977.1877 1.6234 1.9372 4.0582 2.3912 5.9488 27.3451 1.6417 0.1619
Car -1 -1 -1.6475 1192.0795 812.1825 1260.4059 881.5240 1.5544 1.8712 3.9884 8.2606 7.6884 46.8913 -1.4561 0.1613
Car -1 -1 2.0049 320.9235 801.2371 484.0181 895.8453 1.4212 1.7895 3.8695 -11.8267 5.4212 31.9216 1.6510 0.1601
Car -1 -1 1.5174 1234.8898 809.9378 1365.6722 955.1798 1.4666 1.7533 3.8819 5.0184 4.5011 22.4523 1.7615 0.1554
Car -1 -1 1.5457 976.2126 866.8773 1066.0341 974.4577 1.6117 1.8687 3.8166 1.3009 7.2714 33.0425 1.5999 0.1514
