Pedestrian -1 -1 0.4056 26.5602 670.0013 326.9780 1157.2479 1.7320 0.6669 0.8733 -3.0009 1.9192 5.7985 -0.1827 0.5561
Pedestrian -1 -1 -0.4855 0.0000 608.9452 228.1236 1216.0000 1.7190 0.6226 0.6011 -2.7108 1.6747 4.5489 -1.1888 0.5178
Pedestrian -1 -1 -1.4699 1052.6454 872.0155 1098.6052 986.3088 1.6318 0.6458 0.6141 1.7843 5.5399 23.2867 -1.3765 0.2061
Cyclist -1 -1 0.3722 35.5090 666.9800 335.9353 1158.9888 1.7476 0.6583 0.8915 -2.9651 1.9224 5.7979 -0.2105 0.1890
Car -1 -1 1.8350 810.8294 850.7671 1031.3833 1026.5239 1.4095 1.8638 4.2601 -0.4077 4.8061 20.1921 1.8263 0.3913
Car -1 -1 -1.6135 839.6735 785.9850 925.0065 877.8470 1.5184 1.7918 3.8375 -1.8301 5.3607 33.6819 -1.6570 0.3809
Car -1 -1 2.1310 369.3590 798.5918 517.9343 877.2072 1.4221 1.8098 3.8720 -13.2054 6.1243 38.3919 1.8038 0.3068
Car -1 -1 2.1141 226.3163 784.6762 410.3224 879.8467 1.3970 1.7504 3.8077 -13.0882 4.8908 30.6948 1.7093 0.3001
Car -1 -1 -1.7486 1096.9563 816.3755 1230.8271 933.3086 1.4359 1.7646 3.6785 3.4858 5.0453 26.3273 -1.5983 0.2936
Car -1 -1 1.9972 0.0000 848.6677 107.7275 951.4507 1.4950 1.8183 4.0946 -20.8415 6.7942 33.2642 1.4373 0.2457
Car -1 -1 -1.2320 804.2972 805.6257 978.3080 934.5598 1.5309 1.7745 3.8327 -1.1128 4.8927 25.7231 -1.2646 0.2259
