Pedestrian -1 -1 -2.7086 379.8168 700.3331 633.6361 1165.8888 1.7610 0.6676 0.8108 -1.8393 2.0888 6.1363 -3.0694 0.5681
Pedestrian -1 -1 -1.4850 1052.6528 847.5696 1099.0791 958.4357 1.5803 0.6543 0.6907 1.7909 5.1111 23.3143 -1.3916 0.2543
Pedestrian -1 -1 -1.0225 495.6032 781.7607 617.5718 1047.1400 1.7342 0.6220 0.5857 -2.8506 2.8804 10.5647 -1.3105 0.1815
Cyclist -1 -1 -1.2375 2.6429 849.1080 87.5979 968.8836 1.7779 0.7039 2.0151 -16.6497 6.0189 27.2271 -1.7904 0.2950
Cyclist -1 -1 3.4826 366.5249 697.2560 619.4120 1162.7322 1.7674 0.6641 0.8409 -1.8903 2.0806 6.1295 3.1120 0.1472
Car -1 -1 1.8475 428.9229 798.4009 540.0637 874.1987 1.4907 1.8296 4.0608 -12.9508 6.4695 40.8607 1.5459 0.2940
Car -1 -1 -1.1819 129.7160 795.4020 266.4704 874.8188 1.4986 1.7866 4.0487 -19.9494 6.2151 39.2785 -1.6502 0.1971
Car -1 -1 2.1004 1592.6337 772.6439 1936.0000 1059.5089 1.4590 1.6750 3.8592 6.6342 2.6738 10.7482 2.7242 0.1781
Car -1 -1 -1.5101 1155.3414 821.1287 1249.2664 916.7969 1.4809 1.8025 4.0073 5.5622 6.2485 34.1728 -1.3305 0.1719
Car -1 -1 -1.5196 1205.5498 798.9696 1284.9453 879.4152 1.5539 1.8311 3.9783 7.7123 6.5050 40.3781 -1.3128 0.1549
Car -1 -1 2.0955 0.0000 790.1878 169.2102 884.9552 1.5485 1.8032 3.9882 -19.6460 5.4639 33.4224 1.5618 0.1489
