Pedestrian -1 -1 0.2391 501.1083 852.0912 602.2014 1068.8455 1.3835 0.6018 0.5703 -2.8712 3.0298 10.5213 -0.0514 0.3872
Pedestrian -1 -1 3.5208 176.2430 680.6248 459.6295 1150.0691 1.7173 0.6546 0.8838 -2.5183 1.9525 5.9369 3.0238 0.3857
Pedestrian -1 -1 -1.5639 1055.5322 914.3929 1098.3903 1031.6511 1.6454 0.6411 0.5958 1.7782 6.1493 22.9372 -1.4693 0.2190
Cyclist -1 -1 3.5339 146.7137 672.6270 436.9424 1146.4008 1.7370 0.6485 0.9003 -2.6204 1.9385 5.9354 3.0197 0.1722
Car -1 -1 2.0372 493.4251 794.6829 615.9614 865.4413 1.4980 1.8308 4.1294 -12.0169 6.7984 44.4758 1.7803 0.3457
Car -1 -1 1.9204 299.1010 783.9034 406.7686 851.0895 1.5648 1.8269 3.9508 -18.7666 6.7018 46.3110 1.5402 0.2263
Car -1 -1 -1.5709 1171.7300 797.3346 1256.4636 892.7491 1.5470 1.7997 4.0482 5.8161 5.7387 34.1958 -1.3840 0.2254
Car -1 -1 -1.5893 895.8600 805.1768 978.8277 896.9750 1.4724 1.7517 3.8165 -0.5478 5.7413 33.4842 -1.5934 0.2216
Car -1 -1 1.9720 0.0000 789.0677 120.5084 886.1276 1.5422 1.8207 4.1353 -20.5475 5.4407 33.3290 1.4169 0.1940
Car -1 -1 -1.3630 778.7666 832.7738 977.6031 1006.1422 1.4846 1.8170 4.0556 -0.9948 4.5798 20.1158 -1.4029 0.1776
Car -1 -1 2.0236 372.3847 795.0648 514.3907 874.3314 1.4359 1.8356 4.0518 -13.1868 6.0403 38.3386 1.6962 0.1636
