Pedestrian -1 -1 0.0193 246.1484 656.8909 790.4540 1216.0000 1.6935 0.7506 1.5948 -1.4315 1.8120 4.9080 -0.3625 0.2471
Pedestrian -1 -1 0.0857 910.5129 775.8802 946.6234 878.0886 1.5815 0.5899 0.5342 -0.5299 4.0749 24.3824 0.0748 0.2103
Pedestrian -1 -1 1.5468 498.5151 864.7659 591.4598 1124.5785 1.5936 0.5848 0.5995 -2.8577 3.2972 10.2447 1.2504 0.2027
Pedestrian -1 -1 -2.1588 1742.7762 793.2430 1902.7931 1046.0671 1.4979 0.6138 0.7493 5.5908 2.6368 9.7398 -1.5625 0.1865
Cyclist -1 -1 -0.0002 214.1977 646.6815 833.3200 1216.0000 1.7314 0.7637 1.8191 -1.4048 1.8130 4.9148 -0.3749 0.6384
Car -1 -1 2.0945 408.9937 806.6727 561.0294 891.3981 1.5293 1.9348 4.1174 -12.2484 6.5090 38.7466 1.7935 0.3950
Car -1 -1 2.1222 0.0000 785.2404 180.4781 879.4216 1.5595 1.8171 4.2476 -19.9118 5.4566 34.2041 1.5931 0.2570
Car -1 -1 -1.4664 1204.1566 796.0884 1283.1611 868.6414 1.6341 1.9305 4.2039 8.8846 7.2557 46.8123 -1.2616 0.1936
Car -1 -1 2.0040 321.0941 794.4119 482.3763 886.5641 1.3824 1.7283 3.9089 -11.8222 5.2233 31.8680 1.6493 0.1850
Car -1 -1 1.5407 1070.8132 826.8852 1191.3002 960.7217 1.6389 2.0144 4.2929 3.0654 5.6277 27.2967 1.6701 0.1841
Car -1 -1 -1.7510 1193.1401 809.6537 1312.3601 913.3046 1.6441 1.9610 4.3493 6.4950 6.0888 33.7740 -1.5418 0.1826
Car -1 -1 -1.1034 485.7097 794.4614 627.2103 876.9124 1.5067 1.8713 4.0301 -10.3118 6.1068 38.4042 -1.3600 0.1704
Car -1 -1 1.9882 512.5588 797.2885 628.6680 865.9363 1.4637 1.8513 4.0975 -11.6809 6.9011 44.9921 1.7415 0.1678
