Pedestrian -1 -1 0.0613 43.4890 597.5085 359.4266 1216.0000 1.7670 0.6664 0.8134 -2.3582 1.6913 4.6280 -0.5630 0.6036
Pedestrian -1 -1 -0.8271 0.0000 657.4333 211.9089 1153.5094 1.7340 0.6435 0.6094 -3.2930 1.8631 5.6031 -1.4813 0.3914
Pedestrian -1 -1 -1.9648 1353.7567 824.5776 1452.6703 990.6359 1.2223 0.5624 0.7339 3.6283 2.9182 12.3166 -1.6361 0.1990
Cyclist -1 -1 0.2663 0.7835 581.0536 350.9541 1216.0000 1.7921 0.6588 0.8816 -2.3638 1.6708 4.6045 -0.3629 0.1497
Car -1 -1 1.9124 154.6084 792.5455 294.3833 871.4839 1.4703 1.9950 4.2261 -19.3374 6.1419 39.4597 1.4585 0.3174
Car -1 -1 1.9577 421.7364 803.2623 549.9461 880.6274 1.4192 1.8121 3.8885 -12.2354 6.2797 38.7372 1.6566 0.3048
Car -1 -1 -1.5739 819.5838 779.9622 906.6019 873.5989 1.5601 1.8260 3.8120 -2.1734 5.2210 33.3498 -1.6288 0.2793
Car -1 -1 1.9995 348.2429 825.6191 503.3748 922.2347 1.4969 1.8256 3.8119 -11.8576 6.2429 33.3794 1.6612 0.2351
Car -1 -1 2.0649 0.0000 780.7028 137.8296 879.2921 1.6204 1.9603 4.0289 -20.2714 5.2926 33.1800 1.5136 0.2267
Car -1 -1 0.6765 624.4226 873.3265 1006.9661 1101.2679 1.4672 1.6557 3.5433 -1.4881 4.2219 14.9182 0.5809 0.2197
Car -1 -1 1.5145 1055.4529 828.9368 1171.3228 961.7698 1.6377 1.9301 4.2759 2.6982 5.6698 27.3607 1.6299 0.2064
