Pedestrian -1 -1 -0.0357 1190.7935 858.9672 1229.4070 982.5342 1.7056 0.6448 0.5604 3.7174 5.2634 22.3696 0.1503 0.5441
Pedestrian -1 -1 -0.4416 964.8374 681.3772 1275.1969 1215.4631 1.7475 0.7147 0.9213 0.5598 1.9722 5.4727 -0.3028 0.3340
Pedestrian -1 -1 -1.0990 430.3401 875.0081 473.8812 965.2290 1.7454 0.6728 0.5645 -10.5790 6.9986 31.0816 -1.4230 0.2065
Pedestrian -1 -1 -1.1952 582.4179 839.1620 708.8152 1101.0789 1.6084 0.6349 0.7199 -2.1500 3.1345 10.2477 -1.4195 0.1891
Pedestrian -1 -1 -3.0218 1006.4816 821.9927 1052.8889 899.8035 1.1354 0.6265 0.6676 1.1042 4.3540 24.0534 -2.9613 0.1889
Pedestrian -1 -1 -1.9257 1796.7047 811.4038 1929.7004 1053.0442 1.4315 0.6028 0.6038 5.8940 2.6998 9.7999 -1.3083 0.1889
Cyclist -1 -1 -0.4018 950.8431 676.4172 1310.6616 1216.0000 1.7563 0.7129 1.0863 0.5767 1.9558 5.3105 -0.2537 0.1732
Car -1 -1 2.0226 388.8719 858.7502 547.1294 961.1231 1.4713 1.8085 3.6777 -10.5761 6.8323 32.3356 1.7108 0.4217
Car -1 -1 2.1758 0.0000 744.1221 191.0125 847.6245 1.5861 1.9493 4.7826 -18.2998 4.2539 31.0127 1.6369 0.2987
Car -1 -1 -1.2099 475.9416 802.5558 603.3759 883.2491 1.4600 1.8322 3.9282 -10.6581 6.2272 38.0869 -1.4772 0.2864
Car -1 -1 -1.5717 1342.7723 791.9609 1402.9575 859.4980 1.5622 1.7608 3.9230 13.0406 7.0800 47.2620 -1.2835 0.2251
