Pedestrian -1 -1 -0.0440 1169.4227 847.4899 1206.1266 966.6589 1.6653 0.6150 0.5317 3.4039 5.0649 22.5013 0.1267 0.4653
Pedestrian -1 -1 -0.5144 773.3267 683.6779 1103.0594 1216.0000 1.7997 0.7235 0.9246 -0.0897 2.0283 5.2689 -0.5341 0.4509
Pedestrian -1 -1 -0.0633 1073.5698 858.7824 1117.2533 977.9705 1.5470 0.6608 0.5843 1.8875 4.9005 21.0994 0.0437 0.3520
Pedestrian -1 -1 -2.0381 1795.9513 1033.9275 1936.0000 1216.0000 1.7287 0.6633 0.5533 3.9967 3.5557 6.3413 -1.3664 0.2186
Pedestrian -1 -1 -0.1961 346.9076 909.8096 416.0503 1097.3115 1.7021 0.6279 0.5376 -5.9077 4.6819 15.2308 -0.5795 0.2046
Cyclist -1 -1 -2.9060 778.7952 891.7690 1017.1205 1110.7314 1.6663 0.7953 2.0024 -0.5529 4.1653 13.4123 -2.9389 0.4600
Cyclist -1 -1 -2.0482 1724.8862 991.7313 1936.0000 1216.0000 1.6852 0.7771 1.5985 3.9944 3.4893 6.4987 -1.3907 0.2022
Cyclist -1 -1 -0.6359 785.0598 682.4135 1125.7040 1216.0000 1.7791 0.7332 0.9547 -0.0219 2.0046 5.2835 -0.6383 0.1648
Car -1 -1 2.1458 326.8577 829.9004 522.1456 941.4138 1.5182 1.8409 4.0423 -10.8531 6.0057 30.5557 1.8064 0.3599
Car -1 -1 3.6110 0.0000 832.7241 103.3414 926.7371 1.5138 1.6831 3.7783 -19.4639 5.7972 29.7719 3.0282 0.2656
Car -1 -1 -1.6968 1274.7531 803.3755 1383.3751 906.6358 1.6072 1.9030 4.3488 8.1426 5.8711 33.4454 -1.4372 0.1943
Car -1 -1 1.9475 576.8799 797.5831 690.1227 870.3150 1.5614 1.8937 4.1174 -9.7247 6.9750 44.6919 1.7415 0.1901
