Pedestrian -1 -1 -0.0095 1128.9257 846.3315 1163.5597 958.1181 1.5755 0.6059 0.5157 2.8148 4.9917 22.7367 0.1328 0.4540
Pedestrian -1 -1 -0.9361 307.9731 894.8561 396.6692 1076.9119 1.6919 0.6329 0.5563 -6.2085 4.5089 15.2613 -1.3375 0.2532
Pedestrian -1 -1 0.0633 514.7073 672.4874 993.6937 1216.0000 1.7097 0.7720 1.5169 -0.6920 1.8890 5.1633 -0.1143 0.2369
Cyclist -1 -1 -0.0250 452.1567 669.2007 1005.0774 1216.0000 1.6986 0.8073 1.7430 -0.7953 1.8688 5.1504 -0.2296 0.4419
Cyclist -1 -1 -1.2563 276.3687 871.8500 490.6678 1216.0000 1.6732 0.7399 2.1604 -3.7405 3.4887 9.8873 -1.6522 0.2184
Car -1 -1 -1.1671 851.5209 839.1258 1090.3060 1012.2034 1.4698 1.7562 3.9813 0.2460 4.6840 20.2612 -1.1416 0.5116
Car -1 -1 2.1973 316.6461 822.0076 521.1614 933.2470 1.4992 1.8323 4.0733 -10.8380 5.7717 30.2038 1.8541 0.3600
Car -1 -1 -1.1416 553.7783 801.7182 670.8285 871.6423 1.4806 1.8781 4.0390 -10.3877 7.0359 44.8137 -1.3614 0.2554
Car -1 -1 2.0969 298.4012 835.6679 438.3430 918.0325 1.6321 1.9269 4.0593 -16.8892 7.9707 42.8183 1.7274 0.2080
Car -1 -1 2.2972 0.0000 764.8873 258.7094 896.9675 1.4379 1.8137 4.0481 -12.9612 3.7967 23.0334 1.7725 0.2033
Car -1 -1 -1.7013 1258.3835 812.1046 1370.2292 918.7884 1.6468 1.9518 4.3538 7.7892 6.1076 33.3561 -1.4514 0.2005
Car -1 -1 1.4345 1267.2036 820.6282 1347.7200 894.7001 1.5818 1.9084 4.1524 10.4871 7.8277 45.5543 1.6789 0.1882
Car -1 -1 -1.2816 639.3508 796.8651 738.0728 865.2905 1.4842 1.8314 3.9636 -8.1314 6.8921 44.9517 -1.4516 0.1783
