Pedestrian -1 -1 -0.0222 1125.5425 849.7335 1160.1484 966.1847 1.6451 0.6265 0.5163 2.7652 5.1223 22.7862 0.1176 0.4558
Pedestrian -1 -1 0.1543 479.2064 683.3643 771.6520 1216.0000 1.7329 0.6824 0.8845 -1.0768 1.9422 4.9564 -0.1337 0.4121
Cyclist -1 -1 0.0524 494.2787 676.9530 800.5565 1216.0000 1.7416 0.6841 0.9284 -1.0377 1.9296 4.9645 -0.2250 0.1716
Car -1 -1 -1.2370 861.2869 846.1867 1081.4667 1017.6326 1.4265 1.7159 3.8624 0.2460 4.6980 19.9985 -1.2114 0.5966
Car -1 -1 2.1355 286.5400 844.9344 427.5193 927.6118 1.6175 1.8878 3.9504 -17.1470 8.2034 42.6436 1.7595 0.3162
Car -1 -1 -1.1300 541.5468 802.6131 660.7868 873.2446 1.4911 1.8880 4.0694 -10.7100 7.0719 44.7733 -1.3569 0.2902
Car -1 -1 1.6030 1293.1487 814.7059 1371.8374 896.3611 1.4947 1.8193 4.0161 9.9042 6.8140 39.7237 1.8669 0.2830
Car -1 -1 2.1494 60.0853 792.4340 242.9985 884.8193 1.5187 1.7640 4.0163 -18.3919 5.5810 34.1851 1.6547 0.2316
Car -1 -1 2.2612 0.0000 761.9472 256.2885 893.9366 1.4466 1.8218 4.0666 -12.9611 3.7540 23.0225 1.7362 0.2268
Car -1 -1 -1.6873 1102.0520 783.0971 1172.7141 849.7075 1.7147 1.9637 4.3186 5.9543 7.3396 50.9975 -1.5555 0.2167
Car -1 -1 2.0769 484.2606 803.3658 627.3351 883.5081 1.4648 1.8506 4.1452 -10.6336 6.4496 39.5327 1.8203 0.2128
Car -1 -1 -1.6591 1244.1538 804.0297 1344.7896 906.7024 1.6162 1.9205 4.3426 7.4582 5.9416 33.8199 -1.4220 0.1913
