Pedestrian -1 -1 -0.4231 782.6591 679.7069 1097.3693 1216.0000 1.7615 0.7118 0.8932 -0.0886 1.9733 5.2669 -0.4428 0.5618
Pedestrian -1 -1 -0.0672 1149.1008 841.1455 1188.8846 959.6685 1.6616 0.6232 0.5647 3.1244 4.9675 22.5263 0.0906 0.3674
Pedestrian -1 -1 -2.6502 588.7778 743.5310 697.7515 1013.6794 1.7310 0.5992 0.5145 -2.1717 2.5724 10.2510 -2.8793 0.3113
Pedestrian -1 -1 -1.2743 327.2298 915.3796 406.7687 1089.8500 1.6214 0.6214 0.5593 -6.0444 4.6398 15.2312 -1.6661 0.2104
Cyclist -1 -1 -0.5601 786.1398 678.6384 1118.1106 1216.0000 1.7536 0.7271 0.9258 -0.0387 1.9631 5.2741 -0.5671 0.1876
Car -1 -1 1.6432 1318.1180 815.5678 1402.2057 896.4106 1.4777 1.7922 3.8678 10.5735 6.7826 39.4825 1.9248 0.2940
Car -1 -1 1.8945 576.4282 786.4681 686.1928 857.2953 1.5267 1.9157 4.2214 -9.7486 6.5745 44.5134 1.6867 0.2849
Car -1 -1 2.0567 0.0000 817.6295 44.8778 944.2843 1.5682 1.9631 4.1799 -18.8466 5.3811 27.3904 1.4477 0.2830
Car -1 -1 1.4396 1291.3326 814.7552 1401.1514 920.0564 1.5948 1.8815 4.3210 8.4389 6.0860 33.1058 1.7103 0.2607
Car -1 -1 2.1200 324.5775 809.6475 521.6560 918.8267 1.4956 1.8244 4.1977 -10.7866 5.5179 30.3162 1.7791 0.2446
Car -1 -1 1.9702 59.4832 768.0963 224.0495 858.5518 1.5406 1.8160 4.3367 -18.9683 5.0921 34.8399 1.4697 0.2311
