Pedestrian -1 -1 -0.0115 1144.1198 834.9758 1182.1226 949.2463 1.6128 0.6114 0.5643 3.0672 4.8511 22.7094 0.1425 0.4626
Pedestrian -1 -1 -0.3690 732.7517 680.4316 1053.3704 1216.0000 1.7481 0.7172 0.9269 -0.2545 1.9631 5.2693 -0.4310 0.4477
Pedestrian -1 -1 3.1633 330.6923 870.7960 387.5505 1055.8337 1.7105 0.6512 0.5285 -6.1514 4.2900 15.2874 2.7651 0.3337
Pedestrian -1 -1 2.9137 1064.9302 849.6985 1114.3246 972.5721 1.6031 0.6127 0.5789 1.8062 4.8253 21.0953 3.0166 0.3141
Cyclist -1 -1 -0.3959 699.6385 670.4756 1044.9187 1216.0000 1.7613 0.7205 0.9994 -0.3218 1.9375 5.2304 -0.4762 0.2189
Car -1 -1 2.1685 312.4269 818.3555 522.4697 930.9478 1.4961 1.8741 4.2942 -10.8295 5.6940 30.1362 1.8246 0.4378
Car -1 -1 1.9776 561.8414 792.7236 678.6048 862.4564 1.4786 1.8858 4.1105 -10.0732 6.7175 44.4846 1.7627 0.3844
Car -1 -1 1.9985 0.0000 766.5680 95.2359 880.6001 1.6154 1.8783 4.3068 -18.7681 4.5870 29.0976 1.4189 0.2677
Car -1 -1 2.0839 312.3309 819.8031 449.8342 898.7291 1.5875 1.9067 4.0583 -16.5357 7.4513 42.8424 1.7212 0.2592
Car -1 -1 2.0060 553.9623 799.7291 688.8018 880.3339 1.4430 1.7941 4.1178 -8.6786 6.2070 38.5443 1.7913 0.1942
