Pedestrian -1 -1 0.0345 518.8999 669.9613 768.9965 1216.0000 1.7504 0.7377 0.7759 -1.0876 1.9177 5.0976 -0.2457 0.4305
Pedestrian -1 -1 0.0546 1116.4110 846.5568 1160.7429 965.4796 1.6851 0.6467 0.6305 2.7278 5.1465 22.9752 0.1917 0.3659
Pedestrian -1 -1 -2.2042 1809.0037 843.7164 1936.0000 1069.9287 1.2797 0.5396 0.6988 5.8464 2.7191 9.4873 -1.5732 0.2260
Pedestrian -1 -1 -1.7816 1470.2732 771.7530 1567.6407 992.5933 1.5692 0.6166 0.5395 4.2345 2.7190 11.3833 -1.3733 0.2078
Pedestrian -1 -1 0.0458 936.2338 778.8403 968.9025 880.8958 1.5662 0.5787 0.4953 -0.1376 4.0846 24.1624 0.0518 0.2043
Cyclist -1 -1 -0.0058 505.2436 668.8677 801.0439 1216.0000 1.7413 0.7260 0.8999 -1.0432 1.9017 4.9785 -0.2840 0.1086
Car -1 -1 -1.3035 840.6651 832.2273 1050.8501 1002.8124 1.4545 1.7856 3.9576 -0.0919 4.5412 20.1170 -1.2959 0.4683
Car -1 -1 1.5383 1035.1753 831.1198 1135.3671 949.7167 1.7368 2.0020 4.4885 2.6294 6.4976 32.2195 1.6358 0.2824
Car -1 -1 -1.5978 1285.7220 800.6848 1359.0094 882.3073 1.5570 1.8132 4.0259 9.6418 6.5162 40.0228 -1.3421 0.2210
Car -1 -1 2.0960 443.9592 796.8651 594.2769 878.8522 1.5089 1.8947 4.2859 -11.5911 6.3188 39.5181 1.8162 0.2090
Car -1 -1 -1.4996 419.1928 775.7056 486.6413 838.7210 1.5002 1.7342 3.7036 -16.0083 6.4653 47.2262 -1.8207 0.2058
Car -1 -1 -1.1449 545.6060 803.5080 660.8245 871.8715 1.4452 1.8501 4.0234 -10.7134 7.0812 45.0333 -1.3705 0.1917
Car -1 -1 -1.2454 1677.4843 751.0261 1936.0000 1059.7935 1.4832 1.7349 3.9342 6.9605 2.5186 10.4685 -0.5837 0.1820
Car -1 -1 2.0718 20.7398 751.1044 193.0673 833.2354 1.4387 1.7236 4.0422 -19.5888 4.5216 34.4933 1.5520 0.1789
Car -1 -1 2.0709 0.0000 763.5389 70.1849 872.8499 1.5520 1.8766 4.3493 -19.4718 4.4684 29.2037 1.4756 0.1697
Car -1 -1 2.1555 254.2796 788.0430 432.8462 879.1465 1.3848 1.7309 3.7689 -13.1049 5.0925 31.9698 1.7659 0.1695
