Pedestrian -1 -1 -0.0862 472.7725 645.9315 782.4736 1216.0000 1.7759 0.7098 0.8964 -1.1226 1.8526 4.9575 -0.3868 0.5898
Pedestrian -1 -1 -0.0051 1098.9675 857.4374 1144.3625 975.8075 1.6712 0.6664 0.6826 2.4649 5.2971 22.9461 0.1202 0.3883
Pedestrian -1 -1 -2.5999 486.9203 913.1407 604.9752 1181.5275 1.6303 0.6050 0.5493 -2.8295 3.6698 10.2204 -2.8923 0.2884
Pedestrian -1 -1 -1.4554 847.5075 959.3368 926.3877 1166.5398 1.7089 0.6529 0.5527 -0.6694 4.8179 13.6023 -1.4957 0.2486
Cyclist -1 -1 -1.5561 655.9885 889.7036 742.3924 1141.8151 1.6559 0.6887 2.0322 -2.2829 4.1636 13.1039 -1.7327 0.3054
Cyclist -1 -1 -0.0872 450.3128 633.3552 772.6282 1216.0000 1.7974 0.6878 0.9300 -1.1670 1.8281 4.9270 -0.4018 0.1930
Car -1 -1 2.0688 423.8748 809.4455 571.5771 893.2642 1.5074 1.9178 4.0845 -11.9231 6.5605 38.7530 1.7757 0.3172
Car -1 -1 1.4768 1015.5076 846.6270 1129.1384 971.6554 1.8221 2.0781 4.5625 2.3046 6.9354 32.1986 1.5641 0.2671
Car -1 -1 2.0643 250.6807 779.5836 429.0939 875.1058 1.4317 1.7789 3.8958 -12.7749 4.8491 31.0102 1.6722 0.2652
Car -1 -1 3.5236 188.6686 824.5991 345.8074 889.9151 1.5064 1.6469 3.5429 -18.9537 7.0950 40.9432 3.0939 0.2419
Car -1 -1 1.9564 0.0000 757.9753 83.7267 857.2335 1.5525 1.8130 4.0752 -20.1969 4.5393 31.3906 1.3791 0.2034
