Pedestrian -1 -1 -0.6738 1279.0155 734.1978 1606.9601 1216.0000 1.6892 0.6631 0.9611 1.7807 2.1308 5.5931 -0.2714 0.4998
Pedestrian -1 -1 -2.9422 1183.6272 805.4541 1235.6169 928.5441 1.7114 0.6375 0.6453 3.7282 4.4700 22.4316 -2.7561 0.3351
Pedestrian -1 -1 -2.0594 1547.2561 777.3030 1659.7352 984.9348 1.4633 0.5795 0.6099 4.8462 2.6479 11.3108 -1.5974 0.2225
Cyclist -1 -1 -2.0737 1704.7091 736.1542 1936.0000 1035.4587 1.7230 0.7366 1.9114 5.9051 2.5645 10.3254 -1.4826 0.2588
Cyclist -1 -1 -0.6579 1267.6643 729.4083 1602.7106 1216.0000 1.7035 0.6543 1.0005 1.7528 2.1258 5.5970 -0.2614 0.2542
Car -1 -1 1.5592 1374.3580 837.0190 1453.8044 924.1433 1.5323 1.8847 3.9217 11.8009 7.3605 38.9365 1.8740 0.3591
Car -1 -1 -1.4017 920.7283 802.2502 1061.7021 922.0502 1.3924 1.7263 3.7649 0.5867 4.6415 25.3781 -1.3650 0.2898
Car -1 -1 -1.5569 1357.3259 779.9029 1431.5950 860.7128 1.8054 1.9964 4.3877 13.0779 6.7175 44.9958 -1.2544 0.2688
Car -1 -1 1.7135 1113.1283 868.9838 1234.1088 979.9899 1.4214 1.8716 4.3642 4.6024 7.0135 31.8994 1.8748 0.2633
Car -1 -1 2.0233 536.2430 803.6957 671.6594 884.7159 1.4986 1.8729 4.0388 -9.3474 6.4762 39.4540 1.7975 0.2361
Car -1 -1 1.6960 1375.3202 797.0628 1581.6122 980.1368 1.4167 1.6850 3.7866 6.1474 3.6720 17.5237 2.0689 0.2330
