Pedestrian -1 -1 -0.5985 1116.6616 699.7673 1441.4796 1216.0000 1.7613 0.7282 0.9464 1.1646 2.0655 5.5793 -0.3252 0.5439
Pedestrian -1 -1 -3.0508 1190.7122 839.6794 1234.6573 967.5674 1.7626 0.6595 0.5770 3.7591 5.0280 22.3393 -2.8626 0.3238
Pedestrian -1 -1 -3.7597 1793.4285 751.1539 1932.9877 1020.5389 1.6655 0.6072 0.5515 5.9169 2.5214 9.8341 -3.1416 0.3073
Pedestrian -1 -1 0.1647 1109.8824 872.8694 1152.5532 1003.5139 1.6912 0.5876 0.4978 2.3957 5.2411 21.0553 0.2972 0.2713
Pedestrian -1 -1 2.0160 0.0000 731.1090 120.2504 1100.7356 1.4490 0.6431 0.6303 -4.0888 1.9346 6.4585 1.3476 0.2339
Pedestrian -1 -1 -1.2386 623.0529 845.3008 749.6078 1108.3231 1.5889 0.6357 0.7761 -1.8571 3.1522 10.1793 -1.4333 0.1981
Cyclist -1 -1 -0.6052 1122.6362 697.8230 1448.8788 1216.0000 1.7530 0.7237 0.9559 1.1925 2.0498 5.5912 -0.3263 0.2112
Car -1 -1 -1.4407 924.7221 799.8705 1056.6926 917.5070 1.3810 1.7181 3.7536 0.5769 4.5953 25.4784 -1.4045 0.4033
Car -1 -1 2.0212 392.7354 860.1866 550.2542 964.9181 1.5272 1.8112 3.7035 -10.5794 6.9612 32.5771 1.7118 0.3159
Car -1 -1 1.7600 940.3274 848.7040 1142.6077 1027.9430 1.4283 1.8403 4.2259 1.1883 4.7465 19.8915 1.8359 0.3022
Car -1 -1 2.0646 0.0000 771.5361 191.7091 876.8707 1.6253 1.9684 4.0889 -17.9013 4.8626 30.9375 1.5356 0.2961
Car -1 -1 -1.5356 988.9691 763.4919 1080.3589 855.8210 1.5369 1.8311 4.0793 1.6975 4.8273 33.3828 -1.4705 0.2489
Car -1 -1 2.1181 182.8125 765.9404 419.2014 884.6001 1.4788 1.8594 4.1995 -11.3588 4.1461 26.0780 1.7015 0.2424
Car -1 -1 1.8852 512.0255 794.7698 639.6566 880.2370 1.5446 1.8894 4.1948 -9.6470 6.0797 37.7655 1.6409 0.2019
