Pedestrian -1 -1 -0.4929 1022.2224 691.9228 1336.5613 1213.1974 1.7171 0.7012 0.9375 0.7850 1.9859 5.5225 -0.3027 0.4509
Pedestrian -1 -1 -0.0535 1193.9254 867.6333 1234.4091 995.7126 1.7588 0.6782 0.5745 3.7713 5.4443 22.3310 0.1354 0.3770
Pedestrian -1 -1 0.0861 1112.8846 877.8996 1159.6757 1006.3543 1.6194 0.6673 0.5784 2.4354 5.2002 20.7759 0.2223 0.2510
Cyclist -1 -1 -0.6235 996.4897 684.0900 1325.5785 1216.0000 1.7516 0.6936 0.9852 0.7265 1.9909 5.5207 -0.4469 0.2039
Car -1 -1 -1.3870 929.2003 798.4014 1078.5061 926.5895 1.5140 1.7972 3.9332 0.8120 4.7207 25.5194 -1.3412 0.3296
Car -1 -1 2.0178 0.0000 820.3550 157.2837 930.7160 1.5430 1.9062 4.0563 -18.2823 5.8042 30.4931 1.4748 0.2900
Car -1 -1 -1.5952 1368.9811 785.4008 1436.3849 857.4831 1.6063 1.8744 4.0272 13.3528 6.7032 45.2943 -1.2889 0.2446
Car -1 -1 -1.1601 484.4449 805.2097 619.8881 888.1212 1.4765 1.8459 4.0186 -10.3125 6.3149 38.0026 -1.4193 0.2371
Car -1 -1 -1.2814 669.2294 774.3485 768.0507 842.9618 1.5284 1.8142 3.9595 -7.1572 6.1828 44.4871 -1.4321 0.2326
Car -1 -1 -1.6888 1338.2080 817.5156 1443.9591 918.4620 1.5366 1.8658 4.0418 9.4510 6.0840 33.1488 -1.3891 0.2247
Car -1 -1 1.7038 943.3169 837.7721 1135.5243 1032.2175 1.6170 1.8920 4.2441 1.1494 4.7420 19.6815 1.7784 0.2114
Car -1 -1 2.1256 175.2465 771.5051 412.5719 890.5872 1.4500 1.8115 4.1795 -11.3585 4.1942 25.7994 1.7049 0.2078
Car -1 -1 1.0063 0.0000 781.0067 170.0398 929.8607 1.4006 1.6360 3.9715 -12.1051 3.5330 18.8763 0.4163 0.2073
