Pedestrian -1 -1 -0.4851 1052.2413 692.9926 1383.0797 1216.0000 1.7470 0.7041 1.0071 0.9279 2.0211 5.5472 -0.2631 0.4392
Pedestrian -1 -1 -0.0286 1190.5879 835.1539 1231.2151 959.4577 1.7274 0.6544 0.5917 3.7365 4.9291 22.4026 0.1581 0.4287
Pedestrian -1 -1 0.0078 1094.7551 886.0663 1136.3489 1017.9050 1.6933 0.6601 0.5639 2.1718 5.4264 21.0122 0.1296 0.2913
Pedestrian -1 -1 -1.1089 431.9176 875.1298 475.8229 962.2294 1.6798 0.6740 0.5848 -10.5518 6.9416 31.1098 -1.4319 0.2028
Pedestrian -1 -1 -0.0348 1012.7809 816.1718 1053.9521 900.2200 1.2470 0.6614 0.6488 1.1559 4.3696 24.0736 0.0280 0.1839
Cyclist -1 -1 -0.4851 1052.2413 692.9926 1383.0797 1216.0000 1.7470 0.7041 1.0071 0.9279 2.0211 5.5472 -0.2631 0.2203
Car -1 -1 -1.4574 925.2354 799.9292 1054.4017 917.4510 1.3784 1.7255 3.7626 0.5606 4.5899 25.4511 -1.4220 0.3853
Car -1 -1 2.0882 207.4666 769.0697 431.3192 885.9474 1.4598 1.8053 4.0751 -11.0354 4.1757 26.0462 1.6820 0.2724
Car -1 -1 2.0095 397.3941 833.0777 550.4018 931.1154 1.4775 1.7663 3.7026 -10.5914 6.3107 32.7691 1.7006 0.2599
Car -1 -1 1.8715 494.0519 784.9280 625.9736 874.6824 1.6345 1.9486 4.4046 -9.9626 5.8860 37.4843 1.6171 0.2401
Car -1 -1 -1.2533 668.3682 773.5251 771.1182 842.2229 1.5331 1.8476 3.9675 -7.1435 6.1767 44.6133 -1.4033 0.2233
Car -1 -1 2.0170 0.0000 795.7890 209.4611 983.8632 1.6202 1.9157 4.4851 -11.6621 4.1105 19.4585 1.4610 0.2080
Car -1 -1 1.6206 934.8370 848.3234 1104.2449 1043.1077 1.6292 1.9470 4.2526 0.8860 4.9225 19.8225 1.6807 0.2009
