Pedestrian -1 -1 -0.2949 1102.0308 710.2122 1387.2949 1216.0000 1.7264 0.6953 0.8993 1.0191 2.0636 5.5408 -0.0519 0.4786
Pedestrian -1 -1 0.0067 1095.0314 880.7662 1137.1008 1012.3521 1.6935 0.6515 0.5713 2.1783 5.3490 21.0053 0.1288 0.3862
Pedestrian -1 -1 0.1837 1187.0823 833.1884 1235.0879 956.0009 1.6920 0.6432 0.5902 3.7431 4.8670 22.3890 0.3708 0.2778
Pedestrian -1 -1 -1.1222 620.1056 860.5794 747.1697 1144.2560 1.6987 0.6256 0.6313 -1.8424 3.3314 9.9762 -1.3192 0.2394
Cyclist -1 -1 -0.3229 1068.6769 699.7757 1371.0035 1213.3585 1.7369 0.6717 0.9609 0.9309 2.0340 5.5514 -0.1004 0.2611
Car -1 -1 -1.4553 924.5406 799.1072 1053.7704 916.2924 1.3776 1.7220 3.7603 0.5498 4.5773 25.4788 -1.4203 0.4249
Car -1 -1 1.6179 1383.2898 842.2422 1466.8324 929.6472 1.5297 1.8128 3.8493 12.0891 7.4843 38.8487 1.9402 0.3246
Car -1 -1 2.1133 182.8835 771.1912 416.2342 889.6092 1.4641 1.8340 4.1624 -11.3763 4.2261 26.0542 1.6960 0.2957
Car -1 -1 1.9988 393.1828 859.0487 549.5088 964.7341 1.5462 1.8261 3.7471 -10.5786 6.9541 32.5701 1.6893 0.2769
Car -1 -1 -1.6132 1357.2245 785.6905 1424.7701 858.5195 1.6281 1.8787 4.1343 13.0380 6.7661 45.5488 -1.3150 0.2285
Car -1 -1 -1.2637 495.4531 786.2665 625.1606 874.2515 1.6053 1.9098 4.2860 -9.9666 5.8892 37.5100 -1.5181 0.2218
Car -1 -1 1.1788 0.0000 789.2174 176.7082 948.9344 1.4511 1.7319 4.2173 -12.1646 3.7943 19.4181 0.6014 0.2093
Car -1 -1 2.0901 0.0000 861.1256 177.4412 975.8702 1.5921 1.8965 3.7811 -17.8997 6.7080 30.4844 1.5583 0.2025
