Pedestrian -1 -1 -3.4555 1239.0673 717.5622 1519.5045 1216.0000 1.7855 0.6869 0.8699 1.5235 2.1530 5.5711 -3.1045 0.5309
Pedestrian -1 -1 -2.9341 1191.5281 873.5962 1236.1353 996.1074 1.6692 0.6101 0.5318 3.7720 5.4449 22.3193 -2.7452 0.3035
Pedestrian -1 -1 -2.0379 1545.3257 769.9669 1658.5302 983.7809 1.5168 0.5916 0.6180 4.8472 2.6472 11.3418 -1.5770 0.1964
Cyclist -1 -1 -0.4641 1244.6919 715.7566 1548.8496 1216.0000 1.7826 0.6753 0.9033 1.5958 2.1448 5.5817 -0.0986 0.2014
Car -1 -1 1.5357 1380.8906 836.6873 1459.0237 922.3244 1.5101 1.8447 3.8011 11.8489 7.2932 38.7526 1.8531 0.3817
Car -1 -1 1.7135 1115.3119 869.0344 1236.7153 979.3990 1.4179 1.8883 4.2983 4.6481 7.0018 31.8707 1.8765 0.2938
Car -1 -1 -1.3813 932.2794 802.7989 1075.9403 922.2471 1.3894 1.7108 3.7364 0.8058 4.6529 25.4170 -1.3356 0.2916
Car -1 -1 -1.5479 1142.8235 797.7777 1210.0188 865.8948 1.4613 1.8741 4.3186 6.6645 7.0464 46.0188 -1.3876 0.2324
Car -1 -1 -1.6568 1365.3011 794.4266 1440.4932 869.8855 1.6497 1.9060 4.3849 13.4038 7.0839 45.5891 -1.3514 0.2204
Car -1 -1 -1.1617 495.4688 820.0029 624.5961 901.3615 1.4650 1.8296 3.8501 -10.3267 6.7900 38.7721 -1.4155 0.2040
Car -1 -1 1.6253 1418.9110 798.2012 1609.5016 986.4017 1.4512 1.7465 4.0030 6.6471 3.7591 17.7326 2.0203 0.1984
