Pedestrian -1 -1 -0.5917 1344.5272 707.7637 1676.9388 1216.0000 1.7681 0.6955 0.9561 2.0323 2.1020 5.6150 -0.1415 0.4219
Pedestrian -1 -1 -3.0119 1185.4943 784.0285 1234.5093 909.3061 1.7577 0.6853 0.6308 3.7431 4.1952 22.4825 -2.8255 0.4067
Cyclist -1 -1 -0.6823 1301.0597 693.0355 1666.4366 1216.0000 1.8029 0.7074 1.0813 1.9317 2.0799 5.6020 -0.2503 0.2512
Car -1 -1 -1.4250 935.1145 798.4397 1069.2848 915.3718 1.3762 1.7060 3.6966 0.7705 4.5581 25.4428 -1.3809 0.4066
Car -1 -1 1.6261 1371.5658 839.5940 1457.8049 926.7507 1.5272 1.8548 3.8776 11.8382 7.4203 38.9054 1.9420 0.3572
Car -1 -1 -1.6219 1365.3401 781.6017 1442.0757 865.0176 1.8495 2.0693 4.6677 13.2908 6.8438 45.1424 -1.3159 0.3118
Car -1 -1 1.5623 1419.1199 794.1312 1594.2297 979.4996 1.4219 1.7243 3.8835 6.4155 3.6393 17.4708 1.9508 0.2605
Car -1 -1 2.0378 535.1078 804.4169 672.0719 885.2508 1.4859 1.8627 4.0436 -9.3401 6.4761 39.3843 1.8119 0.2469
Car -1 -1 -1.3335 968.4923 832.8619 1175.7126 1006.2488 1.4467 1.7865 3.8374 1.5604 4.4700 19.6344 -1.2367 0.2445
Car -1 -1 2.0890 9.3962 763.1146 212.5380 860.8090 1.5211 1.8820 4.1517 -17.6183 4.5998 31.2341 1.5709 0.2293
