Pedestrian -1 -1 -0.6659 1191.4689 699.0671 1506.4106 1216.0000 1.7842 0.7354 0.8820 1.4310 2.0865 5.6020 -0.3363 0.7238
Pedestrian -1 -1 0.0523 1189.8326 807.5853 1234.7417 931.0380 1.7222 0.6592 0.6170 3.7670 4.5092 22.4205 0.2403 0.4638
Pedestrian -1 -1 -0.8394 1791.4187 734.2055 1936.0000 1016.2145 1.7286 0.6172 0.6029 5.9418 2.4730 9.8173 -0.2181 0.2055
Pedestrian -1 -1 -2.1537 1498.5400 811.9802 1614.7695 1001.4379 1.3259 0.5670 0.6900 4.6099 2.8262 11.6083 -1.7225 0.2027
Cyclist -1 -1 -0.6630 1192.8545 695.6258 1504.1855 1216.0000 1.7786 0.7012 0.8914 1.4332 2.0665 5.6094 -0.3334 0.2034
Car -1 -1 -1.4539 924.7805 800.2747 1055.7522 918.4839 1.3829 1.7395 3.7775 0.5689 4.5992 25.4263 -1.4180 0.3305
Car -1 -1 1.6386 1124.3267 868.2711 1230.6332 977.3318 1.4166 1.8774 4.2417 4.6746 6.9756 31.8789 1.8023 0.2699
Car -1 -1 2.1963 0.0000 765.0675 190.3745 866.1085 1.5487 1.8286 3.9692 -17.8949 4.6195 30.7005 1.6635 0.2338
Car -1 -1 1.4636 1364.5200 830.7958 1451.8740 916.1539 1.5263 1.8451 3.9219 11.5963 7.1871 39.0084 1.7731 0.2191
Car -1 -1 -1.1443 536.5653 802.5389 671.3303 884.5956 1.5216 1.9062 4.1013 -9.3449 6.4694 39.4533 -1.3700 0.1954
