Pedestrian -1 -1 -0.8218 1183.5676 718.2034 1483.7622 1216.0000 1.7613 0.7046 0.8391 1.3884 2.1437 5.6184 -0.5026 0.6708
Pedestrian -1 -1 0.0858 1189.1641 828.1376 1236.6691 953.8815 1.7348 0.6668 0.6324 3.7651 4.8280 22.3530 0.2741 0.2948
Pedestrian -1 -1 -1.2053 607.5474 914.2262 750.2800 1198.9991 1.6407 0.7036 0.7985 -1.8697 3.6605 9.9875 -1.4035 0.2859
Cyclist -1 -1 -0.8112 1170.6954 716.8386 1479.0389 1216.0000 1.7507 0.7197 0.8664 1.3542 2.1281 5.6161 -0.4991 0.1764
Car -1 -1 -1.4176 922.2225 799.0396 1058.0453 916.6941 1.3831 1.7076 3.7311 0.5675 4.5813 25.4720 -1.3819 0.4312
Car -1 -1 2.1681 416.8716 837.8168 585.4617 935.0162 1.4171 1.7819 3.5635 -9.8839 6.3084 32.3878 1.8759 0.3125
Car -1 -1 1.8268 934.5681 854.9005 1156.4153 1040.9276 1.4890 1.8683 4.1771 1.2435 4.8982 19.8865 1.9058 0.2918
Car -1 -1 1.8504 1321.3092 805.4639 1477.2461 921.3260 1.5260 1.7274 4.0193 8.4235 5.2327 28.5487 2.1614 0.2434
Car -1 -1 1.6739 1126.4658 871.3328 1241.0941 983.6484 1.4467 1.9020 4.3881 4.8363 7.1146 32.0260 1.8420 0.2197
Car -1 -1 1.4182 1348.0548 783.9407 1435.7423 859.8400 1.7001 1.9947 4.4160 13.0598 6.7965 45.5908 1.7167 0.2132
Car -1 -1 1.2679 1352.0449 843.2465 1466.2943 926.6698 1.5048 1.8519 3.8226 11.5870 7.4692 38.9321 1.5777 0.2096
