Pedestrian -1 -1 -3.7235 1702.6401 730.6094 1936.0000 1214.7181 1.6371 0.6525 0.8173 3.3217 2.0569 5.5776 -3.0498 0.5740
Pedestrian -1 -1 -3.1341 1191.8989 927.7825 1239.0200 1053.9688 1.6745 0.6361 0.6661 3.7490 6.2136 22.0339 -2.9439 0.4584
Pedestrian -1 -1 -1.3573 413.7628 813.4642 486.8335 959.8665 1.4295 0.6111 0.7095 -5.4577 3.4965 16.0010 -1.7001 0.2225
Pedestrian -1 -1 1.7585 925.2659 933.2352 1010.7680 1150.8197 1.7092 0.6445 0.5891 0.0655 4.4843 13.1053 1.7767 0.1936
Pedestrian -1 -1 -3.8255 1433.1896 661.8198 1936.0000 1216.0000 1.7091 0.7450 1.8448 2.3022 1.8182 4.0118 -3.1046 0.1007
Cyclist -1 -1 -3.8276 1383.4647 657.4941 1936.0000 1216.0000 1.7152 0.7594 1.8524 2.1661 1.8111 4.0137 -3.1375 0.5815
Cyclist -1 -1 -3.7896 1694.2343 727.3600 1936.0000 1210.0337 1.6428 0.6595 0.8824 3.3327 2.0483 5.5767 -3.1140 0.1648
Car -1 -1 -1.6968 1339.7938 810.5120 1415.1927 881.5729 1.5359 1.7845 3.8640 12.4982 7.3873 45.0916 -1.4072 0.2955
Car -1 -1 -1.5542 1389.3285 818.5556 1484.0530 916.6299 1.4149 1.7948 4.0237 10.3665 5.9018 32.4508 -1.2218 0.2881
Car -1 -1 1.5777 1374.5416 820.1697 1453.6447 905.0595 1.5042 1.8553 4.0642 11.8340 6.8789 38.9398 1.8936 0.2660
Car -1 -1 -1.3264 926.0309 801.1606 1086.2417 929.3026 1.4989 1.7792 3.8671 0.8474 4.7409 25.3986 -1.2789 0.2553
Car -1 -1 1.7913 1599.5985 755.3901 1936.0000 1035.5645 1.3668 1.6830 4.0252 6.4700 2.5133 11.1457 2.3850 0.2311
Car -1 -1 2.0332 391.6165 843.4013 550.3629 945.5521 1.5054 1.7775 3.7549 -10.5781 6.5512 32.5440 1.7229 0.2155
