Pedestrian -1 -1 -3.6843 1625.6697 703.7165 1936.0000 1216.0000 1.7591 0.6832 0.8817 3.0608 2.0738 5.5904 -3.0518 0.6382
Pedestrian -1 -1 -3.0357 1186.3324 865.2028 1231.8483 992.3127 1.7389 0.6344 0.5944 3.7019 5.3879 22.3191 -2.8500 0.3410
Pedestrian -1 -1 -1.3979 414.7642 817.1466 484.4679 956.0322 1.3475 0.6030 0.6920 -5.4606 3.4531 15.9871 -1.7413 0.2224
Pedestrian -1 -1 -1.3943 920.6762 943.8899 1006.3842 1163.1549 1.7027 0.6395 0.6495 0.0272 4.5775 13.0976 -1.3792 0.2055
Cyclist -1 -1 -0.6572 1628.3120 702.4670 1936.0000 1212.6976 1.7547 0.6737 0.9011 3.0982 2.0628 5.5935 -0.0191 0.2156
Car -1 -1 1.4733 1384.3147 814.0097 1488.3195 914.6340 1.5224 1.8737 3.9062 10.3118 5.9243 32.6939 1.8018 0.5453
Car -1 -1 2.0319 390.1689 858.5140 548.9433 962.6002 1.5080 1.7954 3.7038 -10.5814 6.8852 32.4554 1.7212 0.3033
Car -1 -1 -1.3786 930.7944 800.8214 1079.7130 927.7822 1.4931 1.7694 3.8431 0.8300 4.7274 25.4171 -1.3319 0.2796
Car -1 -1 1.6371 1372.2058 808.6888 1457.4570 891.1122 1.5003 1.7902 3.9673 11.8993 6.5720 39.0927 1.9534 0.2520
Car -1 -1 1.8889 637.0699 816.3395 737.9268 885.5059 1.4597 1.8337 3.8431 -8.1538 7.4637 44.8648 1.7185 0.2454
Car -1 -1 1.6525 160.4530 798.0889 332.5874 954.7873 1.4068 1.8429 4.1469 -9.7640 4.0668 20.7020 1.2003 0.2114
Car -1 -1 1.9929 464.2660 793.0005 602.5978 875.7849 1.4763 1.8149 4.0426 -10.6341 5.9284 37.4715 1.7213 0.1978
Car -1 -1 1.8500 1583.4569 761.1481 1936.0000 1034.3663 1.3803 1.6932 3.9469 6.5292 2.5941 11.3985 2.4360 0.1839
