Pedestrian -1 -1 -3.7416 1706.8163 748.3924 1936.0000 1216.0000 1.6474 0.6428 0.8246 3.3255 2.1343 5.5436 -3.0641 0.5345
Pedestrian -1 -1 -0.0856 1187.3478 875.5331 1238.5273 1002.3566 1.7282 0.6343 0.7072 3.7164 5.4943 22.1197 0.1024 0.4488
Pedestrian -1 -1 -1.2083 410.3289 815.3546 491.4924 959.1951 1.4131 0.6192 0.7007 -5.4483 3.4952 15.9921 -1.5507 0.1973
Pedestrian -1 -1 1.7159 950.1708 946.6833 1032.7960 1162.8606 1.6815 0.6308 0.6253 0.2712 4.5745 13.0808 1.7515 0.1936
Pedestrian -1 -1 -3.6984 1294.5990 621.8779 1936.0000 1216.0000 1.7742 0.8075 1.9161 1.9317 1.7670 4.0394 -3.0684 0.1049
Cyclist -1 -1 -3.6943 1267.0349 618.4116 1936.0000 1216.0000 1.7783 0.8201 1.9208 1.8569 1.7628 4.0433 -3.0839 0.6177
Cyclist -1 -1 -3.7569 1701.3513 744.6216 1936.0000 1216.0000 1.6623 0.6484 0.8802 3.3325 2.1337 5.5367 -3.0776 0.1888
Cyclist -1 -1 -0.0382 1174.3622 874.3068 1231.9998 1002.7338 1.7383 0.6626 0.8297 3.5731 5.4939 22.1319 0.1431 0.1087
Car -1 -1 1.4941 1393.6205 846.3490 1473.0138 929.3723 1.4655 1.7558 3.5299 12.1337 7.4672 38.6025 1.8195 0.3359
Car -1 -1 -1.3670 931.1160 801.6480 1076.3840 919.7977 1.3757 1.6979 3.7051 0.7990 4.6166 25.4160 -1.3217 0.3216
Car -1 -1 2.0738 391.7307 839.4540 553.2468 939.8795 1.4841 1.7593 3.7133 -10.5657 6.4469 32.5997 1.7643 0.2600
Car -1 -1 1.8087 1608.5289 755.6046 1936.0000 1032.0732 1.3572 1.6714 3.9595 6.5414 2.4998 11.1271 2.4083 0.2231
Car -1 -1 -1.5981 1361.7863 814.7183 1428.1747 887.9619 1.5630 1.8447 3.9321 13.0737 7.5670 45.1586 -1.2970 0.2101
Car -1 -1 -1.6479 1192.5414 786.0367 1259.2343 853.7187 1.6410 1.8845 4.0534 8.5306 7.0931 48.4778 -1.4569 0.1962
Car -1 -1 -1.5512 1400.9062 801.6996 1509.5452 916.3843 1.5038 1.7760 3.9134 9.4248 5.1113 28.3680 -1.2051 0.1932
