Pedestrian -1 -1 -0.6032 1552.1082 668.8148 1898.6226 1200.7917 1.8469 0.7271 0.9284 2.8306 2.0228 5.6213 -0.0106 0.5611
Pedestrian -1 -1 -3.0870 1168.2935 807.5808 1214.1730 921.5490 1.5941 0.6332 0.6369 3.4662 4.3913 22.5178 -2.9135 0.3993
Cyclist -1 -1 -0.7352 1555.9755 668.9333 1914.7949 1200.0604 1.8269 0.7242 0.9593 2.8831 2.0054 5.6379 -0.1356 0.1856
Car -1 -1 -1.6187 1379.9290 814.8495 1473.3276 916.1238 1.5475 1.8455 3.8199 10.1371 5.9758 32.7748 -1.2960 0.4902
Car -1 -1 1.6073 1386.1290 803.4081 1466.2107 886.2856 1.5239 1.7642 3.9552 12.1561 6.4338 38.9708 1.9308 0.3215
Car -1 -1 2.0371 493.2925 793.3652 634.9011 874.6329 1.4489 1.8152 4.0481 -9.9635 5.9555 37.8334 1.7851 0.3213
Car -1 -1 2.0680 391.9922 830.8096 551.6339 926.5905 1.4180 1.7556 3.6516 -10.5535 6.1639 32.5106 1.7575 0.3020
Car -1 -1 -1.2742 639.2959 797.2957 752.2744 875.3961 1.4924 1.8407 4.1017 -7.0711 6.3794 40.2381 -1.4398 0.2945
Car -1 -1 2.0306 647.3901 798.1609 762.3069 865.3400 1.4553 1.8454 4.0599 -7.8267 7.0433 46.0185 1.8715 0.2932
Car -1 -1 -1.4889 926.6795 799.4126 1046.6652 914.2485 1.3399 1.6702 3.6648 0.4970 4.5030 25.1893 -1.4558 0.2856
