Pedestrian -1 -1 -3.6718 1654.0417 737.7643 1936.0000 1212.1298 1.6189 0.6253 0.7431 3.1023 2.0695 5.6203 -3.0361 0.5816
Pedestrian -1 -1 0.0197 1169.7689 883.0412 1218.0850 1015.1652 1.7938 0.6853 0.6838 3.4703 5.7090 22.2785 0.1951 0.2952
Pedestrian -1 -1 -1.3674 414.2518 815.3069 485.7347 958.1342 1.3933 0.6040 0.6914 -5.4601 3.4791 15.9975 -1.7105 0.2234
Pedestrian -1 -1 0.0569 1010.9774 816.7288 1053.7593 903.0972 1.2745 0.6520 0.6417 1.1468 4.4042 24.0367 0.1193 0.1716
Cyclist -1 -1 -0.7876 1535.0743 666.0483 1936.0000 1216.0000 1.7080 0.7630 1.8463 2.6007 1.8283 3.9904 -0.0011 0.3757
Cyclist -1 -1 -0.5633 1652.2299 731.1362 1936.0000 1213.1809 1.6363 0.6384 0.8370 3.1338 2.0580 5.5837 0.0814 0.1386
Car -1 -1 -1.3280 925.8318 801.1589 1086.5308 929.9294 1.5056 1.7880 3.8903 0.8494 4.7501 25.4077 -1.2805 0.2622
Car -1 -1 2.0208 390.4989 856.7525 549.0731 961.7670 1.5268 1.8028 3.7456 -10.5782 6.8672 32.4656 1.7102 0.2418
Car -1 -1 1.6042 1374.2147 806.4172 1455.5316 889.7887 1.5209 1.8145 4.0405 11.9052 6.5359 39.1078 1.9206 0.2020
Car -1 -1 2.0067 517.0281 790.2593 651.2026 869.4802 1.4128 1.7524 3.9094 -9.3730 5.7876 37.4756 1.7672 0.1957
Car -1 -1 1.6535 1368.4814 811.6006 1490.6344 922.1592 1.4388 1.8402 3.9232 9.1215 5.3227 28.9434 1.9833 0.1851
Car -1 -1 1.9359 129.8123 796.8223 289.2426 893.7499 1.5875 1.8689 4.3608 -17.3606 5.8454 34.7758 1.4730 0.1765
