Pedestrian -1 -1 -0.5475 1526.4233 683.9523 1842.7808 1193.8175 1.7742 0.6737 0.8705 2.6864 2.0102 5.6297 0.0203 0.5668
Pedestrian -1 -1 -3.1538 1171.6093 782.7234 1211.1516 903.7477 1.7121 0.6875 0.5804 3.4720 4.1326 22.5487 -2.9803 0.4634
Cyclist -1 -1 -0.5734 1499.0734 672.9430 1827.1926 1188.9929 1.8059 0.6580 0.9233 2.6090 1.9977 5.6340 -0.0191 0.2224
Car -1 -1 1.6093 1387.0323 822.8835 1468.3077 905.6553 1.4397 1.7714 4.0621 12.1477 6.8712 38.8125 1.9336 0.3736
Car -1 -1 2.1039 387.4977 848.5344 553.2544 950.3828 1.4838 1.7855 3.6904 -10.5966 6.6503 32.5520 1.7933 0.3359
Car -1 -1 -1.6063 1376.8329 816.5259 1469.1932 915.3594 1.5112 1.8288 3.6905 10.0801 5.9688 32.7589 -1.2851 0.3345
Car -1 -1 2.0434 492.8653 794.2427 635.2357 875.7568 1.4513 1.8168 4.0459 -9.9626 5.9806 37.8254 1.7914 0.3137
Car -1 -1 -1.4348 927.7742 799.6514 1056.1230 913.0393 1.3387 1.6576 3.5071 0.5868 4.5125 25.2898 -1.3981 0.2875
Car -1 -1 -1.4244 459.1624 763.3074 539.2272 827.9327 1.5669 1.8370 3.9657 -14.5686 6.1416 47.3313 -1.7171 0.2448
Car -1 -1 1.9106 630.1590 800.5067 756.1586 882.4856 1.5196 1.9290 4.3975 -7.0950 6.4958 40.0438 1.7437 0.2163
Car -1 -1 -1.5568 1348.7985 805.2919 1417.1052 879.2250 1.5822 1.8472 4.1155 12.7782 7.3027 45.1812 -1.2619 0.2032
