Pedestrian -1 -1 -3.6609 1533.4299 670.5482 1874.5245 1190.4991 1.8036 0.7022 0.9521 2.7543 1.9871 5.6330 -3.0818 0.5907
Pedestrian -1 -1 -3.1810 1172.6920 788.0867 1214.2761 905.7744 1.6673 0.6409 0.6074 3.4948 4.1660 22.5391 -3.0064 0.4907
Cyclist -1 -1 -0.6387 1526.6777 670.2807 1883.5947 1184.1154 1.7875 0.6942 0.9923 2.7694 1.9701 5.6438 -0.0580 0.2325
Car -1 -1 -1.6096 1379.0366 814.4651 1471.7985 915.6597 1.5472 1.8339 3.8197 10.1334 5.9682 32.7862 -1.2871 0.4215
Car -1 -1 2.0722 388.5563 854.5172 550.7870 957.1465 1.4885 1.7867 3.6730 -10.5912 6.7798 32.4884 1.7614 0.3343
Car -1 -1 -1.4303 921.9495 799.8284 1053.7876 915.7836 1.3436 1.6661 3.6727 0.5211 4.5170 25.1752 -1.3962 0.2857
Car -1 -1 2.0321 493.5619 794.3981 634.5377 875.7696 1.4492 1.8141 4.0463 -9.9644 5.9829 37.8317 1.7801 0.2832
Car -1 -1 1.6274 1376.8127 796.0720 1459.3702 876.8685 1.4986 1.7541 3.9044 11.9346 6.1999 38.9345 1.9460 0.2816
Car -1 -1 2.0404 668.0450 802.9410 783.9022 870.7432 1.4576 1.8548 4.0625 -7.1799 7.2026 46.0337 1.8954 0.2727
Car -1 -1 1.9163 634.0623 800.8956 755.9348 881.5820 1.5272 1.8950 4.1531 -7.0759 6.5149 40.1688 1.7503 0.2216
