Pedestrian -1 -1 -0.5078 1454.2823 683.6808 1770.3184 1184.5828 1.7462 0.6822 0.8990 2.4193 1.9816 5.6414 0.0127 0.4812
Pedestrian -1 -1 -3.1187 1169.6469 795.1940 1214.2288 917.5742 1.7188 0.6971 0.6339 3.4795 4.3306 22.5313 -2.9447 0.4309
Cyclist -1 -1 2.6142 1449.6660 680.3455 1773.0519 1178.4005 1.7437 0.6776 0.9260 2.4216 1.9660 5.6542 3.1339 0.2029
Car -1 -1 2.0620 389.3216 850.0209 550.9351 951.9191 1.4871 1.7944 3.6971 -10.6009 6.6852 32.5510 1.7513 0.3459
Car -1 -1 1.6083 1378.2843 818.2702 1458.9447 901.5932 1.4741 1.7687 4.0424 11.9342 6.7869 38.8838 1.9270 0.3256
Car -1 -1 -1.6273 1386.9746 815.8866 1481.2118 915.1458 1.5106 1.8366 3.7792 10.2983 5.9607 32.7782 -1.3000 0.2927
Car -1 -1 -1.4177 922.3492 799.9316 1055.8442 915.5308 1.3582 1.6774 3.5909 0.5426 4.5449 25.3066 -1.3828 0.2787
Car -1 -1 2.0396 524.3862 793.0682 663.2646 872.5071 1.4374 1.8245 4.0088 -9.3487 5.9961 38.3761 1.8067 0.2718
Car -1 -1 -1.3881 457.6815 763.7862 540.1539 826.7300 1.5378 1.8049 3.8660 -14.6216 6.1345 47.4731 -1.6810 0.2568
Car -1 -1 1.5379 1357.1047 789.9893 1427.0269 866.5240 1.6557 1.9343 4.4895 12.9852 6.9143 45.2134 1.8370 0.2194
