Pedestrian -1 -1 -3.6013 1559.7898 674.8188 1879.6960 1199.6692 1.8065 0.6850 0.8951 2.8080 2.0073 5.6202 -3.0121 0.5828
Pedestrian -1 -1 -3.0516 1170.2257 837.1754 1217.1904 958.0488 1.6694 0.6468 0.6284 3.4904 4.9098 22.4339 -2.8764 0.3895
Pedestrian -1 -1 -1.3839 413.8051 812.6962 484.6706 956.4957 1.4007 0.6053 0.6980 -5.4630 3.4570 15.9827 -1.7276 0.2057
Cyclist -1 -1 -3.7054 1561.8027 673.3668 1896.5536 1189.0665 1.7990 0.6768 0.9211 2.8546 1.9931 5.6360 -3.1101 0.2050
Car -1 -1 -1.6700 1385.8344 813.8906 1489.7377 914.5571 1.5207 1.8624 3.9251 10.3412 5.9198 32.6860 -1.3406 0.4955
Car -1 -1 1.6352 1371.4039 812.8843 1456.1271 895.0427 1.4844 1.7857 3.9381 11.8619 6.6663 39.0628 1.9508 0.3205
Car -1 -1 2.0474 392.9536 831.7343 550.2499 927.7612 1.4234 1.7539 3.6528 -10.5537 6.1873 32.4972 1.7368 0.2878
Car -1 -1 -1.2724 639.2585 794.4672 753.4619 873.1649 1.5076 1.8507 4.1593 -7.0550 6.3185 40.2441 -1.4376 0.2753
Car -1 -1 2.0418 500.0409 788.7722 643.6064 871.5399 1.4743 1.8092 4.0754 -9.6770 5.8221 37.4887 1.7946 0.2669
Car -1 -1 -1.3392 928.1945 799.8569 1085.8514 928.0060 1.5045 1.7790 3.8624 0.8619 4.7218 25.3977 -1.2911 0.2668
Car -1 -1 1.9616 650.8318 799.1434 758.8605 866.0409 1.4528 1.8414 4.0465 -7.8270 7.0687 46.0173 1.8025 0.2407
Car -1 -1 1.9780 502.7520 799.4554 611.2959 866.0031 1.5920 1.9329 4.2631 -13.4052 7.6743 49.8539 1.7235 0.2287
