Pedestrian -1 -1 -3.1269 1183.6589 783.6208 1226.8096 907.6040 1.7541 0.6530 0.6180 3.6766 4.1842 22.5143 -2.9438 0.4289
Pedestrian -1 -1 -0.5758 1383.8314 698.3176 1738.7767 1207.9742 1.7509 0.7040 1.0379 2.2309 2.0479 5.6500 -0.0910 0.3274
Cyclist -1 -1 -0.6791 1378.8423 693.7765 1752.1298 1215.4122 1.7628 0.7218 1.0853 2.2438 2.0432 5.6313 -0.1900 0.2022
Car -1 -1 2.0553 390.3119 850.1606 550.8717 951.9545 1.4891 1.7956 3.6897 -10.6005 6.6937 32.5795 1.7449 0.3694
Car -1 -1 -1.4040 921.0165 798.9880 1059.5303 916.0620 1.3712 1.7066 3.6627 0.5663 4.5485 25.3272 -1.3682 0.3046
Car -1 -1 2.0693 468.6873 788.2023 611.6210 867.8215 1.4439 1.8013 3.9711 -10.6277 5.8308 38.0338 1.8019 0.2978
Car -1 -1 -1.3772 455.5906 764.7769 539.6786 828.3759 1.5458 1.7964 3.9546 -14.6539 6.1768 47.4529 -1.6708 0.2675
Car -1 -1 -1.5468 1319.7159 803.2678 1425.4346 915.5085 1.4919 1.7614 3.7904 7.9060 5.1447 28.5498 -1.2531 0.2547
Car -1 -1 -1.5336 1378.3607 803.4033 1458.6796 885.5035 1.5088 1.7715 3.9119 11.9467 6.4124 38.9390 -1.2148 0.2084
Car -1 -1 2.1459 150.0751 783.0297 395.4042 909.6403 1.5335 1.8748 4.1850 -11.7311 4.4974 25.8247 1.7139 0.1990
