Pedestrian -1 -1 -0.0383 1190.9062 885.0475 1237.9475 1008.2820 1.6694 0.6329 0.6766 3.7450 5.5870 22.1569 0.1508 0.3892
Pedestrian -1 -1 -0.7928 1715.7424 706.2765 1936.0000 1207.4644 1.6958 0.6305 0.7702 3.3445 2.0161 5.5310 -0.1099 0.3541
Pedestrian -1 -1 -3.2415 1513.2227 799.4901 1601.6371 995.0357 1.3746 0.6213 0.6087 4.6153 2.7755 11.6067 -2.8096 0.2367
Pedestrian -1 -1 -1.3100 625.1807 891.3927 736.5738 1148.2439 1.5563 0.6104 0.5721 -1.8645 3.3921 9.9973 -1.5087 0.2303
Pedestrian -1 -1 -3.5872 1220.7825 634.6293 1936.0000 1216.0000 1.7660 0.7907 1.9769 1.7186 1.7956 4.0312 -3.0115 0.1189
Cyclist -1 -1 -3.5872 1220.7825 634.6293 1936.0000 1216.0000 1.7660 0.7907 1.9769 1.7186 1.7956 4.0312 -3.0115 0.7152
Cyclist -1 -1 -0.7950 1731.8909 703.1278 1936.0000 1210.5289 1.7220 0.6473 0.9357 3.5012 2.0317 5.5534 -0.0922 0.1232
Car -1 -1 1.9164 913.9889 836.1454 1155.5426 1010.4843 1.4221 1.8385 4.2796 1.1193 4.6005 20.1713 1.9877 0.4660
Car -1 -1 -1.6841 1392.4858 842.8988 1478.5675 927.2982 1.4975 1.7892 3.6449 12.2113 7.4240 38.6846 -1.3575 0.3399
Car -1 -1 -1.3380 925.3870 810.5819 1082.0020 935.3122 1.4261 1.7620 3.8675 0.8068 4.8478 25.4565 -1.2922 0.3250
Car -1 -1 2.0654 0.0000 866.2841 180.3754 981.7534 1.5952 1.9154 3.8200 -17.9467 6.8673 30.7204 1.5363 0.2462
