Pedestrian -1 -1 0.0492 1188.4375 876.5419 1234.8750 1009.5384 1.8051 0.6965 0.6344 3.7332 5.6225 22.2729 0.2367 0.4505
Pedestrian -1 -1 -1.3376 840.1942 730.0304 930.6905 970.0321 1.8239 0.6179 0.5173 -0.5999 2.6858 11.9491 -1.3841 0.3389
Pedestrian -1 -1 -1.0660 448.0195 861.9951 490.8540 949.6765 1.6959 0.6460 0.5816 -10.2404 6.6890 31.1467 -1.3799 0.2713
Cyclist -1 -1 -3.4646 1148.4453 630.5076 1936.0000 1216.0000 1.7616 0.7724 2.0096 1.5462 1.7789 4.0441 -2.9385 0.7390
Car -1 -1 1.8717 925.9219 825.1060 1156.2375 993.1349 1.3633 1.8055 4.3083 1.1978 4.3579 20.0331 1.9475 0.4122
Car -1 -1 -1.3679 931.7697 802.2447 1076.6494 919.5373 1.3610 1.6940 3.7022 0.8064 4.6121 25.4116 -1.3222 0.4051
Car -1 -1 -1.6384 1392.8542 844.0295 1471.6737 928.3842 1.4857 1.7725 3.6657 12.1412 7.4518 38.7175 -1.3137 0.3918
Car -1 -1 2.0634 493.5704 788.3232 636.1193 869.7962 1.4823 1.8158 3.9702 -9.9799 5.8645 37.9554 1.8117 0.2960
Car -1 -1 2.0547 395.2356 807.2645 555.7456 901.6289 1.4467 1.7700 3.7913 -10.5494 5.6880 32.7591 1.7459 0.2615
Car -1 -1 2.0545 0.0000 868.6368 184.2186 981.9876 1.5580 1.8713 3.6610 -17.6547 6.8267 30.4580 1.5287 0.2509
