Pedestrian -1 -1 -2.4542 0.0000 734.0988 120.3527 1141.3855 1.6190 0.5902 0.5481 -4.0455 2.1088 6.4068 -3.1202 0.3640
Pedestrian -1 -1 -1.5363 991.2491 931.1149 1067.0602 1148.4229 1.7171 0.6320 0.6055 0.6008 4.4645 13.0849 -1.4734 0.2476
Cyclist -1 -1 -2.7801 177.8036 587.0588 1014.5402 1216.0000 1.7794 0.8335 1.9942 -0.8577 1.6910 3.9481 -3.1045 0.6938
Car -1 -1 2.1648 0.0000 786.4427 148.6718 899.3003 1.6009 1.8502 3.7806 -17.5689 4.9032 28.6458 1.6088 0.4257
Car -1 -1 1.7727 1402.2318 828.0273 1507.5608 913.3398 1.5085 1.7673 3.8614 12.7828 7.0380 38.5988 2.1138 0.3806
Car -1 -1 1.5224 1399.4689 833.7266 1469.0020 908.7044 1.5043 1.8255 3.8158 13.7727 7.8980 43.7014 1.8476 0.3268
Car -1 -1 2.1333 437.2859 790.6080 605.0804 886.1289 1.5108 1.7684 3.8233 -9.6103 5.3938 32.9600 1.8527 0.3163
Car -1 -1 2.0213 546.4935 784.7307 679.8886 861.2145 1.4239 1.7979 4.0178 -9.0072 5.8267 39.0333 1.8008 0.2498
Car -1 -1 -1.6294 1399.2988 799.4682 1467.0853 870.6608 1.6888 1.9654 4.4108 15.5858 7.7528 49.5614 -1.3056 0.2210
Car -1 -1 1.7233 500.8606 803.3267 594.1674 878.9660 1.4322 1.8044 3.8787 -10.9773 6.4352 39.9042 1.4609 0.2115
