Pedestrian -1 -1 0.2007 1235.9622 930.3799 1285.6073 1057.3721 1.6723 0.6038 0.5972 4.4095 6.2483 22.0038 0.4214 0.2625
Pedestrian -1 -1 -1.4063 0.0000 745.7072 98.5157 1142.2607 1.5299 0.5796 0.5903 -4.0401 2.0799 6.4100 -2.0717 0.2546
Pedestrian -1 -1 -1.5407 995.3409 938.0844 1070.5854 1154.1281 1.7029 0.6289 0.6016 0.6334 4.5095 13.0723 -1.4750 0.2214
Pedestrian -1 -1 -1.5511 847.4712 846.6294 927.9768 1068.3950 1.6159 0.6203 0.6141 -0.5741 3.4179 11.8393 -1.5942 0.1930
Cyclist -1 -1 0.2751 215.6008 553.3580 1058.8401 1216.0000 1.7914 0.7942 2.0003 -0.7742 1.6220 3.9593 -0.0200 0.6649
Car -1 -1 1.5050 1421.6654 827.8473 1504.7250 915.1911 1.5468 1.8536 3.9266 12.8898 7.0736 38.5821 1.8488 0.3381
Car -1 -1 1.4696 1394.3483 838.3793 1471.6075 913.8309 1.5158 1.8485 3.8038 13.7484 8.0561 43.7558 1.7938 0.3199
Car -1 -1 2.0340 426.3070 806.8402 587.2290 907.0323 1.5645 1.8337 3.8826 -9.9179 5.8245 32.9436 1.7452 0.3003
Car -1 -1 2.0722 532.1664 793.5217 671.1423 872.2365 1.4566 1.8165 3.9991 -9.3352 6.1153 39.1449 1.8446 0.2730
Car -1 -1 1.7091 477.2223 801.6318 569.2700 877.7335 1.4389 1.8102 3.9037 -11.6224 6.3972 39.8964 1.4313 0.2006
Car -1 -1 -1.6149 1398.5740 809.0456 1465.3467 882.0198 1.7002 1.9929 4.4768 15.5299 8.0960 49.5137 -1.2919 0.1931
