Pedestrian -1 -1 -0.0138 1238.2144 926.9897 1276.1970 1053.0848 1.6875 0.6074 0.5421 4.3664 6.2139 22.0546 0.2044 0.4466
Pedestrian -1 -1 -1.3287 850.1501 814.3931 934.7332 1024.8983 1.5537 0.5643 0.5100 -0.5420 3.0998 11.8954 -1.3692 0.2308
Cyclist -1 -1 0.0938 445.2179 589.1444 1238.9240 1216.0000 1.7673 0.7841 1.9277 -0.2926 1.6808 4.0291 -0.0194 0.5959
Car -1 -1 -1.3893 963.9348 795.6659 1166.6604 969.9768 1.5570 1.9068 4.1523 1.5117 4.1026 20.0360 -1.2971 0.4125
Car -1 -1 2.0004 411.7408 810.6571 569.6165 908.2419 1.5178 1.8875 3.7968 -10.2597 5.8534 32.8986 1.7014 0.3489
Car -1 -1 2.0988 0.0000 768.3715 145.1204 871.6642 1.4981 1.7871 3.7038 -17.5708 4.4388 28.7754 1.5437 0.2914
Car -1 -1 1.4817 1389.6616 815.5482 1463.8126 888.4504 1.4999 1.8153 3.9937 13.6961 7.4060 44.1750 1.8022 0.2648
Car -1 -1 2.2094 230.0746 808.5356 470.0484 934.6457 1.4588 1.7861 4.0112 -10.3938 4.8889 25.7685 1.8226 0.2547
Car -1 -1 1.6163 1403.8979 816.2552 1487.2148 903.3306 1.5692 1.7841 3.9476 12.5502 6.7887 38.6260 1.9517 0.2518
Car -1 -1 -1.0563 526.3486 804.2444 667.9413 884.6752 1.4495 1.8252 3.9729 -9.3591 6.3571 38.7587 -1.2867 0.2193
