Pedestrian -1 -1 -1.3277 844.6201 730.6451 936.6519 969.1964 1.8128 0.6298 0.5060 -0.5588 2.6798 11.9502 -1.3704 0.4932
Pedestrian -1 -1 -0.0514 1215.9299 888.0331 1255.3354 1010.5974 1.6627 0.6288 0.5560 4.0601 5.6233 22.1559 0.1520 0.3661
Pedestrian -1 -1 -3.1846 1034.4897 776.9003 1068.9841 885.5371 1.6623 0.5986 0.5373 1.4514 4.1383 24.0519 -3.1090 0.2617
Pedestrian -1 -1 1.4681 1119.2053 880.0073 1166.2314 1001.0261 1.5794 0.6122 0.5743 2.5522 5.2253 21.0738 1.6082 0.2304
Cyclist -1 -1 -3.4869 1087.8813 626.5410 1919.5756 1216.0000 1.7746 0.7785 1.9639 1.3414 1.7796 4.0459 -3.0212 0.5665
Cyclist -1 -1 -2.8305 1433.3479 793.1010 1650.9313 970.5059 1.5247 0.6660 1.9922 5.9839 3.3682 15.4820 -2.4205 0.2423
Car -1 -1 2.0204 412.3789 832.6872 567.4942 930.8015 1.4754 1.7946 3.7071 -10.2461 6.3047 32.7885 1.7215 0.5697
Car -1 -1 2.1147 0.0000 771.9910 127.4292 878.5737 1.5422 1.8214 3.7151 -17.9169 4.5491 28.6942 1.5497 0.4002
Car -1 -1 2.1197 202.8891 805.4212 438.7021 937.1420 1.5281 1.8252 4.0537 -10.7071 4.8457 25.3453 1.7157 0.3164
Car -1 -1 1.5842 1388.2336 831.0240 1469.9395 917.5342 1.5155 1.8785 3.9204 12.1344 7.1415 38.6558 1.9093 0.2921
Car -1 -1 1.4274 1383.5667 815.0276 1494.5664 916.9846 1.5472 1.8429 3.9917 10.3932 5.9856 32.7777 1.7574 0.2766
