Pedestrian -1 -1 1.8019 1228.6587 928.1051 1281.1943 1056.0272 1.6955 0.6434 0.5436 4.3272 6.2395 22.0272 2.0186 0.2839
Pedestrian -1 -1 -3.1966 1036.9747 779.0117 1072.9209 887.1620 1.6488 0.6206 0.5520 1.5006 4.1565 24.0174 -3.1187 0.2658
Pedestrian -1 -1 1.3541 1130.6583 885.4050 1183.3044 999.4796 1.4620 0.6231 0.6288 2.7468 5.1835 21.0287 1.5041 0.2375
Pedestrian -1 -1 -1.5246 847.4009 767.6385 924.2216 988.6805 1.6673 0.5838 0.5373 -0.5934 2.8283 11.8956 -1.5706 0.1951
Pedestrian -1 -1 2.0286 624.6595 869.7458 746.2780 1120.2684 1.5688 0.6264 0.6403 -1.9308 3.3551 10.5195 1.8344 0.1947
Cyclist -1 -1 -3.1410 670.2905 587.9550 1442.6693 1216.0000 1.7723 0.7732 1.8992 0.2471 1.6834 4.0685 -3.0522 0.4162
Car -1 -1 2.0398 408.7658 852.7734 568.6787 956.4995 1.5221 1.8304 3.7152 -10.2293 6.8008 32.6561 1.7409 0.5613
Car -1 -1 2.1355 0.0000 770.4189 131.8191 876.6192 1.5356 1.8171 3.7849 -17.8799 4.5130 28.7043 1.5716 0.3580
Car -1 -1 2.1001 202.8326 808.5004 436.2572 940.8878 1.5299 1.8270 4.0672 -10.7188 4.9008 25.3252 1.6955 0.3342
Car -1 -1 1.7932 458.2622 798.8468 563.1381 875.2250 1.4593 1.8240 3.9620 -11.9424 6.3340 39.8741 1.5077 0.1987
