Pedestrian -1 -1 -1.2893 836.8476 723.3770 936.3578 959.6775 1.7939 0.6721 0.5357 -0.5918 2.6048 11.9744 -1.3351 0.5880
Pedestrian -1 -1 0.0604 1209.3662 883.1092 1253.5227 1008.4830 1.6993 0.6534 0.5955 4.0284 5.6138 22.2789 0.2613 0.3692
Pedestrian -1 -1 -0.0213 1033.5831 772.8295 1068.1483 881.6033 1.6631 0.6136 0.5480 1.4393 4.0748 24.0593 0.0537 0.2494
Pedestrian -1 -1 -1.1198 620.1307 872.8762 750.0309 1154.1490 1.6620 0.6305 0.6538 -1.8237 3.3742 9.9302 -1.3156 0.2341
Cyclist -1 -1 -3.4758 1099.3079 632.0426 1936.0000 1216.0000 1.7719 0.7754 1.9700 1.3808 1.7937 4.0361 -2.9970 0.6884
Cyclist -1 -1 -1.1767 431.6049 849.0389 642.1876 1160.0629 1.6164 0.6944 2.0586 -2.8693 3.3274 10.3568 -1.4706 0.4270
Car -1 -1 1.5129 1394.3613 839.6035 1474.8563 926.2269 1.5288 1.8379 3.7391 12.1569 7.3620 38.5827 1.8390 0.4358
Car -1 -1 1.9597 401.6853 811.4434 553.1534 909.1556 1.5191 1.8288 3.8356 -10.5252 5.8606 32.8181 1.6524 0.3993
Car -1 -1 2.1521 231.9242 806.4637 458.7839 930.9821 1.4556 1.7521 3.8575 -10.3917 4.8077 25.5495 1.7620 0.3519
Car -1 -1 1.5603 1359.8610 821.4272 1424.6799 894.9539 1.5369 1.7961 3.9965 12.9938 7.7413 45.0397 1.8605 0.2953
