Pedestrian -1 -1 -0.0795 1209.7573 898.0159 1252.4241 1025.7906 1.7284 0.6444 0.5844 3.9826 5.8297 22.1019 0.1209 0.3648
Pedestrian -1 -1 -3.1280 1014.9199 781.7826 1050.0004 886.7050 1.5992 0.6177 0.5475 1.1508 4.1625 24.1050 -3.0656 0.2863
Pedestrian -1 -1 -2.9937 1494.5106 808.5728 1612.0896 997.6207 1.2970 0.6294 0.7394 4.6068 2.7827 11.6306 -2.5634 0.2426
Pedestrian -1 -1 2.5601 1106.7579 870.8380 1162.8931 1004.4599 1.7142 0.6438 0.5230 2.4422 5.2461 21.0729 2.6948 0.2313
Cyclist -1 -1 -3.4638 1091.1740 626.0059 1932.4143 1216.0000 1.7807 0.7726 1.9980 1.3800 1.7841 4.0884 -2.9928 0.6291
Car -1 -1 1.4996 1396.6519 847.4229 1474.9954 930.4297 1.4544 1.7437 3.5533 12.1794 7.4780 38.5414 1.8265 0.4778
Car -1 -1 -1.2924 643.1912 721.9323 965.9676 965.2603 1.6517 1.9200 4.1243 -1.2799 2.7108 14.1163 -1.3820 0.4209
Car -1 -1 2.1012 15.4400 768.4291 219.4986 865.4357 1.4998 1.8939 4.1505 -17.5747 4.7139 31.3967 1.5867 0.3021
Car -1 -1 -1.3334 947.7832 838.9005 1154.3090 1012.9879 1.4394 1.7811 3.8512 1.2868 4.5537 19.6548 -1.2514 0.2982
Car -1 -1 2.0434 397.1603 819.3239 555.0626 915.2127 1.4550 1.7630 3.7510 -10.5428 5.9754 32.7750 1.7354 0.2866
Car -1 -1 -1.6625 1387.1631 817.2980 1489.3502 918.4290 1.5310 1.8610 3.8622 10.3615 6.0090 32.7104 -1.3328 0.2783
Car -1 -1 -1.3818 928.6881 792.9964 1076.7761 920.1274 1.5343 1.7855 3.8842 0.7955 4.6575 25.6881 -1.3369 0.2304
