Pedestrian -1 -1 -0.0868 1212.0270 888.9584 1256.6018 1012.1298 1.6706 0.6360 0.6093 4.0371 5.6421 22.1404 0.1158 0.4140
Pedestrian -1 -1 -0.0133 1016.5042 776.9996 1051.7358 884.3998 1.6366 0.6336 0.5586 1.1721 4.1168 24.0549 0.0501 0.3251
Pedestrian -1 -1 -0.4658 1527.2362 829.1053 1629.0289 1033.4279 1.4663 0.5853 0.5423 4.7864 3.0949 11.6275 -0.0218 0.2998
Pedestrian -1 -1 -1.0947 617.1172 875.0164 745.5700 1157.7592 1.6773 0.6226 0.6342 -1.8535 3.4071 9.9522 -1.2931 0.2355
Cyclist -1 -1 -3.4555 1088.7263 631.3817 1936.0000 1216.0000 1.7727 0.7566 2.0261 1.3901 1.7927 4.0723 -2.9793 0.6238
Car -1 -1 1.6780 1385.1294 841.1310 1478.0103 927.7000 1.5199 1.8260 3.6529 12.1451 7.3810 38.4938 2.0045 0.4229
Car -1 -1 2.0177 398.4359 810.8669 554.9280 908.1432 1.5002 1.7704 3.8239 -10.5320 5.8283 32.7881 1.7099 0.2951
Car -1 -1 -1.3484 695.3489 729.1722 979.5753 961.8041 1.5791 1.8080 3.7660 -0.9908 2.6908 13.9434 -1.4166 0.2752
Car -1 -1 -1.2343 471.4834 773.1296 566.1542 833.7187 1.4726 1.7445 3.6668 -13.9745 6.3596 47.4237 -1.5145 0.2447
Car -1 -1 -1.5727 1358.5110 810.5997 1426.2111 884.9399 1.5772 1.8830 4.1435 13.0797 7.4778 45.2609 -1.2721 0.2394
Car -1 -1 2.0835 224.7637 800.4863 441.4877 919.8217 1.4756 1.8441 4.0067 -11.1031 4.8637 26.7587 1.6869 0.2369
Car -1 -1 -1.5667 1367.6711 807.8895 1458.5319 908.8109 1.5426 1.8137 4.0783 10.0610 5.8689 33.1344 -1.2494 0.2200
