Pedestrian -1 -1 0.6066 0.0000 712.7812 120.8473 1120.7166 1.6097 0.6404 0.5878 -4.0513 2.0048 6.3850 -0.0635 0.2731
Pedestrian -1 -1 -1.5453 991.2402 884.6011 1067.0067 1098.5583 1.7052 0.6371 0.6491 0.6029 4.0451 13.1227 -1.4828 0.2569
Cyclist -1 -1 -2.6860 57.2728 625.5168 919.8251 1216.0000 1.7421 0.7739 2.0278 -1.1461 1.7439 3.9456 -3.1059 0.7029
Car -1 -1 1.5413 1427.3608 829.6547 1505.1115 913.8926 1.4907 1.8083 3.7205 12.9681 7.0397 38.4775 1.8878 0.4931
Car -1 -1 2.2407 7.2595 831.6660 237.0848 944.9821 1.5674 1.9758 4.2045 -17.2853 6.1719 31.0689 1.7316 0.4205
Car -1 -1 1.4766 1400.2528 820.4060 1475.9834 895.1842 1.5369 1.8334 3.9720 14.0048 7.5815 44.0916 1.8041 0.3784
Car -1 -1 2.0983 435.6573 821.4474 601.7565 921.2890 1.5088 1.8027 3.8198 -9.6249 6.0960 32.8296 1.8173 0.3586
Car -1 -1 -1.6047 1409.2180 802.8770 1473.9828 873.8179 1.6732 1.9579 4.3713 15.8793 7.8553 49.5689 -1.2755 0.2514
Car -1 -1 2.0128 486.9459 771.4230 604.8326 839.4618 1.5870 1.8798 4.3254 -12.9954 6.4233 47.0644 1.7501 0.2337
Car -1 -1 1.9671 567.9592 778.1193 689.5087 852.0286 1.4275 1.7612 3.8310 -8.6929 5.6746 39.4074 1.7564 0.2034
Car -1 -1 2.2718 0.0000 797.7745 33.6598 920.4647 1.4702 1.8254 3.9529 -18.1861 4.6780 25.7087 1.6467 0.1954
