Pedestrian -1 -1 -0.7121 0.0000 619.5434 261.2521 1216.0000 1.6886 0.6140 0.6715 -2.3693 1.6756 4.0246 -1.4389 0.5105
Pedestrian -1 -1 -2.4348 0.0000 708.2861 149.5668 1094.5916 1.5314 0.6423 0.6670 -3.9923 1.9075 6.4091 -3.0968 0.2713
Pedestrian -1 -1 -0.9846 285.8845 829.7808 374.7423 983.7390 1.5092 0.6328 0.6365 -6.7449 3.7523 16.0047 -1.4007 0.2339
Pedestrian -1 -1 -1.7454 1493.8948 858.9203 1554.9515 986.2935 1.4270 0.6222 0.6849 7.0087 4.4059 18.6335 -1.3512 0.2287
Car -1 -1 1.6421 1426.8890 823.1846 1514.9246 909.8636 1.5293 1.7777 3.8991 13.1039 6.8957 38.3300 1.9932 0.4262
Car -1 -1 2.0497 0.0000 825.0289 146.6736 933.7032 1.4616 1.8738 3.6016 -17.5291 5.5702 28.8379 1.4993 0.4223
Car -1 -1 2.2527 0.0000 741.2435 408.5622 945.9345 1.4602 1.7309 3.8473 -7.4271 2.7920 15.0618 1.7682 0.3021
Car -1 -1 1.4696 1432.2687 778.5617 1546.4869 889.6481 1.4978 1.7303 3.9514 9.8755 4.6141 28.1956 1.8329 0.2521
Car -1 -1 1.5463 1410.5215 825.3082 1480.4119 902.1921 1.5640 1.8801 4.0629 14.3002 7.7876 44.2199 1.8791 0.2491
Car -1 -1 -1.1714 546.5602 802.0673 679.1974 884.8039 1.5209 1.8963 4.1225 -9.0262 6.4133 39.0984 -1.3914 0.2301
