Pedestrian -1 -1 -1.8091 1121.8583 919.0898 1171.8745 1042.2273 1.7030 0.6329 0.6109 2.8019 6.2175 22.6142 -1.6664 0.3709
Pedestrian -1 -1 -1.6962 1186.2125 926.3091 1232.6495 1045.2496 1.6543 0.6378 0.5602 3.7478 6.2722 22.6129 -1.5108 0.3209
Car -1 -1 1.6965 1422.9849 823.2719 1520.6915 910.7761 1.5360 1.8009 3.9843 13.1316 6.9106 38.3332 2.0482 0.4693
Car -1 -1 1.9661 0.0000 823.3250 145.4267 931.5794 1.4404 1.8669 3.6740 -17.5497 5.5523 29.0321 1.4182 0.4386
Car -1 -1 1.3391 1412.7092 782.3586 1552.6833 892.6148 1.5065 1.7343 3.8571 9.7497 4.6923 28.2341 1.6977 0.4011
Car -1 -1 1.6905 577.7520 874.2062 677.2253 972.3884 1.4525 1.7264 3.6243 -7.4296 7.3624 33.5677 1.4805 0.2561
Car -1 -1 -2.6760 403.5506 769.2536 595.6716 859.5496 2.4458 2.2790 5.3362 -14.5147 7.1506 47.1553 -2.9677 0.2249
Car -1 -1 2.0851 1383.3071 767.3932 1630.2098 901.9125 1.5471 1.7463 4.0845 8.5493 3.9541 23.3038 2.4670 0.2203
Car -1 -1 1.5406 1410.7332 824.5630 1480.7659 901.4609 1.5663 1.8845 4.0744 14.3032 7.7705 44.2430 1.8732 0.2159
Car -1 -1 -1.0955 542.2977 807.6743 678.5526 888.9817 1.4771 1.8357 3.9116 -9.0361 6.4836 38.8387 -1.3172 0.2138
