Pedestrian -1 -1 -2.5638 1152.3990 773.7169 1217.3069 903.9770 1.6857 0.6246 0.6567 3.1157 3.8045 20.8390 -2.3943 0.3546
Pedestrian -1 -1 -0.0715 1168.1661 782.1765 1209.5161 898.1154 1.6684 0.6464 0.5916 3.4684 4.1058 22.8243 0.0998 0.3023
Car -1 -1 1.6906 1423.7351 823.2778 1520.2018 910.5974 1.5336 1.7941 3.9695 13.1322 6.9064 38.3265 2.0424 0.5037
Car -1 -1 1.9839 454.6345 869.1786 605.8531 975.1198 1.5311 1.8177 3.6724 -9.2905 7.1627 32.5304 1.7115 0.3395
Car -1 -1 2.1022 562.8038 805.1004 707.7552 887.1953 1.4755 1.8610 4.0383 -8.3786 6.4168 38.7954 1.8968 0.3098
Car -1 -1 1.5615 1409.3821 825.5919 1479.1895 902.2930 1.5602 1.8797 4.0442 14.3027 7.7937 44.2326 1.8941 0.2755
Car -1 -1 2.1784 0.0000 820.9082 165.6381 928.7903 1.4321 1.7224 3.7557 -17.2618 5.4580 28.7875 1.6338 0.2514
Car -1 -1 1.4612 1226.3368 815.7006 1314.0822 897.9575 1.4250 1.8056 4.0233 7.7363 6.5090 37.7471 1.6822 0.2305
Car -1 -1 1.9839 169.1497 777.1259 319.8551 862.6095 1.4752 1.7191 3.9967 -16.6940 5.2485 35.0433 1.5388 0.2297
Car -1 -1 1.5295 1394.3966 832.4239 1496.7784 944.8414 1.5448 1.8957 4.1104 10.0102 6.1671 31.0676 1.8647 0.2215
