Pedestrian -1 -1 -2.6584 1156.8270 768.0685 1221.1924 897.5021 1.6690 0.6182 0.6659 3.1566 3.6958 20.7224 -2.4859 0.3527
Pedestrian -1 -1 -0.0382 1183.7061 780.6342 1227.0720 896.3003 1.6612 0.6527 0.6425 3.7233 4.0784 22.8418 0.1445 0.2995
Car -1 -1 1.7067 1422.0631 823.5453 1520.8407 910.7106 1.5297 1.7913 3.9752 13.1225 6.9110 38.3360 2.0581 0.5064
Car -1 -1 1.6119 1419.3271 812.1914 1535.3296 929.0242 1.4748 1.7911 4.0258 9.7699 5.2754 28.1431 1.9719 0.3557
Car -1 -1 2.1370 562.1888 798.8855 712.4731 881.0341 1.4880 1.8682 4.1593 -8.3676 6.2906 39.0034 1.9329 0.3504
Car -1 -1 1.9935 454.4981 868.7562 606.7353 974.4807 1.5282 1.8196 3.6666 -9.2902 7.1549 32.5567 1.7213 0.3469
Car -1 -1 1.5542 1409.8800 825.2483 1479.7739 902.0363 1.5627 1.8814 4.0545 14.3029 7.7860 44.2330 1.8869 0.2595
Car -1 -1 1.5098 1177.8569 835.5422 1271.4727 938.6768 1.4948 1.8100 3.9068 5.5931 6.3087 32.1213 1.7011 0.2375
Car -1 -1 2.1846 0.0000 819.8607 165.4677 929.2777 1.4488 1.7285 3.8042 -17.2597 5.4496 28.7312 1.6391 0.2302
Car -1 -1 1.9982 169.1540 773.5901 320.2094 857.8784 1.4670 1.7053 3.9389 -16.6774 5.1457 35.0136 1.5530 0.2296
