Pedestrian -1 -1 -2.6572 1150.4648 771.2266 1219.3840 901.2531 1.6767 0.6568 0.7224 3.1185 3.7634 20.8456 -2.4875 0.4260
Car -1 -1 2.0318 258.1385 799.9430 486.8310 922.6940 1.4120 1.9136 4.4960 -10.1318 4.7451 26.1524 1.6591 0.3554
Car -1 -1 2.1153 564.5961 798.7253 710.2612 879.5075 1.4675 1.8398 4.0872 -8.3694 6.2619 39.0130 1.9112 0.3249
Car -1 -1 2.0795 0.0000 817.5999 157.5137 927.6090 1.4940 1.7236 3.7315 -17.3163 5.4553 28.8464 1.5345 0.2806
Car -1 -1 1.7813 1404.1807 822.6332 1510.6410 908.0897 1.5040 1.7207 3.9934 12.7920 6.8690 38.4242 2.1241 0.2775
Car -1 -1 1.4516 1184.4673 845.0809 1287.7731 947.2996 1.4774 1.8036 3.8549 5.8480 6.5109 32.1939 1.6504 0.2747
Car -1 -1 -1.2248 678.4631 792.0532 783.9975 862.6597 1.5327 1.8396 4.0084 -6.8270 6.7793 44.7888 -1.3666 0.2589
Car -1 -1 0.5619 74.1950 799.0996 295.7836 882.3883 1.5810 1.8605 4.1261 -17.6375 5.6796 34.0855 0.0837 0.2554
Car -1 -1 1.5202 1410.7927 823.8467 1482.5259 900.7887 1.5710 1.8901 4.0787 14.3075 7.7528 44.2454 1.8529 0.2489
Car -1 -1 1.5301 1395.6346 829.9367 1496.5010 941.6035 1.5395 1.8674 4.1067 10.0213 6.1054 31.0651 1.8657 0.2483
Car -1 -1 2.0365 451.7803 866.6340 610.0995 973.1744 1.5386 1.8353 3.6884 -9.2938 7.1290 32.5976 1.7646 0.2468
