Pedestrian -1 -1 0.1382 1068.1213 775.3051 1113.5927 876.1990 1.5015 0.6543 0.6280 2.0676 3.9366 23.8186 0.2414 0.2125
Car -1 -1 1.7232 1420.6807 823.3514 1521.4396 910.1191 1.5229 1.7804 3.9731 13.1145 6.8990 38.3420 2.0744 0.5210
Car -1 -1 2.3522 0.0000 736.4519 391.1007 946.0073 1.4944 1.7809 3.9095 -7.7548 2.7756 15.0506 1.8491 0.3002
Car -1 -1 1.5097 1400.7896 823.4066 1500.5203 931.3520 1.5101 1.8125 3.9921 10.0926 5.9211 31.0620 1.8476 0.2941
Car -1 -1 1.5401 1411.1937 827.2524 1480.7745 904.1301 1.5688 1.8738 4.0070 14.3103 7.8523 44.2451 1.8729 0.2809
Car -1 -1 1.9596 188.3150 788.9865 340.9794 879.3793 1.5136 1.7797 4.1137 -16.0753 5.5551 34.7388 1.5263 0.2727
Car -1 -1 1.8840 568.8815 848.8358 699.4396 945.4146 1.4696 1.7786 3.8354 -7.3671 6.8670 34.0419 1.6782 0.2663
Car -1 -1 1.6690 1144.9060 849.9576 1254.7721 961.7962 1.5313 1.8004 3.7396 4.9625 6.4668 30.7504 1.8478 0.2464
Car -1 -1 2.0948 0.0000 831.8340 157.3495 943.3596 1.4832 1.8391 3.6979 -17.3077 5.7125 28.6946 1.5481 0.2309
Car -1 -1 -1.2593 981.3484 772.6614 1152.5419 896.0367 1.4996 1.7559 3.7511 1.8602 4.1944 25.2036 -1.1698 0.2125
