Pedestrian -1 -1 0.1267 1249.9578 871.5688 1300.5833 999.9648 1.7233 0.6385 0.6426 4.6358 5.4305 22.0639 0.3573 0.3939
Pedestrian -1 -1 1.6060 1193.6799 862.9424 1240.8025 981.9731 1.4977 0.6061 0.5664 3.5185 4.8216 20.5374 1.7981 0.2453
Pedestrian -1 -1 -0.2500 690.0439 889.9719 801.0839 1127.0543 1.3763 0.5999 0.5972 -1.4416 3.2103 9.9538 -0.4036 0.2399
Pedestrian -1 -1 -1.3030 1000.7154 801.5612 1087.3859 988.5634 1.5149 0.6205 0.6074 0.7382 3.1251 13.2407 -1.2307 0.2294
Pedestrian -1 -1 0.0333 930.8964 792.7585 984.2219 960.1666 1.5895 0.5718 0.5132 -0.0326 3.3167 15.0904 0.0420 0.2125
Car -1 -1 1.5090 1465.8607 826.5780 1547.8765 915.8259 1.5602 1.7999 3.9607 13.8288 6.9853 38.0669 1.8795 0.4785
Car -1 -1 1.4375 1415.6490 831.6992 1500.6151 909.1749 1.5720 1.9329 4.0966 14.6576 8.0034 44.3053 1.7769 0.2860
Car -1 -1 2.2095 510.1399 830.2285 680.5234 927.3660 1.4483 1.8016 3.6694 -7.9917 6.2553 32.9685 1.9774 0.2783
Car -1 -1 2.1749 67.4026 762.2111 268.3598 855.9734 1.4663 1.7845 4.0344 -16.6712 4.5672 31.6644 1.6865 0.2439
Car -1 -1 1.9209 714.8634 806.0474 819.9349 877.0223 1.5353 1.8700 4.0576 -5.8650 7.3384 45.7172 1.8038 0.2016
