Pedestrian -1 -1 -1.2637 981.6900 916.9834 1080.8270 1149.2849 1.7927 0.6830 0.6921 0.6201 4.4404 13.1097 -1.1993 0.2205
Pedestrian -1 -1 -1.3946 676.1465 811.9404 783.7061 1081.7823 1.6652 0.6126 0.6543 -1.5381 2.9595 10.0178 -1.5588 0.1926
Pedestrian -1 -1 -1.9564 1462.3766 955.5518 1524.8710 1092.9120 1.6419 0.5966 0.6226 7.0094 6.0693 19.7087 -1.5841 0.1905
Car -1 -1 1.6897 1425.7024 831.8817 1521.4149 918.4072 1.4983 1.7865 3.9044 13.1638 7.0967 38.3033 2.0423 0.3952
Car -1 -1 2.0814 402.8596 841.3868 534.8128 919.7773 1.5228 1.9008 3.8879 -13.9899 8.0097 42.7152 1.7721 0.3388
Car -1 -1 2.1504 74.3195 765.7734 269.5786 857.5008 1.4248 1.7669 3.9671 -16.5577 4.5958 31.6046 1.6640 0.2336
Car -1 -1 1.4892 1416.3353 830.9200 1491.7793 906.9759 1.5476 1.8665 3.8555 14.4176 7.8870 43.9144 1.8265 0.2188
Car -1 -1 -1.3180 529.4668 789.1229 649.8065 876.5306 1.6022 1.9039 4.2598 -9.2645 5.9695 37.6226 -1.5535 0.2078
Car -1 -1 -1.7544 0.0000 670.1639 221.9503 1100.1783 1.4658 1.7891 4.0461 -5.5760 1.7498 7.4441 -2.4898 0.2039
Car -1 -1 1.9014 678.3092 818.4609 781.9786 889.1102 1.4737 1.8624 3.9218 -6.8644 7.5453 44.8073 1.7594 0.1967
Car -1 -1 -1.1923 514.1642 784.5363 619.6926 851.9856 1.5807 1.8363 4.0158 -12.3651 6.8384 47.1428 -1.4414 0.1842
Car -1 -1 1.9119 496.8152 852.9365 655.8962 968.2048 1.5436 1.8705 3.9861 -7.7007 6.4818 30.3095 1.6684 0.1822
