Pedestrian -1 -1 -0.0072 1235.8247 865.2803 1274.9598 987.4980 1.6642 0.6432 0.5600 4.3701 5.2931 22.2032 0.2100 0.3270
Pedestrian -1 -1 -1.1333 277.0518 933.3098 362.8613 1100.4985 1.6058 0.6366 0.6207 -6.7874 4.9394 15.8477 -1.5513 0.2069
Pedestrian -1 -1 -2.9472 1057.2893 776.3937 1102.2518 882.5342 1.5828 0.6407 0.5927 1.8900 4.0346 23.8106 -2.8516 0.2050
Car -1 -1 1.9324 965.0992 841.4807 1213.8403 1023.2511 1.4493 1.7944 4.2746 1.8170 4.6435 19.7438 2.0424 0.4232
Car -1 -1 1.4248 1394.4094 827.4752 1477.9531 902.4978 1.5351 1.8641 4.0208 14.0168 7.8302 44.3270 1.7508 0.3259
Car -1 -1 3.1307 475.8714 836.4533 666.0137 927.2836 1.5001 1.8460 3.8987 -8.4770 6.3065 32.5824 2.8814 0.3176
Car -1 -1 1.6081 1415.7140 826.8721 1497.7299 911.9532 1.4882 1.7732 3.9073 12.7879 6.9742 38.4762 1.9504 0.3069
Car -1 -1 -1.2504 976.8642 777.5229 1148.0652 900.6683 1.4925 1.7472 3.7243 1.7884 4.2819 25.2761 -1.1640 0.2552
Car -1 -1 2.1304 0.0000 849.4524 154.6257 963.8387 1.4990 1.8210 3.6150 -17.3019 6.0595 28.5532 1.5823 0.2440
Car -1 -1 -1.2179 522.7809 786.8447 654.6248 873.8445 1.5903 1.8702 4.1504 -9.2775 5.8954 37.5846 -1.4541 0.2375
Car -1 -1 -1.5865 1486.7192 786.0521 1674.8794 985.6367 1.5372 1.7828 3.8866 7.1177 3.6112 17.1080 -1.1528 0.2223
