Pedestrian -1 -1 -0.0136 1236.0270 859.8249 1275.0275 981.7471 1.6642 0.6378 0.5602 4.3711 5.2101 22.2029 0.2037 0.4580
Pedestrian -1 -1 -1.3412 966.1030 925.5259 1050.5826 1136.1008 1.6539 0.6214 0.5704 0.4187 4.3658 13.1311 -1.2937 0.2382
Pedestrian -1 -1 -1.7993 1462.7604 937.5878 1519.4078 1071.5146 1.6003 0.6034 0.5702 6.9774 5.7899 19.7120 -1.4283 0.2283
Pedestrian -1 -1 1.2528 1135.6868 867.9438 1189.9868 988.5627 1.5698 0.6258 0.5453 2.8363 5.0465 21.0724 1.4069 0.2093
Car -1 -1 1.7505 1405.7300 824.5096 1509.3022 911.2606 1.5353 1.7763 3.9486 12.8309 6.9664 38.5345 2.0934 0.3551
Car -1 -1 2.1449 0.0000 856.8426 154.2991 973.7999 1.5162 1.8337 3.6303 -17.3161 6.2239 28.5147 1.5962 0.2659
Car -1 -1 1.5274 1410.9008 832.2200 1481.9698 908.9985 1.5396 1.9036 4.1120 14.3313 7.9974 44.3390 1.8599 0.2490
Car -1 -1 1.9897 146.0885 771.5791 304.6901 859.0141 1.5303 1.8105 4.2293 -17.3655 5.2250 35.5216 1.5343 0.2286
Car -1 -1 1.9744 1448.5161 786.7831 1778.4423 977.3708 1.4680 1.8082 4.2073 7.5221 3.5390 17.0736 2.4302 0.2235
Car -1 -1 2.0566 558.6047 798.6657 698.3491 879.7814 1.4997 1.8717 4.1050 -8.6947 6.3407 39.4323 1.8467 0.2124
