Pedestrian -1 -1 -0.0431 1116.0729 783.3215 1151.6505 891.4104 1.6160 0.6569 0.5449 2.7357 4.1683 23.7406 0.0900 0.3429
Pedestrian -1 -1 2.6684 1228.9258 866.0577 1286.6471 999.8708 1.6712 0.6131 0.5604 4.0338 5.0147 20.3667 2.8879 0.2272
Pedestrian -1 -1 1.6158 785.9988 711.5790 857.0670 907.3199 1.7809 0.6450 0.5604 -1.3163 2.6189 14.1622 1.5236 0.2178
Car -1 -1 2.0921 485.4257 840.6267 650.2884 944.5589 1.5437 1.8395 3.8087 -8.5768 6.5951 32.9351 1.8430 0.4502
Car -1 -1 1.4804 1502.6484 821.7134 1590.8092 910.7623 1.5675 1.8146 3.9052 14.7723 6.8357 37.8946 1.8747 0.3593
Car -1 -1 -1.6339 1473.6935 828.3793 1547.3741 907.9816 1.5812 1.8115 3.9216 15.6692 7.6973 42.8062 -1.2621 0.3218
Car -1 -1 2.2659 114.5839 791.0829 307.9445 887.0602 1.4730 1.7275 3.6648 -15.8433 5.2265 31.7950 1.8016 0.2862
Car -1 -1 -1.6482 1441.5635 817.0801 1542.5604 921.0684 1.5273 1.8318 4.0243 11.3702 5.9522 32.2431 -1.2852 0.2547
Car -1 -1 1.8426 1053.0872 841.0698 1280.9934 1022.8005 1.4417 1.8080 4.0798 2.7814 4.5687 19.4018 2.0064 0.2446
Car -1 -1 2.0180 620.7936 813.0393 749.9018 891.7845 1.4100 1.7986 3.7954 -7.0797 6.5444 38.7411 1.8455 0.2405
