Pedestrian -1 -1 -0.0278 1292.9713 916.3414 1334.4285 1054.7837 1.6811 0.6016 0.5318 4.7120 5.6479 20.0009 0.2293 0.3259
Pedestrian -1 -1 -3.1137 1165.3424 785.8680 1201.5950 897.6905 1.6466 0.6206 0.5319 3.4801 4.2039 23.4019 -2.9459 0.2624
Pedestrian -1 -1 1.8384 1104.4204 1009.3353 1200.7937 1216.0000 1.6654 0.6462 0.6650 1.6284 5.0380 12.6840 1.9913 0.1854
Car -1 -1 -1.2663 1105.9807 862.1735 1336.9613 1052.7155 1.4770 1.7257 3.7492 3.3612 4.7825 18.7755 -1.0653 0.5098
Car -1 -1 1.0411 274.9540 806.0881 435.3035 895.7674 1.5387 1.7659 3.9161 -14.2993 6.0348 35.2133 0.6574 0.3509
Car -1 -1 1.9468 606.7539 824.0610 760.3481 932.4020 1.6466 1.9204 4.1746 -6.0693 6.3653 33.1936 1.7735 0.1876
Car -1 -1 -1.5156 1548.7059 860.9177 1640.8444 955.3297 1.5218 1.7947 3.8946 15.6950 7.6922 36.9547 -1.0911 0.1869
Car -1 -1 -3.4884 1508.7592 843.9431 1669.2751 909.5309 1.4795 1.7547 3.7400 17.3570 7.7027 41.4783 -3.0703 0.1863
Car -1 -1 1.4981 1303.3165 788.8657 1367.2875 853.5591 1.5959 1.8780 4.4012 12.7261 7.4532 51.0821 1.7602 0.1849
Car -1 -1 -1.5389 1536.3411 795.7578 1644.4211 903.7303 1.5904 1.8526 4.1344 13.2853 5.4431 31.4567 -1.1130 0.1827
Car -1 -1 1.9665 1592.5631 806.3282 1934.2408 1004.5150 1.4438 1.7104 3.9888 8.7398 3.6348 16.1893 2.5077 0.1670
