Pedestrian -1 -1 -0.0572 1246.1188 889.1340 1287.8319 1025.4298 1.6801 0.6393 0.5308 4.1219 5.3109 20.1887 0.1685 0.3491
Pedestrian -1 -1 0.0198 1141.6006 792.4139 1180.3137 897.3768 1.5326 0.6731 0.5753 3.1324 4.2000 23.4318 0.1720 0.2941
Car -1 -1 1.7464 1084.9244 856.2711 1287.0502 1045.6318 1.4698 1.7850 3.8935 2.9517 4.7337 18.9606 1.9232 0.5464
Car -1 -1 2.1238 251.1696 832.0538 423.0724 929.1874 1.5502 1.8821 4.0139 -14.5437 6.7076 35.0984 1.7340 0.4473
Car -1 -1 -1.6766 1486.9869 829.1862 1568.7917 909.5624 1.6086 1.8588 3.7861 16.0654 7.7048 42.5510 -1.2945 0.3734
Car -1 -1 1.5830 1523.3456 842.5657 1609.5790 932.3740 1.4653 1.8526 4.0201 15.1531 7.2224 37.3406 1.9913 0.3275
Car -1 -1 1.5386 1473.9404 828.1069 1543.4998 904.6335 1.6580 2.0289 4.7598 17.7836 8.6254 48.6929 1.9084 0.2508
Car -1 -1 -1.6161 1479.7192 807.9228 1574.4609 912.1027 1.5342 1.7731 3.9607 11.9699 5.6888 31.7839 -1.2310 0.2462
Car -1 -1 1.5035 1273.7738 776.2200 1333.9618 836.9769 1.5470 1.8116 4.2811 11.7818 7.0004 51.6279 1.7455 0.2022
Car -1 -1 2.4261 0.0000 771.8244 11.7650 964.2526 1.4528 1.7993 3.9508 -12.8927 3.2891 16.5921 1.7385 0.1983
