Pedestrian -1 -1 -3.1371 1117.6443 788.0481 1154.8723 894.4858 1.5847 0.6376 0.5717 2.7778 4.2102 23.7101 -3.0020 0.2984
Pedestrian -1 -1 -0.1623 1238.9546 877.5778 1287.4878 1013.9545 1.6971 0.6465 0.5590 4.0746 5.1688 20.2077 0.0608 0.2507
Pedestrian -1 -1 1.7512 1057.1306 949.8964 1146.2467 1173.1235 1.7060 0.6548 0.6525 1.2293 4.6248 13.0233 1.8670 0.2047
Car -1 -1 -1.4647 1079.4845 858.8389 1259.3903 1047.8153 1.5014 1.7832 3.7623 2.7410 4.7963 19.0110 -1.2998 0.5398
Car -1 -1 1.5824 1506.7100 810.7506 1592.4486 900.8896 1.5693 1.8606 4.1119 14.8339 6.5223 37.5974 1.9812 0.3785
Car -1 -1 1.9557 252.3991 830.0015 397.1447 922.8716 1.5269 1.7952 3.8524 -14.8381 6.6043 35.0827 1.5582 0.3402
Car -1 -1 2.0817 477.0006 847.4570 647.3704 957.8649 1.6156 1.8947 3.9279 -8.6201 6.7940 32.6549 1.8294 0.3006
Car -1 -1 2.1181 110.5377 777.6725 290.8972 869.7396 1.4415 1.7341 3.6952 -15.9927 4.8705 31.6567 1.6474 0.2855
Car -1 -1 -1.4464 1031.2120 791.2690 1172.6616 924.1829 1.5717 1.8197 4.0256 2.4610 4.6267 25.2893 -1.3322 0.2673
Car -1 -1 -3.4217 1437.4590 849.4370 1563.8257 902.9418 1.4519 1.6478 3.6518 17.8986 9.0667 49.7403 -3.0570 0.2578
