Pedestrian -1 -1 -3.2495 1313.9984 777.2525 1351.1527 894.7520 1.6975 0.6217 0.5013 5.6693 4.0608 22.8510 -2.9809 0.3365
Pedestrian -1 -1 1.9557 518.7668 873.9604 555.6995 955.2285 1.6713 0.6138 0.5698 -9.3606 7.2242 33.0231 1.6855 0.3173
Pedestrian -1 -1 -1.6274 1324.5394 913.9917 1381.5961 1079.3484 1.7026 0.6086 0.5305 4.4137 5.0272 16.8706 -1.3414 0.1847
Car -1 -1 2.1786 0.0000 751.7176 293.8954 913.6178 1.5099 1.8270 4.2132 -10.7172 3.3518 19.5405 1.6596 0.3502
Car -1 -1 -1.9568 1373.6005 839.5605 1528.1328 946.9313 1.4534 1.7197 3.6054 9.5509 5.9453 29.4508 -1.6190 0.2977
Car -1 -1 -1.6604 1464.5505 784.7769 1539.0985 854.4505 1.5921 1.9144 4.2758 16.9774 6.8784 47.1288 -1.2941 0.1886
Car -1 -1 1.3656 1710.9381 834.6964 1828.5391 929.9052 1.5557 1.8160 3.6851 19.0731 6.8112 35.4286 1.8851 0.1787
Car -1 -1 -1.7598 1637.5769 809.4146 1772.7910 919.8810 1.5282 1.8137 4.0314 14.9276 5.5260 30.2080 -1.2726 0.1751
Car -1 -1 1.8569 693.6421 824.2753 823.9799 923.6514 1.5194 1.8068 3.9128 -4.4272 6.2326 33.2754 1.7336 0.1671
Car -1 -1 2.1868 110.9990 850.0704 335.5682 976.2433 1.6075 1.9099 3.9939 -14.0545 6.2572 28.7570 1.7312 0.1503
