Pedestrian -1 -1 0.1798 525.7244 738.8538 621.0511 1005.7300 1.6372 0.5778 0.5206 -2.5205 2.4046 9.7563 -0.1020 0.3001
Pedestrian -1 -1 -0.0857 1820.8434 968.8897 1879.9849 1116.5034 1.6298 0.6428 0.6133 11.2479 6.0831 18.9324 0.4882 0.2504
Pedestrian -1 -1 -1.7938 1571.2949 1032.9564 1690.7328 1216.0000 1.6375 0.6449 0.6602 4.5651 4.5380 10.2292 -1.3166 0.2000
Pedestrian -1 -1 -2.7531 1144.6442 830.7993 1309.9240 1057.7393 1.2550 0.6278 0.8738 1.7251 2.6594 9.6942 -2.5408 0.1884
Pedestrian -1 -1 -0.1004 1711.0242 918.0417 1784.3291 1108.0400 1.6883 0.6870 0.6175 7.9241 4.7326 15.0894 0.4285 0.1680
Car -1 -1 1.9721 399.8981 760.0436 615.5619 890.3882 1.4636 1.7612 4.0681 -6.9278 3.7608 23.3011 1.6794 0.3429
Car -1 -1 -1.6069 1867.2065 825.0766 1936.0000 929.4438 1.6180 1.8701 4.1580 21.7906 6.4855 34.1051 -1.0109 0.2799
Car -1 -1 1.1985 1765.5941 889.0303 1936.0000 1029.7627 1.5628 1.8032 3.9397 15.9541 6.6389 26.6307 1.7686 0.2165
Car -1 -1 1.9302 725.4237 820.8056 853.0373 911.1486 1.5407 1.8400 3.8415 -4.1489 6.6181 36.6661 1.8275 0.1701
Car -1 -1 -1.7678 1638.5254 876.5602 1884.9497 1102.8569 1.4900 1.8146 3.6911 8.6227 4.5971 16.4234 -1.2413 0.1601
