Pedestrian -1 -1 -0.2345 1847.2889 958.7545 1907.1146 1108.6154 1.6782 0.6158 0.5324 11.5225 5.9661 18.8256 0.3533 0.4564
Pedestrian -1 -1 -3.1453 1232.4824 816.8334 1339.6516 1092.9194 1.5665 0.6322 0.6342 2.0511 2.8233 9.4067 -2.8881 0.3143
Pedestrian -1 -1 0.2754 524.5278 734.2552 637.2285 1000.9477 1.6403 0.6134 0.5797 -2.4702 2.3762 9.7565 -0.0011 0.2868
Pedestrian -1 -1 -1.1932 128.4179 686.5923 315.9797 1095.6665 1.6371 0.5815 0.5827 -3.1535 1.9160 6.4236 -1.7438 0.2098
Pedestrian -1 -1 -1.7881 1616.4801 980.8785 1734.8311 1216.0000 1.6540 0.6387 0.6342 4.8712 4.1830 10.2300 -1.2832 0.2041
Pedestrian -1 -1 1.4498 1691.2899 925.1025 1769.2512 1119.8943 1.7478 0.6541 0.5743 7.7115 4.8408 15.0163 1.9690 0.1944
Pedestrian -1 -1 -0.3794 1917.9069 963.6909 1936.0000 1118.4988 1.6917 0.6015 0.5740 12.1343 5.9165 18.2871 0.2466 0.1705
Car -1 -1 -0.9384 0.0000 717.5076 895.6409 1216.0000 1.4965 1.7706 3.9773 -1.8057 2.0391 6.5986 -1.2640 0.3301
Car -1 -1 0.6343 178.7754 781.4916 642.7805 974.0188 1.5288 1.8278 4.3079 -5.7263 3.3235 15.6873 0.2677 0.2065
Car -1 -1 1.2420 1846.5250 826.4135 1936.0000 923.9236 1.6203 1.8841 4.1417 23.2284 6.8249 36.3778 1.8366 0.1972
Car -1 -1 -2.7397 319.9055 803.8348 633.9042 935.1558 1.5989 1.8745 4.0544 -7.1598 4.4063 22.3503 -3.0536 0.1953
Car -1 -1 1.2553 1817.2631 911.0592 1936.0000 1057.2289 1.5314 1.8387 3.9465 16.5892 6.9634 26.2369 1.8496 0.1903
Car -1 -1 -2.6613 351.2105 804.2635 616.7209 916.5230 1.5225 1.7227 3.9173 -8.0120 4.6924 25.2459 -2.9700 0.1751
Car -1 -1 -1.0153 758.8167 840.7784 893.1290 928.5227 1.4860 1.6965 3.4413 -3.2677 7.0583 36.6827 -1.0931 0.1741
