Pedestrian -1 -1 -1.6893 743.2086 765.4268 842.6790 1015.4915 1.5040 0.5762 0.5473 -1.0989 2.4474 9.7047 -1.8110 0.2177
Pedestrian -1 -1 -1.1341 0.0000 773.4776 41.4585 899.1149 1.6953 0.6195 0.6009 -13.5936 3.8487 21.3314 -1.7166 0.1839
Pedestrian -1 -1 -1.5695 1733.8977 838.7973 1821.8247 1033.4884 1.3931 0.5841 0.5949 6.5570 3.1682 12.0030 -1.0097 0.1784
Pedestrian -1 -1 -1.8345 1802.9949 915.1026 1936.0000 1209.4579 1.6489 0.6366 0.6577 5.8361 3.5976 9.6225 -1.2161 0.1585
Pedestrian -1 -1 -3.5097 1857.5063 790.8794 1927.6553 936.5069 1.7479 0.6254 0.5944 11.9302 3.9171 19.1712 -2.9105 0.1555
Car -1 -1 -1.1241 204.4865 692.0632 1011.2776 1216.0000 1.5800 1.8187 3.8541 -1.0758 1.9630 6.4381 -1.3278 0.7838
Car -1 -1 1.9742 889.4692 816.7855 1029.5641 911.3244 1.6016 1.9350 4.1681 0.0275 6.6386 36.9583 1.9883 0.2409
Car -1 -1 -1.2643 1008.4640 789.8002 1123.2181 872.5244 1.6324 1.9215 4.0939 2.9096 6.3777 40.7750 -1.1781 0.2143
Car -1 -1 -1.6234 1376.2644 786.7649 1449.9276 864.2449 1.5660 1.8197 3.9698 12.4459 6.2767 41.3696 -1.3106 0.2020
Car -1 -1 -2.8402 544.4020 807.0091 819.1328 930.0123 1.5137 1.7481 3.7544 -4.1918 4.4166 22.7423 -3.0200 0.1562
