Pedestrian -1 -1 -1.2822 54.5153 906.9315 159.7487 1113.3931 1.8401 0.7158 0.9260 -8.7381 4.8329 15.3322 -1.8197 0.3226
Cyclist -1 -1 -0.9796 472.7326 850.3297 651.2000 1076.8124 1.7569 0.7124 2.0116 -3.8993 4.1474 14.7914 -1.2462 0.2407
Cyclist -1 -1 -1.2779 61.2355 907.2390 171.8823 1109.3037 1.7654 0.7107 1.1665 -8.7512 4.8214 15.5356 -1.8099 0.1028
Car -1 -1 -1.9914 352.6602 592.4642 1439.2808 1216.0000 1.9096 2.0201 4.5629 -0.7325 1.8408 5.6337 -2.1583 0.5821
Car -1 -1 1.7752 232.6492 792.8386 330.0613 863.0862 1.5528 1.9010 4.1437 -20.8124 6.9616 45.9361 1.3543 0.4329
Car -1 -1 1.7334 0.0000 791.5042 81.0413 907.4752 1.4594 1.8746 3.8765 -17.3286 4.7240 27.1521 1.1578 0.2863
Car -1 -1 2.4416 1582.4208 879.7666 1842.6829 993.7963 1.5432 1.8188 3.9885 13.6973 6.4256 27.3484 2.9346 0.2157
Car -1 -1 1.2785 1629.1245 856.2958 1748.0681 941.9020 1.5474 1.9182 3.8590 19.5164 8.1032 40.2974 1.7521 0.2132
Car -1 -1 0.8651 238.4490 739.2671 512.6208 857.4447 1.4502 1.7436 4.0870 -9.1829 3.3717 23.4039 0.4829 0.1851
Car -1 -1 -1.9091 1697.6454 824.7874 1819.9800 904.2006 1.6238 1.9685 4.2146 23.4409 7.8220 44.1262 -1.3981 0.1833
