Pedestrian -1 -1 -1.8772 1500.5310 710.1889 1650.6249 1039.9436 1.6706 0.6194 0.6689 3.3293 2.1571 8.1511 -1.4132 0.6067
Pedestrian -1 -1 -1.2062 0.0000 683.1421 139.4353 1165.7990 1.6781 0.6210 0.8809 -3.6513 1.9255 5.8382 -1.8831 0.5126
Pedestrian -1 -1 -1.6359 588.9166 947.7862 654.9217 1117.6663 1.7666 0.7169 0.7277 -4.0255 5.6890 17.7157 -1.8588 0.4474
Pedestrian -1 -1 -1.4074 443.1162 605.7957 640.8448 1145.8376 1.7818 0.6256 0.6180 -1.4612 1.7188 5.2970 -1.7617 0.3763
Pedestrian -1 -1 -3.6396 1708.0885 709.4958 1913.7333 1069.7814 1.6734 0.6302 0.7021 4.2171 2.1158 7.4654 -3.0266 0.3691
Pedestrian -1 -1 -1.5921 879.3066 934.4596 933.0637 1078.3104 1.5768 0.6400 0.6242 -0.6706 5.3965 18.1257 -1.6180 0.2075
Cyclist -1 -1 -1.2003 0.0000 680.6298 142.4685 1170.2837 1.7055 0.6272 0.9302 -3.6674 1.9443 5.8691 -1.8757 0.1475
Car -1 -1 -2.2622 932.8036 644.6477 1936.0000 1216.0000 1.6865 1.9179 4.3808 1.4173 1.7802 4.7202 -1.8590 0.8704
Car -1 -1 0.0114 1061.7028 844.6455 1243.7915 933.8702 1.5105 1.8232 3.8073 4.1585 6.4490 32.4109 0.1565 0.2362
Car -1 -1 1.6967 208.2651 780.1590 300.9693 857.1808 1.5957 1.8510 4.1812 -19.9758 6.2363 42.4232 1.2594 0.2148
