Pedestrian -1 -1 -2.0347 1531.9036 709.9246 1713.3951 1062.4562 1.7828 0.6589 0.7813 3.5826 2.2692 8.1556 -1.5417 0.5301
Pedestrian -1 -1 -1.1622 13.6755 684.0895 244.5713 1124.4500 1.6571 0.6096 0.8553 -3.4329 1.9229 6.2358 -1.7689 0.4664
Pedestrian -1 -1 -2.3847 1652.8789 711.1128 1846.1682 1097.6898 1.7338 0.5910 0.5769 3.7873 2.1697 7.2114 -1.8025 0.2961
Pedestrian -1 -1 -3.1848 1047.3130 775.3037 1091.4517 896.3532 1.6213 0.6497 0.6069 1.5282 3.7884 21.2083 -3.0966 0.2763
Cyclist -1 -1 -1.1514 14.5849 683.1802 252.7013 1129.3115 1.6861 0.6119 0.9388 -3.4478 1.9520 6.3043 -1.7532 0.1209
Car -1 -1 -2.3011 972.9649 630.3926 1936.0000 1216.0000 1.7596 1.9418 4.3979 1.6051 1.7860 4.7803 -1.8576 0.8857
Car -1 -1 0.1743 1088.0260 841.3903 1279.7985 936.5725 1.5229 1.8637 3.8150 4.8297 6.4237 32.3376 0.3407 0.3980
Car -1 -1 -1.2742 21.5023 744.3904 281.6447 923.5806 1.7302 1.9038 4.1505 -10.4388 3.4773 19.6376 -1.7791 0.3563
Car -1 -1 -1.3603 265.7352 778.2045 364.9973 853.7150 1.6615 1.8528 3.9893 -18.8077 6.3613 43.7097 -1.7629 0.2904
Car -1 -1 1.3657 899.6689 830.2363 975.8038 898.0787 1.6400 1.8800 4.1167 -0.8604 9.0456 51.7260 1.3625 0.2425
