Pedestrian -1 -1 -1.0625 0.0000 685.3325 145.8197 1150.8633 1.6654 0.5875 0.6680 -3.6174 1.9161 5.8257 -1.7363 0.5814
Pedestrian -1 -1 -1.6606 568.5330 934.9442 637.2554 1105.5734 1.7607 0.7223 0.7619 -4.2328 5.5166 17.6396 -1.8967 0.5556
Pedestrian -1 -1 -1.9462 1503.0323 713.9457 1671.0155 1073.6511 1.7527 0.6132 0.7982 3.2922 2.2501 7.9253 -1.4737 0.5209
Pedestrian -1 -1 -1.2998 418.7096 552.1249 629.4860 1087.4183 1.7733 0.6152 0.6011 -1.5215 1.5322 5.2840 -1.6711 0.3297
Pedestrian -1 -1 1.0327 561.9249 879.3524 613.2943 986.0761 1.5264 0.5545 0.6185 -5.9426 5.6435 23.7816 0.7901 0.2235
Car -1 -1 -2.2103 900.8632 642.1298 1936.0000 1216.0000 1.6932 1.9192 4.3955 1.2753 1.7771 4.8982 -1.8604 0.8923
Car -1 -1 -1.3849 197.7437 782.2693 293.2400 856.0002 1.5802 1.7822 3.8973 -20.5970 6.3457 43.1738 -1.8270 0.2811
Car -1 -1 1.7156 69.0193 800.4890 168.0137 880.1190 1.7162 1.9737 4.5606 -25.6486 7.3688 45.6592 1.2076 0.2529
Car -1 -1 -1.8492 1031.3394 789.3515 1161.3622 888.3196 1.5990 1.9085 4.0332 2.9436 5.5157 33.4647 -1.7456 0.2504
Car -1 -1 1.4887 450.1734 798.5582 522.9252 870.0269 1.5636 1.8243 4.1923 -14.6756 7.1833 46.1083 1.1873 0.2132
Car -1 -1 -1.3994 0.0000 761.6898 176.6696 931.7570 1.5381 1.8265 3.9361 -11.3154 3.4904 19.1765 -1.9509 0.1948
