Pedestrian -1 -1 -1.4051 410.8838 881.8179 572.0148 1216.0000 1.7223 0.6999 0.7905 -2.3995 3.1253 7.7151 -1.7502 0.5742
Pedestrian -1 -1 2.9912 43.6517 745.9664 202.7928 1062.6616 1.6110 0.6136 0.6629 -4.7081 2.3275 8.4006 2.4129 0.2514
Pedestrian -1 -1 -2.9533 664.4704 778.7405 701.2532 877.7183 1.8181 0.6349 0.5850 -5.3551 4.8123 28.7854 -3.1324 0.1823
Car -1 -1 -2.8680 1506.4767 656.8870 1936.0000 1216.0000 1.6563 1.9233 4.3172 3.0366 1.7652 2.8039 -1.7308 0.4861
Car -1 -1 0.7758 68.7159 796.4882 445.5293 963.4161 1.4904 1.7592 3.9253 -8.3509 3.6988 17.7935 0.3206 0.3747
Car -1 -1 2.7974 1267.3230 823.8355 1397.3171 880.7502 1.5481 1.7251 3.7624 12.0772 8.1749 48.7988 3.0581 0.2738
Car -1 -1 0.3537 537.6375 824.4422 672.3555 885.7247 1.4327 1.6567 3.3792 -10.1594 7.2766 42.7583 0.1284 0.2558
Car -1 -1 1.1947 1607.6335 796.7933 1740.1946 877.8843 1.4436 1.7282 3.9514 17.7052 5.9714 37.3444 1.6623 0.2015
Car -1 -1 -0.2464 1158.4440 813.9916 1302.3649 872.6165 1.6871 1.9078 4.5156 9.1409 8.2732 51.0156 -0.0524 0.1858
Car -1 -1 1.2073 1561.1820 812.8192 1670.5748 881.2571 1.3956 1.7085 3.8630 18.9203 7.0976 43.3901 1.6406 0.1797
