Pedestrian -1 -1 -1.3854 392.6551 890.7806 561.4641 1216.0000 1.7281 0.7099 0.8041 -2.4384 3.1623 7.6105 -1.7408 0.6357
Pedestrian -1 -1 0.1120 632.6011 781.9026 669.1573 876.8558 1.7326 0.6394 0.6188 -5.9685 4.7900 28.7763 -0.0885 0.3311
Pedestrian -1 -1 -1.8929 1402.0604 912.7886 1464.2510 1042.7181 1.5987 0.6404 0.6479 6.3614 5.5471 20.1820 -1.5584 0.2074
Pedestrian -1 -1 -1.3921 0.0000 858.5755 101.8215 1202.9604 1.3772 0.6121 0.6988 -4.4206 2.5478 7.0410 -2.0389 0.1979
Cyclist -1 -1 -1.3856 390.6522 886.2979 565.1143 1216.0000 1.7327 0.7307 0.8711 -2.4402 3.1536 7.6378 -1.7399 0.1086
Car -1 -1 -2.8465 1462.9529 616.5269 1936.0000 1216.0000 1.7663 2.0157 4.7485 3.0946 1.7639 2.9286 -1.7346 0.4043
Car -1 -1 1.6145 569.7697 804.7809 644.7458 881.6556 1.6088 1.9174 4.0758 -10.2804 7.1221 43.6581 1.3912 0.3152
Car -1 -1 -2.4857 31.3967 799.8242 442.7529 965.0401 1.5004 1.8165 4.0717 -8.4371 3.7047 17.5660 -2.9506 0.2979
Car -1 -1 -1.2957 525.2011 787.7240 670.6123 893.4662 1.6210 1.8855 4.3075 -7.6417 5.3301 31.8724 -1.5267 0.2437
Car -1 -1 -0.7055 0.0000 496.2442 183.2901 1216.0000 1.6505 1.8502 4.2224 -2.9742 1.6083 2.7690 -1.8321 0.1906
