Pedestrian -1 -1 -1.4004 441.6811 900.6269 609.7816 1216.0000 1.7567 0.7380 0.7536 -2.2213 3.2571 7.7096 -1.7203 0.4232
Pedestrian -1 -1 -1.5275 0.0000 718.7354 146.3351 1113.8416 1.6193 0.5919 0.6262 -4.0502 2.0699 6.7560 -2.1624 0.2082
Pedestrian -1 -1 -1.2594 63.9023 665.3134 205.8190 962.9727 1.5973 0.5797 0.5907 -4.6708 1.8363 8.4832 -1.8330 0.2064
Pedestrian -1 -1 -1.5406 559.2860 783.0142 658.4330 1072.2756 1.5991 0.5626 0.5949 -2.1200 2.5889 9.0075 -1.8003 0.1825
Car -1 -1 -3.0002 1547.8341 674.9193 1936.0000 1216.0000 1.5774 1.9344 4.3322 3.2876 1.7481 2.7639 -1.8217 0.4963
Car -1 -1 -2.2959 123.0428 802.3528 471.6224 969.1973 1.4482 1.7154 3.7391 -7.8907 3.7405 17.7824 -2.7288 0.3010
Car -1 -1 1.2263 1624.2939 798.0576 1755.0780 880.7432 1.4496 1.7403 4.0161 17.9981 5.9938 37.1400 1.7026 0.2227
Car -1 -1 1.2723 1595.7996 810.0219 1700.0592 879.5963 1.3876 1.7127 3.8879 19.5787 6.9393 42.7961 1.7240 0.2056
Car -1 -1 1.6562 620.2137 813.4264 701.1949 889.4398 1.5746 1.9464 4.2228 -8.8021 7.4104 44.0912 1.4681 0.1957
Car -1 -1 -0.1905 1182.3218 822.9128 1315.8455 878.2335 1.5944 1.8093 4.1993 9.7253 8.4385 50.7503 0.0157 0.1955
Car -1 -1 -1.8001 1305.9741 810.7502 1396.2479 879.6155 1.5187 1.8839 4.2043 12.1028 7.5855 46.6756 -1.5278 0.1951
Car -1 -1 -1.6531 614.7412 795.8872 708.4899 886.5121 1.4472 1.8044 4.0653 -6.9445 5.6310 34.3899 -1.8461 0.1886
