Pedestrian -1 -1 -1.4638 481.4413 964.0134 643.8959 1216.0000 1.8435 0.7765 0.8147 -2.1043 3.7622 7.9908 -1.7517 0.4018
Pedestrian -1 -1 -0.3788 1567.1877 830.2988 1643.8735 981.8177 1.5937 0.6841 0.6110 7.3456 3.9883 17.0722 0.0671 0.2234
Pedestrian -1 -1 1.6133 392.5436 900.7744 450.7196 1050.7324 1.6289 0.6407 0.6333 -6.5287 5.0442 18.1139 1.2601 0.2165
Cyclist -1 -1 -1.4738 481.7421 957.3226 648.8577 1216.0000 1.8332 0.8158 0.8814 -2.1188 3.7491 8.1094 -1.7589 0.1007
Car -1 -1 -0.4458 0.0000 341.0480 169.9589 1216.0000 1.6723 1.8832 4.1695 -3.3228 1.5778 2.6468 -1.6446 0.3100
Car -1 -1 1.6210 657.2269 797.2783 725.4003 867.8744 1.6071 1.8500 4.1198 -8.3847 7.2408 46.7198 1.4528 0.2994
Car -1 -1 -0.1857 1256.2690 829.3001 1385.3038 886.0341 1.5570 1.7877 3.9026 11.8405 8.4539 49.4363 0.0672 0.2286
Car -1 -1 -1.2193 0.0000 797.2159 125.1425 940.5465 1.6486 1.9815 4.3358 -15.8535 4.8140 25.1390 -1.7905 0.1866
Car -1 -1 -1.5935 704.0389 768.5368 812.8205 888.8712 1.6011 1.7950 3.8473 -3.6651 4.3710 26.8002 -1.7236 0.1855
Car -1 -1 -0.1208 913.3847 791.6489 1050.9329 858.2938 1.8255 1.9601 4.2290 0.6348 7.3103 48.0141 -0.0941 0.1812
Car -1 -1 1.2569 1502.6296 793.0559 1741.6635 963.9833 1.5280 1.8238 3.9028 8.4376 3.9477 19.4647 1.7025 0.1809
