Pedestrian -1 -1 -1.5264 634.0160 848.7428 766.5915 1197.8074 1.7737 0.7205 0.8343 -1.4970 3.1395 8.6597 -1.7156 0.6345
Pedestrian -1 -1 1.5968 751.9922 839.1256 798.0151 957.4985 1.6233 0.6542 0.6127 -2.7420 4.8309 22.0560 1.4791 0.5480
Pedestrian -1 -1 -1.7028 1051.5149 884.6030 1110.7594 1030.0551 1.7354 0.6951 0.6728 1.5513 5.1708 19.4340 -1.6054 0.4585
Pedestrian -1 -1 -3.0967 1726.3138 842.4219 1826.9098 968.1348 1.1439 0.6331 0.8833 8.6573 3.5275 15.8779 -2.5503 0.3443
Pedestrian -1 -1 1.1181 1306.3896 876.2022 1408.3512 1077.3105 1.6295 0.6547 0.7270 3.5795 3.9761 13.5539 1.4120 0.3390
Pedestrian -1 -1 1.4833 926.6340 802.3312 949.6345 861.7214 1.7389 0.6653 0.6181 -0.7161 7.2537 46.1423 1.4806 0.3212
Pedestrian -1 -1 3.2057 516.6043 880.6863 553.8469 999.7917 1.7688 0.6430 0.5377 -6.8820 5.9668 24.1726 2.9302 0.2940
Pedestrian -1 -1 -0.2529 1410.8831 879.0698 1508.2529 1075.8451 1.6174 0.6292 0.7204 4.5045 3.9807 13.5530 0.1086 0.2916
Pedestrian -1 -1 -0.1540 1282.5394 779.0173 1317.4062 859.6144 1.4721 0.6546 0.5784 6.5671 4.4986 29.0140 0.0904 0.2453
Pedestrian -1 -1 -1.8714 1409.7595 849.1170 1473.5408 963.1154 1.4201 0.6425 0.8345 6.6560 4.5955 20.7493 -1.5312 0.2248
Pedestrian -1 -1 -0.0007 695.9069 728.9606 740.5059 881.6817 1.7608 0.6256 0.5229 -2.9372 3.0427 18.0713 -0.1632 0.2113
Pedestrian -1 -1 -1.8812 1588.0178 919.0270 1655.8293 1060.4542 1.6148 0.6405 0.6113 8.3273 5.3941 18.8678 -1.4302 0.1851
Cyclist -1 -1 -0.0728 1385.2413 881.5630 1484.4094 1087.0640 1.6506 0.6739 0.8332 4.2726 4.0491 13.5385 0.2723 0.1143
Cyclist -1 -1 -1.5258 633.4216 845.2905 770.9810 1197.4043 1.7835 0.7488 0.9093 -1.4927 3.1410 8.7079 -1.7132 0.1107
Car -1 -1 0.1539 273.9871 1022.1661 764.1177 1216.0000 1.2739 1.8001 3.7366 -3.5510 4.9328 12.6378 -0.1306 0.3754
Car -1 -1 -1.5774 1224.3290 773.8792 1314.1018 868.3369 1.4030 1.6886 3.7307 6.3106 4.6448 30.5370 -1.3530 0.2211
Car -1 -1 -0.4221 1649.9309 839.8073 1832.1102 908.0632 1.5115 1.8150 4.0293 21.2606 7.5425 40.9001 0.0806 0.2063
