Pedestrian -1 -1 -1.5574 626.0867 907.5438 770.1366 1216.0000 1.7958 0.7728 0.8795 -1.5077 3.5119 8.5785 -1.7482 0.6202
Pedestrian -1 -1 1.6925 740.3783 868.3854 788.3235 986.7826 1.6383 0.6344 0.6140 -2.9272 5.3140 22.2676 1.5682 0.4749
Pedestrian -1 -1 -0.3243 1404.6206 898.6738 1505.8846 1099.1345 1.6738 0.6558 0.7293 4.5321 4.2542 13.7553 0.0336 0.4632
Pedestrian -1 -1 0.8759 1286.0483 906.4614 1397.3729 1110.7354 1.6367 0.6711 0.7577 3.5004 4.3239 13.7910 1.1586 0.4306
Pedestrian -1 -1 -1.6412 1052.8274 945.4640 1110.9376 1098.2311 1.7615 0.7090 0.7946 1.5534 5.9987 19.3594 -1.5429 0.3988
Pedestrian -1 -1 0.2138 652.5945 747.2226 720.7688 916.4423 1.6982 0.6156 0.5926 -2.8906 3.0147 15.7798 0.0275 0.2798
Pedestrian -1 -1 1.2326 1584.3673 918.2422 1654.5494 1064.8131 1.6933 0.6721 0.5662 8.2981 5.4575 18.8711 1.6820 0.2403
Pedestrian -1 -1 -1.5821 1058.8574 960.8665 1110.6765 1107.2726 1.6520 0.6317 0.5506 1.5347 5.8908 18.5653 -1.4810 0.2316
Pedestrian -1 -1 -0.8110 524.6323 870.9844 584.8181 979.5861 1.5896 0.6261 0.7202 -6.6477 5.6922 24.4656 -1.0745 0.2250
Cyclist -1 -1 -1.3512 319.9925 875.3842 427.7951 1069.7655 1.6592 0.7041 2.0222 -6.4582 4.6062 16.5393 -1.7353 0.2275
Cyclist -1 -1 -1.5570 626.1688 902.6056 773.6564 1216.0000 1.8120 0.7924 0.9312 -1.5034 3.5097 8.6148 -1.7463 0.1349
Cyclist -1 -1 -0.2260 1401.8252 898.9861 1509.7167 1101.5745 1.6708 0.6649 0.8331 4.5354 4.2628 13.7579 0.1320 0.1135
Car -1 -1 0.1242 273.4648 1040.9586 784.9158 1216.0000 1.2887 1.8669 3.9030 -3.4959 5.1629 12.7047 -0.1535 0.4779
Car -1 -1 2.5453 1777.5411 865.4468 1936.0000 936.3692 1.5001 1.7636 3.8280 23.6134 7.9043 38.8825 3.1154 0.3436
Car -1 -1 -1.5700 1215.7914 798.9532 1310.2916 904.9890 1.5421 1.7924 3.9571 6.2658 5.3813 30.8589 -1.3494 0.3256
