Pedestrian -1 -1 -1.5329 615.2816 933.6828 755.5846 1216.0000 1.7907 0.7524 0.8022 -1.5651 3.6501 8.5490 -1.7313 0.6396
Pedestrian -1 -1 -0.3389 1391.0907 928.9089 1496.3171 1127.2566 1.6771 0.6608 0.7766 4.5060 4.5921 14.0046 0.0105 0.4618
Pedestrian -1 -1 1.2720 1271.4631 935.9517 1356.3245 1122.8889 1.5825 0.6331 0.6310 3.3098 4.5777 14.0732 1.5351 0.3818
Pedestrian -1 -1 3.0963 710.5122 759.9808 745.8060 860.4502 1.6346 0.6774 0.5733 -4.0190 3.9967 25.7617 2.9458 0.2829
Pedestrian -1 -1 -0.1047 1438.6840 931.2141 1491.4484 1073.2379 1.7549 0.6128 0.6401 6.8914 6.0261 20.4762 0.2492 0.2825
Cyclist -1 -1 -0.2698 1388.3103 928.5619 1500.3846 1128.5446 1.6785 0.6559 0.8715 4.5126 4.5971 14.0116 0.0799 0.1356
Cyclist -1 -1 -1.5302 613.5559 927.7776 761.6054 1216.0000 1.8034 0.7941 0.8787 -1.5571 3.6427 8.5862 -1.7265 0.1011
Car -1 -1 1.7491 505.9767 741.6962 752.4693 951.2109 1.6881 1.9230 4.6465 -3.5873 3.2022 17.0305 1.5362 0.3518
Car -1 -1 2.0065 145.2713 775.3115 287.3499 850.3011 1.4270 1.7747 3.8926 -18.9940 5.4789 38.3170 1.5467 0.2771
Car -1 -1 -1.6033 1230.6840 791.4538 1325.8461 897.5375 1.5725 1.8020 3.9297 6.5124 5.2451 30.8724 -1.3749 0.2153
