Pedestrian -1 -1 -1.6022 620.5467 951.4494 761.3737 1216.0000 1.7406 0.7477 0.7854 -1.5474 3.6950 8.4832 -1.7998 0.6026
Pedestrian -1 -1 2.7519 1391.3334 966.4390 1488.4218 1166.6384 1.6787 0.6398 0.6879 4.4754 4.9559 14.0150 3.0984 0.5506
Pedestrian -1 -1 1.3490 1262.6663 978.5681 1342.6825 1170.5508 1.6239 0.6281 0.6711 3.2482 5.0801 14.2688 1.6038 0.4269
Pedestrian -1 -1 -1.6043 1056.7615 944.6635 1113.3684 1098.4508 1.7479 0.7124 0.8491 1.5910 5.9716 19.3055 -1.5037 0.3522
Pedestrian -1 -1 -0.0132 705.1620 757.4533 750.1763 909.1223 1.7920 0.6215 0.5452 -2.9146 3.4751 18.6364 -0.1680 0.3009
Pedestrian -1 -1 -1.5972 369.3734 720.4944 439.9261 922.8272 1.8595 0.6142 0.5298 -5.3823 2.8067 14.4527 -1.9753 0.2870
Pedestrian -1 -1 -0.8556 1425.6543 929.1226 1493.5714 1065.3699 1.6749 0.6195 0.6450 6.9014 5.9765 20.7182 -0.5050 0.2671
Pedestrian -1 -1 0.0929 1147.2550 804.1694 1198.7941 901.6584 1.4429 0.6882 0.7509 3.4211 4.3869 24.1318 0.2533 0.2540
Pedestrian -1 -1 1.2475 1606.0758 1050.2074 1709.5839 1216.0000 1.6774 0.6518 0.5607 5.7783 5.3060 12.4301 1.7308 0.2343
Cyclist -1 -1 -0.2636 1386.1389 966.9095 1490.3036 1167.7792 1.6692 0.6588 0.8025 4.4581 4.9577 14.0179 0.0817 0.1222
Cyclist -1 -1 -1.6007 621.2770 947.5043 767.5338 1216.0000 1.7424 0.7797 0.8326 -1.5338 3.6840 8.5077 -1.7959 0.1085
Car -1 -1 0.8635 389.2408 754.9156 755.5828 942.4924 1.5105 1.7254 3.9201 -4.3049 3.0919 16.3734 0.5965 0.3334
Car -1 -1 -1.7260 1272.9017 805.0739 1384.0905 903.7941 1.4402 1.7373 3.6536 7.4650 5.3676 30.6892 -1.4658 0.2789
Car -1 -1 2.0138 157.5343 776.2597 298.2787 850.2678 1.4331 1.7807 3.9062 -19.0066 5.5736 38.9462 1.5607 0.2666
Car -1 -1 1.9870 283.2202 779.6830 399.9692 845.6591 1.4947 1.7912 4.0131 -18.7534 6.4086 45.4441 1.5999 0.2499
Car -1 -1 -0.4583 1769.2576 853.4163 1936.0000 927.5042 1.5681 1.8219 3.8818 23.8498 7.7954 39.6380 0.1075 0.2326
