Pedestrian -1 -1 -1.5378 627.8979 880.5708 770.4172 1216.0000 1.7829 0.7695 0.8686 -1.5016 3.3412 8.6255 -1.7275 0.6758
Pedestrian -1 -1 -1.6710 1052.1465 853.3972 1102.3733 986.6553 1.6148 0.6037 0.6229 1.5079 4.6437 19.5095 -1.5765 0.5549
Pedestrian -1 -1 1.2141 1306.7579 861.1348 1404.8826 1059.0330 1.6116 0.6504 0.7658 3.5612 3.8147 13.5431 1.5070 0.4715
Pedestrian -1 -1 0.2027 538.6270 771.3569 590.8404 909.3839 1.7068 0.6281 0.5461 -5.1712 3.6513 19.5238 -0.0614 0.4588
Pedestrian -1 -1 1.6176 749.8738 865.8487 797.5620 988.9470 1.6708 0.6617 0.6189 -2.7452 5.2580 21.9311 1.4997 0.4511
Pedestrian -1 -1 -2.8993 1722.4690 839.0630 1838.7096 960.8752 1.0915 0.5958 0.9516 8.6920 3.4433 15.8743 -2.3508 0.4422
Pedestrian -1 -1 -0.0364 1429.5797 875.3427 1508.4677 1076.7946 1.6253 0.6324 0.6585 4.5764 3.9513 13.4822 0.3322 0.3763
Pedestrian -1 -1 -2.9130 1276.2777 862.3171 1342.6884 968.3557 1.2498 0.6767 0.7262 4.7043 4.5297 20.1913 -2.6581 0.3703
Pedestrian -1 -1 1.4800 925.4701 793.5354 948.1398 850.8589 1.6794 0.6533 0.6091 -0.7565 6.9169 46.1118 1.4763 0.3702
Pedestrian -1 -1 -1.7503 1164.8893 901.5856 1235.1528 1068.1842 1.6108 0.6406 0.6991 2.5420 4.6312 15.9743 -1.5680 0.2442
Pedestrian -1 -1 -1.9489 1411.7866 861.9963 1476.9738 959.2474 1.1774 0.5954 0.8828 6.6970 4.5404 20.7598 -1.6069 0.2309
Pedestrian -1 -1 -1.4087 515.1793 868.0703 560.5140 975.2583 1.5982 0.6120 0.6317 -6.8542 5.5943 24.2264 -1.6833 0.2175
Cyclist -1 -1 -1.5308 628.8623 877.7173 773.8436 1216.0000 1.7844 0.7868 0.9121 -1.4953 3.3388 8.6855 -1.7181 0.1431
Cyclist -1 -1 -2.9622 1720.5212 838.5426 1838.2092 961.3524 1.0951 0.6389 0.9761 8.6712 3.4409 15.8571 -2.4143 0.1016
Car -1 -1 1.2999 1776.4756 844.7360 1901.2350 934.7933 1.5682 1.8585 4.2482 23.1206 7.7220 39.5627 1.8529 0.2306
Car -1 -1 -1.5373 1232.9703 771.2124 1329.6997 872.2070 1.5274 1.7199 3.6706 6.5562 4.6971 30.4001 -1.3039 0.2239
Car -1 -1 0.3384 179.0542 1027.0479 701.2827 1216.0000 1.3363 1.8465 3.6526 -4.1252 4.8929 12.3017 -0.0004 0.2122
