Pedestrian -1 -1 -1.4591 631.1119 869.8575 776.2953 1216.0000 1.7587 0.7519 0.8448 -1.4731 3.2539 8.6793 -1.6442 0.4973
Pedestrian -1 -1 1.6556 749.1205 826.8099 798.5820 946.5815 1.6054 0.6498 0.6563 -2.6923 4.5577 21.5270 1.5366 0.4627
Pedestrian -1 -1 -0.2582 1460.2030 836.1721 1556.3225 1049.7809 1.7273 0.6709 0.6702 4.8224 3.6480 13.2176 0.1358 0.4575
Pedestrian -1 -1 1.0385 1308.5919 848.9256 1414.1058 1045.9760 1.5830 0.6483 0.7222 3.5780 3.6559 13.4108 1.3357 0.4545
Pedestrian -1 -1 1.4645 925.8553 782.6445 948.3055 839.3911 1.6427 0.6274 0.6379 -0.7397 6.4894 45.5958 1.4608 0.3747
Pedestrian -1 -1 -1.6040 1054.6304 829.4542 1102.3749 965.1139 1.6489 0.6124 0.6586 1.5288 4.3737 19.5729 -1.5088 0.3461
Pedestrian -1 -1 0.1225 532.3559 750.8297 581.4707 894.7067 1.7625 0.6145 0.5430 -5.2033 3.4137 19.2648 -0.1476 0.3312
Pedestrian -1 -1 -1.6579 1169.8252 957.1313 1233.3755 1138.1266 1.7147 0.6213 0.5674 2.5047 5.2558 15.6268 -1.4741 0.2473
Pedestrian -1 -1 1.4025 1834.4379 985.3954 1936.0000 1216.0000 1.6521 0.6537 0.6033 7.1191 4.5233 11.4976 2.0167 0.2126
Pedestrian -1 -1 -3.4218 1751.0023 812.1923 1843.8802 953.8783 1.3333 0.6663 0.7112 8.7071 3.3389 15.5957 -2.8638 0.1946
Pedestrian -1 -1 1.3662 906.5154 783.2448 929.4640 840.1179 1.6359 0.5981 0.5583 -1.3108 6.4614 45.2353 1.3494 0.1937
Pedestrian -1 -1 1.8908 1442.4274 820.6864 1504.0922 932.2326 1.3704 0.6130 0.6345 6.9697 4.0928 20.3546 2.2523 0.1832
Cyclist -1 -1 -1.4590 630.3615 865.1324 780.2748 1210.2756 1.7625 0.7828 0.8948 -1.4774 3.2476 8.7708 -1.6423 0.1307
Car -1 -1 -2.8229 221.3467 977.3147 732.6500 1210.3583 1.3637 1.8028 3.6515 -3.8588 4.4967 12.3904 -3.1400 0.3464
Car -1 -1 3.3515 0.0000 827.3471 413.3398 1022.1785 1.4620 1.7184 3.6332 -7.5980 3.7088 15.2791 2.8680 0.2733
Car -1 -1 -1.6129 1600.0688 801.6188 1678.4918 885.0391 1.6047 1.8465 4.0988 18.3235 6.6605 40.5362 -1.1652 0.1847
