Pedestrian -1 -1 -0.2550 1469.3374 842.1198 1557.2926 1055.3495 1.7115 0.6604 0.5991 4.8342 3.6716 13.1252 0.1425 0.5026
Pedestrian -1 -1 1.4876 926.2054 787.3165 948.5971 846.4426 1.7095 0.6373 0.6469 -0.7287 6.6903 45.5101 1.4843 0.4899
Pedestrian -1 -1 2.7667 1343.5065 830.3731 1442.9557 1036.9014 1.6848 0.6255 0.6738 3.7999 3.5425 13.1892 3.0859 0.4379
Pedestrian -1 -1 1.7471 745.3308 805.1335 796.6053 919.0830 1.5316 0.6299 0.6074 -2.7227 4.1536 21.4347 1.6254 0.4324
Pedestrian -1 -1 -1.6183 1053.8379 818.0740 1101.5676 952.2982 1.6394 0.6031 0.6376 1.5172 4.2086 19.5560 -1.5237 0.4244
Pedestrian -1 -1 -0.2696 1353.7319 850.6736 1425.2699 1022.9178 1.5609 0.6200 0.5477 4.2067 3.8315 14.7176 0.0443 0.2356
Pedestrian -1 -1 -1.6836 1170.8411 910.4855 1233.5275 1084.7987 1.6722 0.5999 0.5707 2.5156 4.7204 15.6553 -1.4993 0.2348
Pedestrian -1 -1 -2.8375 527.5883 732.0283 589.5762 870.6856 1.7049 0.6241 0.6129 -5.1660 3.1040 19.2081 -3.1073 0.1917
Pedestrian -1 -1 1.4740 1130.1335 1045.0077 1247.4888 1216.0000 1.6706 0.6299 0.5973 1.2944 4.1753 8.5908 1.6584 0.1878
Pedestrian -1 -1 -1.6799 1105.3872 821.1500 1152.8357 951.5244 1.6152 0.5734 0.5219 2.1953 4.2221 19.5982 -1.5490 0.1729
Cyclist -1 -1 -1.4766 622.0842 807.6971 801.2889 1167.2915 1.6863 0.9064 1.9064 -1.4434 2.9074 9.0027 -1.6517 0.4597
Cyclist -1 -1 -0.2625 1324.8500 826.1058 1437.5221 1031.1995 1.6715 0.6512 0.8339 3.6965 3.4955 13.2110 0.0484 0.1096
Car -1 -1 -1.7604 1604.8365 813.0792 1707.8662 900.9078 1.6657 1.8445 4.2097 18.6893 7.0329 40.3787 -1.3038 0.2200
Car -1 -1 -0.3688 1769.2678 814.1028 1936.0000 898.0275 1.7156 1.8936 4.7375 23.6207 6.7500 38.3750 0.2086 0.1785
Car -1 -1 1.0785 1703.4075 832.2584 1880.2032 931.2652 1.5299 1.8499 4.1211 18.7457 6.5315 33.9766 1.6092 0.1754
