Pedestrian -1 -1 -1.4566 641.1326 757.5698 775.1571 1078.6866 1.6910 0.6906 0.8163 -1.4471 2.4980 8.6639 -1.6426 0.5862
Pedestrian -1 -1 1.7735 724.2943 762.4383 782.0864 890.4156 1.6834 0.6593 0.7643 -2.9071 3.6467 20.9428 1.6385 0.4840
Pedestrian -1 -1 -1.6751 1053.8121 775.6461 1101.6963 906.9135 1.6404 0.5788 0.5823 1.5265 3.6515 19.6571 -1.5806 0.4095
Pedestrian -1 -1 -0.3308 1367.0895 808.8557 1484.0864 1015.1729 1.6476 0.6521 0.8082 3.9805 3.2704 12.8619 0.0109 0.3396
Pedestrian -1 -1 1.5138 924.7163 785.2974 947.4724 844.3722 1.6867 0.6550 0.6447 -0.7582 6.5388 44.8959 1.5095 0.3336
Pedestrian -1 -1 3.1596 321.1924 753.4447 380.1893 910.4869 1.5411 0.6655 0.5648 -6.4375 2.9324 15.7705 2.7518 0.2544
Pedestrian -1 -1 1.5865 349.2513 741.9849 420.8145 918.3027 1.6668 0.6610 0.6252 -5.8151 2.8808 15.0948 1.1982 0.2173
Pedestrian -1 -1 2.8722 708.1406 770.9297 758.1225 886.9549 1.5833 0.6300 0.5755 -3.3333 3.7546 21.8310 2.7234 0.2125
Pedestrian -1 -1 -3.2641 1440.4993 832.6057 1564.6727 1014.3245 1.4572 0.7005 1.0041 4.8807 3.4028 13.5378 -2.8745 0.1999
Pedestrian -1 -1 -0.2743 1495.9716 835.5123 1633.4757 1033.2107 1.5022 0.6693 0.9509 5.0783 3.3382 12.6311 0.1569 0.1965
Pedestrian -1 -1 1.3847 1142.8417 930.8238 1268.0408 1216.0000 1.4846 0.6079 0.6337 1.3618 3.2732 8.4227 1.5823 0.1951
Pedestrian -1 -1 1.4182 344.0192 701.6035 429.1061 936.6956 2.0010 0.6141 0.6125 -5.1620 2.7112 13.4246 1.0256 0.1841
Pedestrian -1 -1 -1.3866 748.1141 912.0305 824.6544 1099.9054 1.5962 0.6108 0.6041 -1.6318 4.3491 14.0149 -1.5003 0.1735
Cyclist -1 -1 -0.2570 1382.4963 808.2740 1513.5045 1018.0960 1.6579 0.6622 0.9510 4.1661 3.2799 12.8510 0.0993 0.1397
Car -1 -1 -1.6074 666.8651 773.4723 762.3536 875.0192 1.5002 1.7595 3.6613 -4.9698 4.6579 29.8163 -1.7670 0.1788
