Pedestrian -1 -1 -1.6315 1055.2120 744.6107 1104.9116 880.1562 1.6842 0.6184 0.7771 1.5571 3.2920 19.6859 -1.5357 0.5968
Pedestrian -1 -1 2.7062 1417.9429 719.6978 1539.5454 948.1620 1.7835 0.6749 0.7472 4.2534 2.5877 12.3291 3.0855 0.5407
Pedestrian -1 -1 -1.5618 635.3536 708.4898 764.3969 1038.0360 1.7929 0.7175 0.8181 -1.5482 2.3134 8.8423 -1.7570 0.5330
Pedestrian -1 -1 1.4651 914.5762 793.0198 938.0824 853.5382 1.6850 0.6344 0.6296 -1.0286 6.6629 43.9290 1.4542 0.4131
Pedestrian -1 -1 -3.5162 1535.5800 718.7693 1650.5419 940.8978 1.7374 0.6405 0.7071 5.1983 2.5335 12.3362 -3.0643 0.2751
Cyclist -1 -1 2.7092 1426.4504 717.8270 1559.4103 947.9991 1.8004 0.6621 0.8459 4.3692 2.5882 12.3289 3.0977 0.1173
Car -1 -1 0.4441 63.7396 855.9180 648.0537 1100.0010 1.4283 1.8045 3.7919 -4.5327 3.3710 11.5932 0.0427 0.6338
Car -1 -1 -1.6137 701.4389 760.4634 795.7289 856.2211 1.4099 1.7190 3.8795 -4.3106 4.3092 29.9201 -1.7507 0.3259
Car -1 -1 -1.5769 656.2066 758.1355 739.1390 843.5245 1.4503 1.7574 4.0024 -6.0152 4.6821 34.1499 -1.7453 0.3162
Car -1 -1 2.0147 245.0007 834.8625 383.6086 920.6155 1.5671 1.7998 3.9200 -16.8263 7.3371 39.0998 1.6126 0.2916
