Pedestrian -1 -1 -1.2904 634.5274 681.7565 786.5445 1015.1883 1.8568 0.6815 0.9402 -1.4867 2.2180 8.9992 -1.4743 0.6991
Pedestrian -1 -1 -0.5572 1655.0238 707.7291 1809.4226 938.5369 1.6767 0.6529 0.8404 5.8804 2.3288 11.4385 -0.0189 0.5761
Pedestrian -1 -1 1.5274 913.4850 790.4894 937.2520 854.2296 1.7187 0.6551 0.6849 -1.0243 6.4707 42.5549 1.5157 0.5113
Pedestrian -1 -1 -3.5395 1526.9517 704.0972 1654.0206 936.0914 1.7172 0.6670 0.7318 4.8924 2.3536 11.6635 -3.0864 0.3009
Pedestrian -1 -1 3.1857 701.5612 773.5507 773.7045 954.9059 1.4887 0.6256 0.6050 -1.9632 2.8334 13.1836 3.0322 0.2819
Pedestrian -1 -1 -3.3455 1676.1676 699.9957 1787.0366 953.0119 1.7220 0.6205 0.6330 5.5544 2.2849 10.8117 -2.8043 0.1652
Cyclist -1 -1 -3.6522 1653.6075 705.0636 1815.6366 937.4600 1.6895 0.6574 0.9065 5.9023 2.3216 11.4494 -3.1128 0.1810
Cyclist -1 -1 -1.2886 632.8737 677.7888 787.0213 1015.2427 1.8740 0.6858 0.9581 -1.4855 2.2095 8.9750 -1.4730 0.1653
Car -1 -1 -1.3768 676.5018 778.6565 758.8079 841.9216 1.5896 1.9028 4.3185 -8.1616 7.0036 50.4584 -1.5276 0.1861
Car -1 -1 -1.4879 638.6875 788.2142 788.6440 937.7528 1.5711 1.8579 4.1356 -3.6177 4.2604 22.4950 -1.6440 0.1751
