Pedestrian -1 -1 -1.4954 637.5299 721.8680 761.6968 1048.1102 1.7516 0.6705 0.8594 -1.5155 2.3506 8.7721 -1.6882 0.7469
Pedestrian -1 -1 1.6067 726.3568 724.9633 775.5815 851.9564 1.6536 0.6411 0.8081 -2.8887 3.0607 20.5927 1.4690 0.5411
Pedestrian -1 -1 -0.3694 1412.7864 739.6758 1519.3087 974.1848 1.8619 0.6892 0.6620 4.2258 2.8521 12.5559 0.0005 0.5238
Pedestrian -1 -1 -1.6522 1056.8247 753.6746 1106.5363 887.3194 1.6734 0.6115 0.6632 1.5813 3.3996 19.7094 -1.5551 0.4534
Pedestrian -1 -1 2.6150 1539.2560 748.1522 1647.2432 984.1656 1.8415 0.6459 0.5931 5.2177 2.8896 12.3724 3.0662 0.3788
Pedestrian -1 -1 1.4770 915.5286 798.0748 939.0536 857.4995 1.6666 0.6484 0.6114 -1.0076 6.8297 44.2478 1.4668 0.3769
Pedestrian -1 -1 -0.0924 1458.7362 776.7321 1566.4155 966.5839 1.5312 0.7049 0.8639 4.8761 2.9261 13.2725 0.3052 0.2682
Cyclist -1 -1 -1.4964 638.3430 718.9908 765.1578 1049.3051 1.7721 0.6856 0.9265 -1.5073 2.3577 8.8078 -1.6872 0.1564
Car -1 -1 -1.5894 698.3920 775.3647 797.1696 881.8010 1.5484 1.8276 4.0476 -4.2966 4.7769 29.9472 -1.7253 0.5527
Car -1 -1 -1.5056 580.2603 757.7880 722.5457 902.8299 1.6599 1.8779 4.0562 -4.6980 3.9081 23.1634 -1.7049 0.4210
Car -1 -1 2.0296 246.8640 834.3717 383.0457 917.5978 1.5228 1.7480 3.8143 -16.8364 7.2806 39.1520 1.6278 0.2636
