Pedestrian -1 -1 -1.3498 638.6835 673.0338 781.1159 1000.4970 1.8138 0.6728 0.8616 -1.4686 2.1131 8.8556 -1.5356 0.6017
Pedestrian -1 -1 1.6731 705.1644 716.0071 763.1910 855.2177 1.7022 0.6603 0.7915 -2.9130 2.8992 19.2355 1.5227 0.5748
Pedestrian -1 -1 -0.7469 1632.1233 696.2277 1782.4274 938.4875 1.7768 0.7275 0.7603 5.8059 2.3542 11.6660 -0.2238 0.4500
Pedestrian -1 -1 1.5254 913.6626 783.3661 937.9672 849.3070 1.7928 0.6720 0.6554 -1.0142 6.3511 42.6698 1.5140 0.3790
Pedestrian -1 -1 -3.3976 1513.3448 689.7755 1658.7649 937.2828 1.8237 0.7320 0.9218 4.8670 2.3508 11.7017 -2.9479 0.3543
Pedestrian -1 -1 -1.3884 541.7042 699.8557 619.9934 900.4786 1.7895 0.6231 0.5278 -3.5139 2.4979 13.8432 -1.6525 0.2656
Pedestrian -1 -1 -3.6590 1659.8381 687.1892 1806.2300 946.7764 1.7855 0.7086 0.7026 5.5676 2.2514 10.8229 -3.1172 0.2197
Pedestrian -1 -1 -0.8437 706.7398 744.0007 798.5230 959.0416 1.7825 0.6107 0.5214 -1.8414 2.8652 13.2092 -0.9868 0.2154
Cyclist -1 -1 -3.4540 1567.8638 692.9120 1717.4653 936.8240 1.8024 0.7227 0.9144 5.3216 2.3555 11.7270 -2.9699 0.1202
Cyclist -1 -1 -1.3539 638.7576 671.8129 784.4189 999.6959 1.8130 0.6854 0.9168 -1.4596 2.1061 8.8728 -1.5381 0.1179
Car -1 -1 1.6395 1359.9355 814.5374 1451.0010 904.0316 1.5705 1.8570 4.1345 11.3659 6.6896 38.1038 1.9503 0.2315
Car -1 -1 1.8421 11.6515 797.5431 142.5871 880.7150 1.5129 1.8657 4.1874 -22.8767 6.2606 38.8616 1.3108 0.2132
Car -1 -1 -2.5045 0.0000 773.9979 313.1179 933.9293 1.7387 1.9867 4.4830 -11.2233 3.8305 19.7586 -3.0370 0.2078
