Pedestrian -1 -1 -1.3409 644.9842 682.0344 790.7147 1009.3314 1.8467 0.7180 0.7682 -1.4439 2.2052 8.9801 -1.5200 0.5970
Pedestrian -1 -1 -1.6768 1049.5771 732.7095 1101.1696 862.0079 1.6283 0.6227 0.6408 1.4975 3.0719 19.6989 -1.5844 0.5586
Pedestrian -1 -1 -0.7990 1626.9869 694.0248 1769.8510 927.5209 1.7359 0.6699 0.7572 5.8049 2.3010 11.7976 -0.2812 0.3961
Pedestrian -1 -1 1.4528 915.6539 787.3094 939.6630 849.2202 1.7094 0.6354 0.6264 -0.9796 6.4702 43.4853 1.4427 0.3662
Pedestrian -1 -1 -0.4682 1480.1351 696.6663 1591.7045 933.1224 1.8020 0.6674 0.6150 4.5827 2.3925 11.9569 -0.0503 0.3067
Pedestrian -1 -1 -2.6084 408.8099 703.6981 504.5144 925.9576 1.8583 0.6423 0.5529 -4.4218 2.5694 13.1297 -2.9568 0.2557
Cyclist -1 -1 -1.9643 1586.7433 956.6292 1732.1433 1185.0170 1.7003 0.6666 2.0752 7.0810 5.3247 15.2780 -1.4888 0.2400
Car -1 -1 1.2903 1374.9155 822.3350 1495.1779 909.8587 1.5368 1.8977 4.1847 11.9580 6.8375 38.0162 1.6163 0.2887
Car -1 -1 0.5619 0.0000 791.2767 256.8679 938.8324 1.6236 1.8286 4.0628 -11.6349 3.8935 19.4748 0.0067 0.2554
Car -1 -1 -1.4021 544.7749 790.7938 715.5618 932.3247 1.4847 1.8450 4.1390 -4.9138 4.2409 22.7371 -1.6143 0.2065
