Pedestrian -1 -1 1.6895 743.2994 778.5586 794.5890 900.0229 1.6320 0.6484 0.6421 -2.7251 3.8468 21.2321 1.5658 0.5743
Pedestrian -1 -1 1.5065 926.5324 785.7256 948.1108 843.3310 1.6637 0.6232 0.6450 -0.7301 6.5884 45.4491 1.5030 0.4170
Pedestrian -1 -1 -1.3669 659.8549 764.3282 802.5594 1091.6754 1.7297 0.6791 0.8034 -1.3149 2.5765 8.6681 -1.5350 0.3826
Pedestrian -1 -1 0.1789 1364.0833 817.4868 1477.0233 1031.7964 1.6673 0.6246 0.8191 3.9831 3.3975 12.9608 0.5181 0.3560
Pedestrian -1 -1 -1.6172 1058.5497 787.8510 1102.2871 918.5102 1.6259 0.5562 0.5597 1.5600 3.7973 19.6345 -1.5208 0.3436
Pedestrian -1 -1 -0.2807 1501.5441 827.2102 1607.0974 1030.8344 1.6075 0.6408 0.7178 5.1052 3.4033 12.9063 0.1435 0.2218
Pedestrian -1 -1 1.7699 750.1821 917.9250 827.5623 1102.2622 1.5617 0.6115 0.6176 -1.6144 4.3835 14.0666 1.6581 0.2061
Pedestrian -1 -1 -1.6380 1105.9850 789.1019 1148.9855 917.8526 1.6128 0.5389 0.4851 2.1805 3.7990 19.6520 -1.5083 0.1849
Cyclist -1 -1 -0.0117 1383.6969 816.8256 1499.2909 1029.5426 1.6587 0.6385 0.9308 4.1602 3.3783 12.9419 0.3415 0.1767
Car -1 -1 -2.0460 1622.8149 764.4969 1936.0000 967.1440 1.6150 1.8390 3.9086 9.0636 3.3620 16.7027 -1.5029 0.3248
Car -1 -1 1.1285 1711.9001 841.2366 1876.7153 939.6942 1.5127 1.8389 3.8932 18.7612 6.7063 33.8802 1.6607 0.2199
Car -1 -1 -2.7532 155.1821 951.2651 682.6519 1186.7844 1.3441 1.7514 3.6016 -4.2238 4.1759 12.0451 -3.1107 0.2095
Car -1 -1 -1.8887 1554.7805 809.2442 1669.9182 887.5895 1.4993 1.7853 3.8408 17.3745 6.6884 40.0855 -1.4567 0.2033
