Pedestrian -1 -1 -1.6035 1053.2410 736.6803 1101.7292 868.3168 1.6394 0.6243 0.7556 1.5240 3.1411 19.6937 -1.5096 0.5730
Pedestrian -1 -1 -3.4550 1426.2443 719.6931 1533.6046 955.9975 1.8305 0.6972 0.6708 4.2359 2.6306 12.2519 -3.0748 0.5594
Pedestrian -1 -1 -1.4851 637.3360 710.9844 755.6912 1022.2463 1.7107 0.6431 0.6784 -1.5428 2.2386 8.7976 -1.6813 0.5466
Pedestrian -1 -1 1.4544 915.4503 794.3600 940.2875 856.1125 1.7121 0.6632 0.6617 -0.9821 6.7244 43.8625 1.4446 0.4741
Pedestrian -1 -1 -0.3132 1439.4423 733.6215 1545.5004 945.5861 1.7428 0.6436 0.7241 4.6053 2.7132 12.9998 0.0730 0.3029
Pedestrian -1 -1 0.1598 1149.5944 769.7250 1214.5383 938.0201 1.5867 0.6056 0.5478 2.2368 3.0875 15.1210 0.3310 0.2575
Car -1 -1 1.3295 1383.5488 820.6464 1497.2042 909.6697 1.5667 1.8733 4.2690 12.1668 6.8611 38.2393 1.6588 0.2869
Car -1 -1 -1.5715 697.4777 755.7587 791.0211 853.6488 1.4783 1.7472 3.9260 -4.3629 4.2990 30.1693 -1.7091 0.2785
Car -1 -1 -1.4799 562.8536 792.9410 715.9788 937.0335 1.4834 1.8884 4.3905 -4.8380 4.3278 23.0239 -1.6858 0.2681
Car -1 -1 1.1369 1862.8971 829.0700 1936.0000 925.6954 1.4857 1.8089 4.1105 22.5841 6.4791 34.3928 1.7455 0.2217
