Pedestrian -1 -1 -1.4206 637.0185 747.9223 776.0152 1067.7837 1.7011 0.6931 0.8647 -1.4682 2.4567 8.7402 -1.6076 0.7482
Pedestrian -1 -1 -0.2540 1406.0114 778.6686 1533.6062 995.9154 1.6954 0.6758 0.8972 4.2710 3.0318 12.6086 0.1175 0.4218
Pedestrian -1 -1 1.7227 723.7147 747.3352 780.4452 876.6773 1.6873 0.6644 0.7725 -2.8802 3.4093 20.6412 1.5864 0.4034
Pedestrian -1 -1 -1.4816 1070.9467 763.2527 1125.1036 902.7411 1.7266 0.6418 0.6675 1.8041 3.5832 19.6764 -1.3723 0.3729
Pedestrian -1 -1 1.5020 915.3641 784.0615 938.4525 845.7710 1.7481 0.6512 0.6814 -1.0276 6.5352 44.6133 1.4914 0.3104
Pedestrian -1 -1 -1.4657 748.3148 887.4880 822.2717 1062.4917 1.4866 0.6226 0.6461 -1.6404 4.0037 14.0087 -1.5810 0.2034
Cyclist -1 -1 -0.2977 1400.6072 773.0942 1650.5526 994.4919 1.6972 0.7997 1.8323 4.7223 2.9975 12.6246 0.1079 0.2252
Cyclist -1 -1 -1.4183 636.1336 746.6753 778.6526 1068.3951 1.7095 0.7079 0.9095 -1.4659 2.4613 8.7657 -1.6043 0.1374
Car -1 -1 2.0042 176.9931 719.0048 469.4076 881.0849 1.5874 1.8544 4.3293 -8.0568 2.9442 19.3735 1.5956 0.2201
Car -1 -1 1.2248 1766.7679 826.0974 1929.9878 930.0874 1.5533 1.8982 4.1960 19.6325 6.3369 33.3032 1.7849 0.2093
Car -1 -1 -1.6333 685.1030 752.7192 784.4617 850.6656 1.4778 1.7551 3.9593 -4.6340 4.2413 30.2124 -1.7799 0.1980
Car -1 -1 0.9993 1608.3331 738.0063 1936.0000 932.3141 1.5309 1.8174 4.3783 9.0654 2.9510 16.5656 1.5472 0.1716
Car -1 -1 1.1403 1853.8429 822.6586 1936.0000 943.0948 1.4739 1.8253 4.0035 18.1860 5.3870 27.4542 1.7577 0.1683
