Pedestrian -1 -1 -1.3176 691.7863 659.1813 839.3188 981.0822 1.7717 0.6740 0.8690 -1.1322 1.9842 8.7996 -1.4616 0.6896
Pedestrian -1 -1 1.6322 716.1921 777.3558 778.1013 935.2887 1.6305 0.6362 0.5898 -2.3382 3.3326 16.3762 1.4898 0.4448
Pedestrian -1 -1 1.4734 958.6218 759.9630 984.8286 825.5135 1.6592 0.6424 0.6369 0.2743 5.2672 39.6059 1.4930 0.3828
Pedestrian -1 -1 -2.4949 1806.7452 737.2451 1936.0000 1029.2792 1.7243 0.5790 0.5887 5.8317 2.4637 9.4763 -1.8632 0.2487
Pedestrian -1 -1 -1.4586 714.7275 829.6198 762.3617 922.8862 1.2888 0.6373 0.6279 -3.3326 4.4011 22.4107 -1.6021 0.2010
Cyclist -1 -1 -1.3170 690.5613 656.6118 841.8110 980.7523 1.7868 0.6869 0.9202 -1.1314 1.9847 8.8357 -1.4602 0.1057
Car -1 -1 -1.8677 1232.3195 754.2000 1604.2692 1044.7999 1.5395 1.7891 3.8417 3.3012 2.7097 11.5924 -1.5468 0.4143
Car -1 -1 -1.6500 736.9258 810.5020 872.9316 948.4664 1.3161 1.6684 3.6937 -2.3261 4.2316 21.5244 -1.7518 0.2952
Car -1 -1 -1.3882 560.3694 768.5626 745.7053 925.8942 1.5888 1.8072 4.0505 -4.1740 3.7890 20.8641 -1.5860 0.2447
Car -1 -1 1.4703 754.2332 809.6214 826.7112 880.6888 1.5501 1.8610 4.0662 -5.3123 7.5175 46.1301 1.3665 0.2246
