Pedestrian -1 -1 -1.4275 631.0602 653.1990 769.7322 968.7209 1.7365 0.6999 0.8730 -1.5081 1.9110 8.7656 -1.6217 0.7594
Pedestrian -1 -1 -0.6612 1781.8114 707.8949 1936.0000 949.7745 1.6484 0.6252 0.7588 6.4531 2.2633 10.7490 -0.0488 0.5154
Pedestrian -1 -1 1.5207 911.2279 787.6953 935.9004 852.9883 1.6982 0.6518 0.6869 -1.0382 6.2087 41.0701 1.5076 0.4811
Pedestrian -1 -1 -3.6956 1688.1718 698.6161 1841.7941 950.7274 1.6658 0.6418 0.7251 5.5697 2.1942 10.3946 -3.1330 0.4043
Pedestrian -1 -1 1.6727 680.3727 772.9846 742.9484 928.7426 1.7073 0.6578 0.5992 -2.8843 3.4541 17.3206 1.5063 0.3901
Cyclist -1 -1 -1.4299 630.9006 648.7568 772.6025 971.0221 1.7721 0.7136 0.9274 -1.5002 1.9198 8.7763 -1.6228 0.1446
Cyclist -1 -1 -0.6535 1767.4210 703.7681 1936.0000 952.0319 1.6923 0.6290 0.8412 6.3827 2.2763 10.7394 -0.0457 0.1200
Car -1 -1 -1.3256 520.1302 774.1729 718.3005 917.1875 1.4583 1.8305 4.2472 -4.8647 3.8563 21.8765 -1.5452 0.3060
Car -1 -1 -1.4853 697.6113 802.4214 778.5436 880.9675 1.5852 1.8457 4.0355 -6.1481 6.7646 41.5683 -1.6227 0.1937
Car -1 -1 -2.1478 597.9622 751.9307 751.4858 836.0527 1.5875 1.7994 4.0137 -7.0476 4.8691 36.5579 -2.3322 0.1860
