Pedestrian -1 -1 -1.4653 845.8296 658.4980 983.3864 979.9841 1.7640 0.7162 0.8503 -0.2549 1.9708 8.7519 -1.4927 0.6352
Pedestrian -1 -1 -1.7364 1234.1639 747.0076 1291.6356 887.4666 1.7004 0.6292 0.6877 3.8444 3.2891 19.0949 -1.5123 0.5531
Pedestrian -1 -1 1.6503 797.0521 767.5796 870.1880 949.4882 1.6977 0.6686 0.6847 -1.2582 3.1461 14.8379 1.5686 0.4802
Pedestrian -1 -1 1.4438 1076.8325 780.7510 1105.2555 853.4983 1.7481 0.6467 0.6280 3.2631 5.7040 37.6367 1.5457 0.3508
Pedestrian -1 -1 -1.6773 1182.4503 744.5613 1232.3613 884.5220 1.7376 0.5934 0.5623 3.1862 3.3135 19.3897 -1.4917 0.1474
Pedestrian -1 -1 -0.7859 827.0751 720.1492 939.8704 976.9366 1.7206 0.5995 0.5426 -0.5577 2.4291 10.7210 -0.8362 0.1470
Pedestrian -1 -1 1.5019 1058.4634 831.2856 1083.8253 899.0576 1.6869 0.6350 0.5949 2.8905 7.1633 39.3771 1.5904 0.1332
Cyclist -1 -1 -1.6205 772.0016 795.4353 805.8099 880.2726 1.7310 0.7238 2.1025 -4.1615 5.9622 36.0090 -1.7262 0.2050
Cyclist -1 -1 -1.4659 845.0524 653.4651 985.6316 980.5716 1.7936 0.7297 0.8962 -0.2493 1.9700 8.7583 -1.4925 0.1037
Car -1 -1 1.6235 1088.4006 796.3176 1163.3041 874.2390 1.5268 1.7479 3.8862 4.4977 6.4028 40.4693 1.7502 0.1668
Car -1 -1 2.2375 0.0000 762.5475 4.8410 902.8650 1.4531 1.7914 3.9650 -15.8591 3.6053 21.3890 1.5823 0.1427
Car -1 -1 2.0718 145.1107 775.0931 300.0926 853.1580 1.4653 1.8180 4.0155 -18.6639 5.4866 37.9919 1.6156 0.1390
