Pedestrian -1 -1 -1.3587 792.6310 670.4499 919.5525 977.5416 1.6563 0.5982 0.6732 -0.5890 1.9282 8.5513 -1.4338 0.5527
Pedestrian -1 -1 1.5327 762.1089 861.0786 831.8172 1043.9547 1.6954 0.6860 0.7471 -1.6958 4.1884 15.3662 1.4260 0.4471
Pedestrian -1 -1 -1.7897 1573.0421 706.6326 1677.1390 965.7959 1.8235 0.6306 0.5076 4.8953 2.4455 11.0538 -1.3127 0.3600
Pedestrian -1 -1 -1.6527 1179.9983 744.8021 1231.7712 879.9716 1.6302 0.6090 0.9055 3.1603 3.2220 19.3717 -1.4683 0.3370
Pedestrian -1 -1 -1.2842 774.6955 826.7150 823.1631 919.0984 1.2535 0.5639 0.6033 -2.4018 4.2913 22.1616 -1.3861 0.2192
Pedestrian -1 -1 1.5097 1159.8513 971.1962 1235.7524 1191.8043 1.6311 0.6014 0.5641 1.9482 4.5686 12.3685 1.6941 0.1926
Pedestrian -1 -1 -1.1575 647.4427 674.2052 773.3088 974.0495 1.6782 0.5676 0.5400 -1.4687 1.9793 8.8041 -1.3453 0.1487
Cyclist -1 -1 -1.6993 1175.1918 741.5107 1236.9935 881.1057 1.6318 0.6422 1.4673 3.1744 3.2098 19.4855 -1.5151 0.2247
Cyclist -1 -1 -2.3984 686.6284 769.2504 768.8947 850.8928 1.7605 0.7773 1.9661 -5.6601 5.3399 36.2084 -2.5459 0.1593
Car -1 -1 1.5524 815.2983 839.6659 888.9355 925.0699 1.5873 1.8705 3.9263 -2.9346 7.6299 40.0438 1.4910 0.2862
Car -1 -1 1.5227 822.4053 819.9131 888.2939 890.5463 1.5313 1.8731 3.9654 -3.2947 7.7915 45.9341 1.4630 0.2052
Car -1 -1 -1.4045 622.6782 765.1514 803.4841 917.7733 1.5251 1.7985 3.9924 -3.3039 3.6481 20.6318 -1.5618 0.1955
