Pedestrian -1 -1 1.3344 1570.6272 671.1285 1710.7311 969.4436 1.7667 0.6912 0.7451 4.2697 2.0726 9.4445 1.8300 0.6303
Pedestrian -1 -1 1.0731 1618.9901 686.7274 1753.3998 955.5957 1.7440 0.6314 0.5906 4.9023 2.1758 10.1411 1.5921 0.1752
Pedestrian -1 -1 -2.0026 1771.6553 798.1852 1810.7800 872.6042 1.6694 0.6135 0.6294 19.6942 5.8223 35.4949 -1.4693 0.1538
Pedestrian -1 -1 1.4011 211.9415 770.8621 315.2471 988.1171 1.5237 0.6008 0.6454 -5.3752 2.6905 11.5159 0.9267 0.1498
Cyclist -1 -1 -2.5855 1855.4615 771.3774 1936.0000 882.1073 1.7903 0.8065 1.8831 17.8561 4.6247 27.9130 -1.9834 0.1822
Car -1 -1 1.4074 1535.9115 812.7671 1635.2729 897.8528 1.5807 1.8798 4.2052 16.6580 6.9015 40.0825 1.8239 0.2631
Car -1 -1 -1.7562 1236.0719 759.0034 1432.9076 933.3425 1.6828 1.8827 4.1381 4.8160 3.6556 19.8611 -1.4911 0.1967
Car -1 -1 -1.7154 1492.6014 752.4502 1719.6604 960.4373 1.5783 1.8230 3.8780 6.7686 3.1299 16.0702 -1.2744 0.1808
Car -1 -1 0.3221 534.6932 794.8745 718.1891 869.0929 1.6690 1.9029 4.4450 -8.9735 6.3816 40.2708 0.1101 0.1587
Car -1 -1 1.3675 1545.9214 826.0208 1666.6300 923.0099 1.5290 1.8821 3.9771 14.8522 6.4762 34.6366 1.7970 0.1529
