Pedestrian -1 -1 1.5384 1252.6896 682.5620 1343.7307 913.1625 1.7017 0.6741 0.8298 2.6484 2.1735 11.7555 1.7973 0.7846
Pedestrian -1 -1 -1.6572 1445.2457 682.4979 1579.6891 1027.1494 1.7189 0.6520 0.8000 2.9762 2.0499 8.1062 -1.2334 0.5522
Pedestrian -1 -1 1.4330 1202.1741 752.9500 1239.6238 840.3625 1.7736 0.6925 0.8940 5.5792 4.5681 32.1702 1.6237 0.3881
Pedestrian -1 -1 1.4213 1520.0864 778.1663 1556.7699 862.8780 1.7514 0.6777 0.6007 12.5932 5.1351 32.6420 1.8147 0.3827
Pedestrian -1 -1 -1.2113 1295.2037 684.5574 1448.0704 1020.3454 1.8210 0.6528 0.6542 2.3989 2.1878 8.7331 -0.8887 0.2831
Pedestrian -1 -1 -1.5473 1260.0361 719.1017 1328.9745 895.5065 1.6237 0.6210 0.6574 3.2572 2.5683 14.5936 -1.2959 0.2258
Cyclist -1 -1 1.3741 1199.3662 752.7480 1250.7391 846.1194 1.7713 0.7647 1.8209 5.5897 4.5661 31.7788 1.5674 0.2963
Cyclist -1 -1 1.5249 1254.7533 680.8715 1346.9424 915.4083 1.7249 0.6799 0.8769 2.6591 2.1830 11.7381 1.7852 0.1075
Car -1 -1 -1.5735 1201.8689 732.8008 1387.5200 929.7796 1.7552 1.9581 4.3804 4.1217 3.2446 18.2777 -1.3241 0.4472
Car -1 -1 1.4345 1236.4098 820.3481 1333.4258 911.4317 1.5899 1.8982 4.1353 8.0394 6.7677 37.4694 1.6649 0.2377
