Pedestrian -1 -1 1.3990 1428.4570 674.5546 1548.2996 939.0303 1.7151 0.6850 0.9055 3.6482 2.0779 10.4091 1.7918 0.7769
Pedestrian -1 -1 -1.8695 1658.3236 673.6592 1847.6326 1059.2727 1.7720 0.6880 0.7937 3.9241 2.0311 7.4693 -1.2897 0.3729
Pedestrian -1 -1 -1.5964 1521.2024 679.9339 1663.7939 1043.7341 1.7798 0.6574 0.6250 3.3283 2.0850 7.8699 -1.1155 0.2538
Pedestrian -1 -1 1.6166 180.3824 743.5685 288.0903 1018.3354 1.6338 0.6074 0.6056 -4.6875 2.4316 9.6484 1.1132 0.1406
Cyclist -1 -1 1.3892 1430.1376 671.3438 1552.6230 941.8026 1.7469 0.6875 0.9339 3.6543 2.0854 10.3701 1.7842 0.1548
Car -1 -1 -1.5996 1384.5055 741.0576 1582.7158 942.2982 1.6344 1.8870 4.1387 5.9436 3.1331 17.0282 -1.2270 0.6680
Car -1 -1 1.3859 1381.5690 829.6184 1494.3446 924.6158 1.5513 1.9310 3.9905 11.2806 6.7194 35.6397 1.7142 0.2138
Car -1 -1 1.4941 1485.7067 800.2412 1624.5566 944.0919 1.4389 1.7206 3.7549 8.6499 4.2620 22.0227 1.9004 0.1731
Car -1 -1 1.5218 1419.9277 822.4542 1498.2704 907.2141 1.6104 1.9361 4.2277 13.7385 7.3906 41.4515 1.8625 0.1639
Car -1 -1 2.0143 507.7924 791.8681 634.7157 866.3574 1.5116 1.8692 4.1354 -10.9976 6.5002 42.4689 1.7677 0.1477
