Pedestrian -1 -1 0.0000 930.9794 793.1124 1001.6100 990.2900 1.6737 0.6316 0.6256 0.0491 3.2352 13.5613 0.0149 0.6525
Pedestrian -1 -1 -1.6871 1393.4965 725.7448 1486.4915 972.4079 1.7652 0.6337 0.5752 3.6213 2.5543 11.3471 -1.3302 0.4718
Pedestrian -1 -1 -0.2369 1519.0022 798.0474 1707.5422 1179.2970 1.5695 0.5967 0.7153 2.9771 2.4107 6.8837 0.2629 0.4536
Pedestrian -1 -1 -0.1058 891.7112 788.5355 975.7789 940.6163 1.4904 0.6153 0.8307 -0.2975 3.2547 15.7697 -0.1153 0.4102
Pedestrian -1 -1 -0.5465 1635.9985 801.3519 1843.3427 1158.8073 1.5788 0.5886 0.6996 3.7310 2.4652 7.2085 0.0272 0.3600
Pedestrian -1 -1 1.6923 932.8959 788.6249 980.0683 904.9425 1.6504 0.6348 0.6137 -0.0680 4.1557 22.5375 1.7012 0.3466
Pedestrian -1 -1 -3.3739 1821.9146 782.8729 1920.7336 1030.6990 1.7315 0.6176 0.5445 6.8821 2.9693 11.3303 -2.7620 0.2337
Pedestrian -1 -1 -3.1151 1019.7600 744.9924 1227.7423 1087.6060 1.3897 0.7656 0.8948 0.7614 1.9751 6.8367 -2.9712 0.2297
Pedestrian -1 -1 -1.1464 0.0000 830.3293 61.8593 942.9717 1.4786 0.6220 0.6475 -13.3085 4.4589 21.3295 -1.7172 0.2162
Pedestrian -1 -1 -3.1178 1244.8179 729.1169 1325.0564 975.8643 1.8584 0.6195 0.5913 2.5945 2.7183 11.9608 -2.8687 0.2112
Pedestrian -1 -1 0.0314 1495.7140 759.3134 1580.3467 983.6797 1.6223 0.6411 0.5670 4.5245 2.7127 11.7194 0.4521 0.1883
Cyclist -1 -1 -0.1058 891.7112 788.5355 975.7789 940.6163 1.4904 0.6153 0.8307 -0.2975 3.2547 15.7697 -0.1153 0.1883
Cyclist -1 -1 -0.2369 1519.0022 798.0474 1707.5422 1179.2970 1.5695 0.5967 0.7153 2.9771 2.4107 6.8837 0.2629 0.1233
Cyclist -1 -1 -0.5465 1635.9985 801.3519 1843.3427 1158.8073 1.5788 0.5886 0.6996 3.7310 2.4652 7.2085 0.0272 0.1070
Car -1 -1 1.1733 0.0000 784.2288 219.6688 988.6464 1.4191 1.6842 4.0132 -9.3819 3.2120 15.0164 0.5859 0.2806
