Pedestrian -1 -1 0.0001 930.9794 793.1140 1001.6093 990.2903 1.6737 0.6316 0.6256 0.0491 3.2352 13.5613 0.0149 0.6525
Pedestrian -1 -1 -1.6871 1393.4921 725.7470 1486.4927 972.4159 1.7653 0.6337 0.5752 3.6213 2.5544 11.3471 -1.3303 0.4718
Pedestrian -1 -1 -0.2365 1519.0167 798.0496 1707.5204 1179.3105 1.5695 0.5967 0.7153 2.9771 2.4107 6.8837 0.2633 0.4536
Pedestrian -1 -1 -0.1058 891.7111 788.5357 975.7793 940.6158 1.4904 0.6153 0.8307 -0.2975 3.2546 15.7697 -0.1153 0.4102
Pedestrian -1 -1 -0.5465 1635.9943 801.3326 1843.3440 1158.7869 1.5788 0.5886 0.6996 3.7310 2.4651 7.2085 0.0272 0.3602
Pedestrian -1 -1 1.6923 932.8956 788.6248 980.0681 904.9425 1.6504 0.6348 0.6137 -0.0680 4.1557 22.5375 1.7012 0.3466
Pedestrian -1 -1 -3.3741 1821.9102 782.8961 1920.7404 1030.7173 1.7314 0.6176 0.5444 6.8821 2.9695 11.3302 -2.7621 0.2337
Pedestrian -1 -1 -3.1152 1019.7730 744.9740 1227.7374 1087.5894 1.3897 0.7656 0.8947 0.7614 1.9751 6.8367 -2.9712 0.2296
Pedestrian -1 -1 -1.1462 0.0000 830.3278 61.8611 942.9702 1.4786 0.6220 0.6475 -13.3085 4.4589 21.3295 -1.7171 0.2161
Pedestrian -1 -1 -3.1178 1244.8134 729.1270 1325.0515 975.8713 1.8584 0.6196 0.5913 2.5945 2.7184 11.9608 -2.8687 0.2113
Pedestrian -1 -1 0.0315 1495.7134 759.3152 1580.3453 983.6855 1.6223 0.6411 0.5670 4.5245 2.7128 11.7194 0.4521 0.1883
Cyclist -1 -1 -0.1058 891.7111 788.5357 975.7793 940.6158 1.4904 0.6153 0.8307 -0.2975 3.2546 15.7697 -0.1153 0.1883
Cyclist -1 -1 -0.2365 1519.0167 798.0496 1707.5204 1179.3105 1.5695 0.5967 0.7153 2.9771 2.4107 6.8837 0.2633 0.1233
Cyclist -1 -1 -0.5465 1635.9943 801.3326 1843.3440 1158.7869 1.5788 0.5886 0.6996 3.7310 2.4651 7.2085 0.0272 0.1070
Car -1 -1 1.1733 0.0000 784.2294 219.6480 988.6522 1.4191 1.6842 4.0131 -9.3820 3.2120 15.0164 0.5860 0.2806
