Pedestrian -1 -1 1.3591 573.5608 820.9434 659.9202 1027.8085 1.5939 0.5783 0.7035 -2.9554 3.3305 12.8041 1.1197 0.7459
Pedestrian -1 -1 1.4591 440.3991 802.4259 542.2045 1042.0057 1.7536 0.6970 0.7264 -3.8180 3.2501 12.1295 1.1324 0.5423
Pedestrian -1 -1 -1.6243 1783.7045 814.6165 1859.1499 990.5546 1.6305 0.6552 0.6515 8.7739 3.6234 15.2643 -1.0532 0.5156
Pedestrian -1 -1 -2.5595 197.9878 859.1168 268.5796 995.5139 1.7421 0.6517 0.6251 -10.0708 5.0410 20.7018 -3.0212 0.5092
Pedestrian -1 -1 0.2046 0.0000 867.4517 64.1191 1036.1346 1.6355 0.5890 0.8560 -10.2516 4.3294 16.1765 -0.3817 0.3900
Pedestrian -1 -1 3.1951 585.5498 804.7427 645.8060 992.3051 1.7347 0.7032 0.5566 -3.4552 3.5845 14.9861 2.9604 0.3531
Pedestrian -1 -1 1.2144 1934.1705 859.7485 1936.0000 1028.4508 1.1636 0.5305 0.9291 8.4505 3.1767 12.2953 1.8801 0.2232
Pedestrian -1 -1 1.9507 478.7738 822.8554 565.1887 1018.0850 1.5555 0.5483 0.5589 -3.7592 3.2925 12.8226 1.6477 0.1965
Cyclist -1 -1 -1.3528 1463.5890 753.7501 1625.6178 993.5456 1.7653 0.8321 2.0016 5.1753 2.9925 13.1906 -0.9314 0.4688
Cyclist -1 -1 -0.1824 0.0000 865.2758 68.6196 1041.4093 1.6567 0.5934 1.0018 -10.2943 4.3448 16.1615 -0.7711 0.1629
Car -1 -1 -1.5207 1546.9308 783.8821 1726.3569 973.5281 1.8801 1.9516 4.6196 9.7994 4.4301 21.4948 -1.0585 0.8150
