Pedestrian -1 -1 3.2478 85.5029 837.6467 162.4928 1008.5384 1.7500 0.6565 0.7026 -9.4291 4.2119 16.8618 2.7190 0.6178
Pedestrian -1 -1 3.1869 438.3033 818.1351 509.0828 1020.6644 1.6996 0.6615 0.5986 -4.4632 3.5242 13.7185 2.8550 0.6130
Pedestrian -1 -1 -1.7977 1594.2909 793.3394 1679.9872 965.8810 1.7459 0.7400 0.6989 7.3968 3.6406 16.3938 -1.3316 0.5928
Pedestrian -1 -1 3.3474 296.0323 799.7349 404.8898 1024.6410 1.7605 0.7176 0.7456 -5.2121 3.3069 12.7990 2.9347 0.5768
Pedestrian -1 -1 0.4867 463.4153 831.1047 534.7737 1001.8336 1.6425 0.6752 0.4552 -4.8323 3.8529 15.6584 0.1759 0.4246
Pedestrian -1 -1 1.7687 1389.2592 806.5109 1425.7101 896.2482 1.7738 0.6348 0.5329 9.4051 5.6485 31.5177 2.0817 0.3389
Pedestrian -1 -1 0.3502 512.8349 837.4984 577.5096 999.2954 1.6329 0.6252 0.4976 -4.5255 3.9952 16.2876 0.0709 0.2680
Pedestrian -1 -1 -1.9071 453.1672 831.5578 520.0401 976.6169 1.5157 0.5692 0.5801 -5.4537 3.9453 17.1783 -2.2242 0.2316
Car -1 -1 -1.6410 1404.7091 783.7707 1553.3090 953.9507 1.8245 1.9690 4.6612 7.9210 4.5606 23.2405 -1.2837 0.6929
Car -1 -1 -1.6699 1394.7952 788.0325 1468.0493 864.7689 1.8566 1.9261 4.5520 15.3327 7.4630 48.9604 -1.3472 0.4204
