Pedestrian -1 -1 3.4355 305.4886 795.8934 419.0919 1019.1368 1.7592 0.7140 0.7385 -5.1067 3.2667 12.7874 3.0298 0.6887
Pedestrian -1 -1 -1.7586 1615.7389 794.7860 1699.6017 971.5237 1.7659 0.7322 0.6889 7.5379 3.6572 16.2134 -1.2803 0.5893
Pedestrian -1 -1 3.0391 92.0378 838.2975 171.1288 1008.4332 1.7215 0.6728 0.7010 -9.3274 4.1883 16.8089 2.5136 0.5459
Pedestrian -1 -1 1.4639 457.2745 811.9752 536.8660 1008.4606 1.6578 0.6358 0.5286 -4.2547 3.4178 13.6974 1.1460 0.5215
Pedestrian -1 -1 1.4484 483.3005 820.5187 557.6766 993.4775 1.6772 0.6904 0.4755 -4.6203 3.7737 15.6691 1.1507 0.4385
Pedestrian -1 -1 1.6663 1407.6671 817.2143 1443.3405 903.2993 1.6774 0.6512 0.5479 9.6972 5.7434 31.2340 1.9906 0.4291
Pedestrian -1 -1 -0.3619 1400.3302 804.3636 1430.1816 862.8150 1.7277 0.8181 0.6660 14.3350 7.4470 47.2337 -0.0479 0.2700
Car -1 -1 1.5140 1429.7791 781.1118 1577.6786 955.8301 1.8673 1.9291 4.6115 8.2276 4.5228 22.9299 1.8882 0.5215
Car -1 -1 1.9375 204.8554 830.1535 356.7443 929.6626 1.3662 1.5952 3.5020 -13.4374 5.6933 29.7316 1.5119 0.2975
Car -1 -1 -1.7459 1411.5023 788.1483 1495.3414 865.5309 1.8791 1.9164 4.4168 15.8940 7.4278 48.4952 -1.4096 0.2760
