Pedestrian -1 -1 1.5634 556.2767 823.0223 625.2753 1023.0963 1.5656 0.5628 0.6739 -3.1995 3.3263 12.8909 1.3062 0.6969
Pedestrian -1 -1 -1.8524 185.0976 865.0931 253.7362 1000.7017 1.6892 0.6831 0.7105 -10.3521 5.1200 20.8671 -2.3217 0.6496
Pedestrian -1 -1 3.3697 569.4293 802.7546 644.3021 985.2070 1.7113 0.7298 0.5911 -3.5726 3.5527 15.1139 3.1292 0.6421
Pedestrian -1 -1 1.5684 419.4530 786.7805 509.8729 1023.6636 1.7556 0.6785 0.7218 -4.0445 3.1211 12.1597 1.2237 0.5911
Pedestrian -1 -1 -1.6498 1766.5302 808.4217 1839.2823 981.6654 1.6194 0.6304 0.6468 8.6162 3.5537 15.3286 -1.0887 0.4759
Pedestrian -1 -1 -0.6002 1929.7362 805.5725 1936.0000 965.0050 1.5404 0.6601 0.6973 10.6486 3.4652 15.5841 0.0511 0.2408
Pedestrian -1 -1 3.2261 0.0000 863.7169 41.0681 1035.8842 1.5999 0.6950 1.2543 -10.7252 4.2873 16.2143 2.6196 0.1429
Cyclist -1 -1 -1.5701 1446.8344 756.6079 1549.5492 986.1237 1.7220 0.7821 2.0212 4.8907 3.0105 13.5468 -1.1793 0.3869
Cyclist -1 -1 3.2261 0.0000 863.7169 41.0681 1035.8842 1.5999 0.6950 1.2543 -10.7252 4.2873 16.2143 2.6196 0.2952
Car -1 -1 -1.4344 1501.6077 783.7261 1700.2653 964.8602 1.8373 1.9179 4.4218 9.3749 4.3955 21.7112 -0.9933 0.8323
