Pedestrian -1 -1 3.2840 538.5189 794.7551 640.2229 1024.9025 1.6475 0.6333 0.6910 -2.8690 3.0037 11.5851 3.0229 0.8080
Pedestrian -1 -1 1.2100 645.1876 816.2886 743.3779 1029.7572 1.5749 0.5820 0.6953 -2.1980 3.2045 12.2849 1.0240 0.7703
Pedestrian -1 -1 1.4728 0.0000 853.7207 47.5345 1013.1537 1.5981 0.6296 0.6736 -10.6661 4.2345 16.7704 0.8856 0.2576
Pedestrian -1 -1 3.1468 57.8864 857.9407 171.9015 1015.8389 1.5065 0.6640 1.0741 -9.3182 4.1605 16.4728 2.6121 0.2555
Pedestrian -1 -1 2.3513 1908.5509 809.2480 1936.0000 1034.8708 1.8200 0.6144 0.6084 8.7291 3.4623 12.9757 3.0030 0.1700
Pedestrian -1 -1 3.0687 247.3422 834.6277 335.0293 1011.1666 1.5529 0.7963 0.7274 -6.6944 3.7204 14.9294 2.6264 0.1635
Pedestrian -1 -1 -2.9366 1772.7438 808.0481 1830.7278 947.6991 1.8135 0.7304 0.5529 11.8432 4.4498 21.0704 -2.3868 0.1586
Pedestrian -1 -1 -3.1963 1771.3047 797.5284 1827.1786 942.5223 1.8233 0.7398 0.6540 11.4393 4.2373 20.4310 -2.6471 0.1510
Cyclist -1 -1 -1.0333 1518.9324 778.6316 1763.0532 1030.0443 1.7370 0.7162 2.2062 5.6101 3.0915 12.2940 -0.5511 0.4360
Cyclist -1 -1 3.1918 23.1255 854.6723 182.3152 1023.3482 1.5600 0.6905 1.4734 -9.3024 4.1580 16.2571 2.6515 0.4174
Car -1 -1 1.6753 1634.9487 783.1137 1836.8721 970.2814 1.7904 1.8495 4.2241 10.6315 4.1841 20.3714 2.1942 0.8135
