Pedestrian -1 -1 1.4049 463.9167 799.8851 574.3232 1042.2975 1.7355 0.7190 0.7320 -3.5254 3.1857 11.9037 1.0959 0.5940
Pedestrian -1 -1 1.2003 584.1556 813.3200 677.0315 1019.7880 1.5791 0.5431 0.7130 -2.8131 3.2360 12.7024 0.9701 0.5736
Pedestrian -1 -1 -1.9895 218.4036 855.9757 287.8887 996.1254 1.7500 0.6545 0.6559 -9.7807 5.0134 20.6575 -2.4405 0.5591
Pedestrian -1 -1 -1.4054 1813.9321 814.0964 1901.3329 991.3145 1.6306 0.6336 0.6690 9.1138 3.6124 15.2040 -0.8151 0.5298
Pedestrian -1 -1 3.1748 7.4089 859.7998 100.7899 1022.6112 1.5818 0.6403 0.8637 -9.9685 4.2438 16.4524 2.6094 0.3775
Pedestrian -1 -1 2.1460 468.2603 818.8082 607.0980 1076.9104 1.6077 0.7043 0.6095 -2.9048 2.9921 10.2878 1.8446 0.3308
Pedestrian -1 -1 3.2663 604.0129 800.3555 671.1024 991.8082 1.7515 0.7049 0.5679 -3.1848 3.5266 14.7518 3.0463 0.2022
Cyclist -1 -1 -1.4089 1508.4890 767.4642 1656.5905 1006.8242 1.7280 0.7994 1.9491 5.4498 3.0702 13.0501 -0.9640 0.4426
Cyclist -1 -1 3.1742 0.0000 871.4633 103.2131 1038.8735 1.5697 0.6466 1.0787 -9.9278 4.3334 16.2081 2.6037 0.2613
Car -1 -1 -1.5412 1585.3236 787.2122 1756.4019 974.7065 1.8437 1.8912 4.3076 10.0928 4.3880 21.1000 -1.0595 0.8216
