Pedestrian -1 -1 -0.2480 991.4644 783.2558 1075.5616 990.1923 1.6267 0.7765 0.5576 0.6115 3.0333 12.8507 -0.1847 0.7640
Pedestrian -1 -1 0.7754 1115.5138 778.5903 1261.8418 1053.7957 1.6002 0.5445 0.7894 1.4685 2.6474 9.7104 0.9577 0.7056
Pedestrian -1 -1 0.4472 1016.8959 758.7867 1147.0585 1071.5341 1.7609 0.5960 0.5903 0.7451 2.6192 9.1782 0.5505 0.6623
Pedestrian -1 -1 -0.2844 505.7054 813.4578 590.2910 963.8628 1.4856 0.5643 0.7587 -4.5107 3.5988 16.3185 -0.5634 0.6092
Pedestrian -1 -1 1.9454 787.6208 781.0340 841.7805 893.1088 1.6484 0.6738 0.5877 -2.2921 4.1331 23.4212 1.8545 0.5762
Pedestrian -1 -1 2.9314 602.6392 785.0427 675.6758 968.3368 1.7014 0.6552 0.5902 -3.2433 3.3569 15.0378 2.7114 0.4543
Pedestrian -1 -1 3.4262 318.4997 786.4040 383.9700 955.0668 1.7611 0.5837 0.5352 -6.7451 3.5835 16.5525 3.0229 0.1661
Pedestrian -1 -1 -0.4552 1171.1902 785.5677 1262.4106 1014.3541 1.6448 0.6523 0.4739 1.9835 2.9372 11.6540 -0.2558 0.1465
Cyclist -1 -1 -0.4052 544.1551 790.3898 665.3584 961.1398 1.6967 0.6364 1.1523 -3.9597 3.6030 16.6254 -0.6455 0.2080
Cyclist -1 -1 -0.8442 1858.3920 795.0288 1936.0000 1203.5281 1.5821 0.7020 1.2978 4.7775 2.3732 6.5434 -0.0933 0.1410
