Pedestrian -1 -1 1.1304 1008.0958 770.7934 1129.5712 1033.4653 1.6492 0.6085 0.6791 0.7308 2.6936 10.2826 1.2211 0.8354
Pedestrian -1 -1 0.1729 911.2328 751.0784 1019.2055 1037.3296 1.7424 0.6159 0.6037 0.0347 2.5976 9.7771 0.1861 0.7679
Pedestrian -1 -1 -2.3842 881.1492 782.7410 987.0187 982.2384 1.5978 0.6931 0.6282 -0.2383 3.0389 13.1856 -2.3937 0.6512
Pedestrian -1 -1 1.9503 710.9744 789.3943 761.3672 893.0615 1.5670 0.6395 0.5558 -3.6159 4.2497 24.0440 1.8054 0.6497
Pedestrian -1 -1 -0.3788 418.2884 802.8217 508.3453 952.3250 1.4996 0.6003 0.7802 -5.5366 3.5356 16.6302 -0.7127 0.4679
Pedestrian -1 -1 1.5131 1187.7058 746.2365 1254.0256 944.9921 1.9169 0.6434 0.5159 2.6128 3.1657 15.0904 1.7112 0.3194
Pedestrian -1 -1 -0.5387 1080.6372 778.3226 1172.8805 999.7166 1.6802 0.6341 0.5060 1.3533 2.9805 12.2828 -0.4058 0.3093
Pedestrian -1 -1 -3.2943 1152.7928 765.2029 1228.9399 983.5214 1.7332 0.6537 0.5583 1.9315 2.9501 12.6361 -3.1152 0.2709
Pedestrian -1 -1 0.4689 490.3418 792.6849 598.5429 978.7258 1.7161 0.8101 0.7749 -4.2002 3.4643 15.1115 0.1861 0.1551
Cyclist -1 -1 -0.5326 432.4918 812.4827 553.5520 965.6583 1.4841 0.6324 1.1217 -5.2083 3.6530 16.6612 -0.8465 0.1637
