Pedestrian -1 -1 0.9013 1050.0273 776.8536 1181.7313 1038.8357 1.5951 0.5727 0.7072 1.0352 2.6651 10.0789 1.0282 0.8528
Pedestrian -1 -1 -0.3360 440.0303 805.0059 531.7985 956.7802 1.4970 0.5807 0.8069 -5.1987 3.5243 16.3565 -0.6558 0.6213
Pedestrian -1 -1 0.5369 953.2451 764.3735 1075.5703 1049.3621 1.6820 0.5805 0.5655 0.3451 2.6159 9.6145 0.5875 0.6203
Pedestrian -1 -1 2.0022 740.9879 779.5862 794.5341 888.7162 1.6295 0.6627 0.5756 -3.0722 4.1266 23.7666 1.8788 0.6050
Pedestrian -1 -1 -2.1660 918.6036 787.0800 1029.2592 990.2122 1.6053 0.7588 0.5972 0.1085 3.0653 13.0052 -2.1462 0.4514
Pedestrian -1 -1 0.5357 536.6943 790.4648 621.9375 977.4224 1.7462 0.7191 0.5489 -3.8576 3.4683 15.1339 0.2761 0.2988
Pedestrian -1 -1 -0.4761 1113.8956 777.4169 1215.5470 1002.8005 1.6913 0.6901 0.5793 1.6524 2.9788 12.2058 -0.3155 0.2100
Pedestrian -1 -1 -0.5923 514.7584 796.6631 608.0460 954.4060 1.6116 0.5730 0.8409 -4.5108 3.6091 16.8852 -0.8614 0.1815
Cyclist -1 -1 -0.7361 1806.6512 794.0471 1936.0000 1139.5972 1.8288 0.8383 2.1620 6.2893 2.8756 8.8050 -0.0287 0.1487
Cyclist -1 -1 -0.2679 439.2927 804.2150 534.3010 957.6412 1.5121 0.5837 0.8622 -5.1866 3.5300 16.3468 -0.5872 0.1433
