Pedestrian -1 -1 0.5870 1428.7856 761.5163 1629.2927 1097.0405 1.6258 0.5804 0.8466 3.0902 2.4195 8.1763 1.0197 0.8238
Pedestrian -1 -1 2.8770 812.9947 773.5968 895.9251 961.7902 1.6468 0.6386 0.6385 -1.0150 3.0926 14.1340 2.8089 0.6879
Pedestrian -1 -1 1.1669 1326.5651 738.3322 1490.6757 1099.4769 1.7344 0.6290 0.6610 2.2998 2.3482 7.7456 1.5193 0.6655
Pedestrian -1 -1 -1.2103 1222.4731 743.6345 1348.7554 983.5986 1.7396 0.7965 0.6193 2.5603 2.7148 11.8001 -0.9608 0.6607
Pedestrian -1 -1 -0.5150 740.6631 799.6636 831.6203 957.3662 1.5337 0.5847 0.7831 -1.8792 3.4633 16.0452 -0.6301 0.5413
Pedestrian -1 -1 -3.1358 1652.2971 745.3373 1723.7222 950.1786 1.7906 0.6385 0.5651 6.7963 2.9499 13.9785 -2.6324 0.2008
Pedestrian -1 -1 -3.0610 1327.5752 742.6387 1400.1276 970.8194 1.7648 0.6184 0.5073 3.3271 2.7666 12.3420 -2.7577 0.1869
Cyclist -1 -1 1.8074 947.5057 753.6367 1047.6453 894.5882 1.7719 0.9665 2.2029 0.5692 3.7827 22.1668 1.8464 0.2462
Cyclist -1 -1 -0.7620 0.0000 763.5974 98.7685 920.3341 1.7251 0.7213 2.0324 -12.3076 3.6262 19.4263 -1.3451 0.1652
Cyclist -1 -1 0.5923 1426.5369 761.4314 1628.6536 1099.3937 1.6348 0.6004 0.8405 3.0783 2.4272 8.1650 1.0241 0.1097
