Pedestrian -1 -1 2.7392 991.7072 764.7776 1077.7965 961.8126 1.6324 0.5750 0.5904 0.6477 2.9094 13.2829 2.8036 0.7221
Pedestrian -1 -1 -3.5870 1625.7986 718.8353 1846.4059 1150.0551 1.7474 0.5727 0.7053 3.3623 2.1789 6.5366 -3.0042 0.7209
Pedestrian -1 -1 -0.7684 946.8439 780.0337 1042.9691 944.9261 1.5551 0.5662 0.8364 0.3512 3.2156 15.5163 -0.7327 0.5106
Pedestrian -1 -1 0.3305 1707.0575 745.0367 1936.0000 1145.0358 1.6418 0.5690 0.8546 4.0423 2.2422 6.9597 0.9630 0.5091
Pedestrian -1 -1 -1.6273 1487.2847 731.2584 1596.3757 980.0700 1.6693 0.7146 0.5896 4.1811 2.4649 10.7825 -1.2007 0.4251
Pedestrian -1 -1 2.5680 1098.0844 787.4807 1164.0197 918.4433 1.6965 0.6403 0.6797 2.3680 4.0145 20.8863 2.6999 0.1669
Pedestrian -1 -1 1.5614 982.5864 782.6982 1018.3280 898.1199 1.6435 0.5243 0.4549 0.5818 4.0080 22.1729 1.6012 0.1607
Pedestrian -1 -1 1.8850 1015.0902 784.6426 1063.1567 906.3275 1.7013 0.5732 0.5239 1.1566 4.1075 22.1762 1.9522 0.1535
Pedestrian -1 -1 -1.3019 1604.1857 739.0762 1729.8252 1004.0838 1.7051 0.6540 0.5251 4.9049 2.5308 10.3973 -0.7959 0.1473
Cyclist -1 -1 -0.7817 956.2147 779.1727 1089.7711 949.4362 1.5775 0.5720 1.4018 0.6618 3.2738 15.7642 -0.7249 0.2991
Cyclist -1 -1 1.9167 1709.5953 753.8688 1936.0000 1157.5646 1.6468 0.5918 0.9205 4.0057 2.2873 6.9245 2.5474 0.1010
