Pedestrian -1 -1 2.7238 1002.7357 765.4351 1097.9448 964.0435 1.6319 0.5891 0.6631 0.7824 2.9114 13.2264 2.7997 0.6610
Pedestrian -1 -1 0.8294 1797.6503 732.7941 1936.0000 1132.3326 1.6198 0.5864 0.7641 4.2529 2.1302 6.6766 1.5121 0.5928
Pedestrian -1 -1 2.2769 1110.1123 762.1126 1180.4983 900.7209 1.7804 0.6624 0.7067 2.5404 3.7191 20.6461 2.4189 0.5597
Pedestrian -1 -1 -0.8075 978.6472 778.2982 1073.7311 944.9048 1.5695 0.5725 0.8196 0.6740 3.2072 15.4767 -0.7490 0.5203
Pedestrian -1 -1 2.4829 1671.5791 704.0364 1881.9595 1159.5540 1.8063 0.5685 0.5693 3.4333 2.1571 6.3309 3.0940 0.5060
Pedestrian -1 -1 0.4052 1002.2094 779.4344 1044.7621 900.3031 1.6919 0.5466 0.4459 0.9238 4.0171 22.1569 0.4613 0.3185
Pedestrian -1 -1 -1.3532 1507.4474 729.6994 1620.8193 979.3101 1.6670 0.6297 0.5479 4.3306 2.4484 10.7404 -0.9116 0.2779
Pedestrian -1 -1 2.4368 1085.2117 769.0019 1149.1178 899.9053 1.7317 0.6297 0.6487 2.2077 3.8167 21.1961 2.5589 0.2147
Pedestrian -1 -1 1.4615 307.0024 772.9222 373.4480 931.8023 1.6615 0.6105 0.7207 -7.0503 3.3870 16.9683 1.0510 0.2084
Pedestrian -1 -1 2.0804 1076.1737 785.4551 1134.7223 902.7103 1.6062 0.5907 0.7047 2.1425 4.0389 22.1996 2.1943 0.1996
Pedestrian -1 -1 -3.2069 1714.3597 743.4000 1801.3799 980.4715 1.7218 0.6312 0.5862 6.2235 2.6814 11.6933 -2.6557 0.1863
Cyclist -1 -1 -0.9667 1000.9990 763.3611 1150.9323 949.9934 1.6898 0.6462 1.8009 1.2334 3.2327 15.7675 -0.8707 0.3154
