Pedestrian -1 -1 -1.6490 878.3928 775.9866 976.7025 1012.1083 1.6704 0.7035 0.5473 -0.2622 2.8406 11.2763 -1.6654 0.6239
Pedestrian -1 -1 -2.0759 588.3386 844.7615 649.5466 952.4335 1.3717 0.6168 0.6417 -4.8795 4.5706 21.3131 -2.3010 0.5587
Pedestrian -1 -1 -1.9425 793.5239 789.3602 897.9075 1017.3526 1.6697 0.6411 0.6586 -0.9340 3.0391 12.0161 -2.0188 0.5261
Pedestrian -1 -1 -0.1337 245.3221 805.9946 331.3848 1029.2625 1.6431 0.6812 0.5320 -5.4648 3.1650 12.1360 -0.5883 0.3659
Pedestrian -1 -1 1.6558 769.2605 801.1153 856.4290 997.2228 1.5662 0.6931 0.6588 -1.2684 3.1229 12.8773 1.5576 0.3412
Pedestrian -1 -1 1.5478 520.8231 816.1322 542.8257 876.3828 1.6154 0.5951 0.5669 -12.2709 7.1249 42.7264 1.2750 0.2279
Pedestrian -1 -1 1.6873 507.3432 827.6260 530.8333 883.8021 1.5512 0.5984 0.5488 -12.9838 7.5484 43.9199 1.4072 0.2097
Pedestrian -1 -1 1.9177 250.9849 831.1685 327.3414 979.2686 1.5390 0.6493 0.4853 -7.4392 3.8616 16.5678 1.4786 0.1648
Cyclist -1 -1 -1.5251 471.7599 786.1559 590.0325 1040.1243 1.7242 0.8819 1.9476 -3.5749 3.1902 12.5422 -1.8211 0.5031
Car -1 -1 -1.4249 0.0000 793.9141 292.1915 1136.8333 1.5489 1.7301 3.6652 -5.8234 2.9954 10.7744 -1.9638 0.8084
Car -1 -1 -3.1317 0.0000 0.0000 1936.0000 1192.0879 1.6830 1.9971 4.5977 2.7372 1.4598 1.6109 -1.6279 0.3267
