Pedestrian -1 -1 -1.8430 733.4584 782.9255 828.4084 1010.1838 1.6936 0.6050 0.6789 -1.4741 3.0253 12.1723 -1.9671 0.5687
Pedestrian -1 -1 -1.8978 538.4122 837.5132 597.4261 950.7766 1.4534 0.6359 0.6569 -5.6116 4.5495 21.3272 -2.1568 0.5662
Pedestrian -1 -1 -1.7684 823.6014 773.2167 925.8526 1008.1021 1.6663 0.6823 0.5687 -0.6677 2.8353 11.4256 -1.8243 0.4032
Pedestrian -1 -1 -0.0097 209.8113 805.5860 282.9359 1038.7357 1.7239 0.6822 0.5064 -5.8024 3.2401 12.1285 -0.4886 0.2846
Pedestrian -1 -1 1.4365 717.6495 809.5848 797.2684 1000.5604 1.5281 0.6090 0.6434 -1.7936 3.1963 13.1162 1.2971 0.2505
Pedestrian -1 -1 1.5791 476.7620 814.0093 498.1917 872.9900 1.5934 0.5795 0.5627 -13.6263 7.0780 43.0176 1.2786 0.2390
Pedestrian -1 -1 -3.5845 1377.8245 730.5372 1711.0316 1216.0000 1.4671 0.7312 0.6349 1.4887 1.7723 3.9294 -3.0563 0.2197
Pedestrian -1 -1 1.6063 461.9508 827.6030 483.6311 883.8241 1.5336 0.5783 0.5569 -14.2507 7.4952 43.6357 1.2973 0.1759
Pedestrian -1 -1 1.9222 430.4987 846.3682 454.4464 900.5280 1.5052 0.5279 0.4810 -15.2024 8.0323 43.8271 1.5953 0.1641
Cyclist -1 -1 -1.5944 427.4526 784.6974 549.9234 1044.9021 1.7068 0.8577 1.9539 -3.8812 3.1224 12.1825 -1.9253 0.4985
Car -1 -1 -1.4650 0.0000 795.0750 226.3419 1154.4369 1.6152 1.7846 3.7662 -6.3169 3.0787 10.7776 -2.0401 0.8421
Car -1 -1 -3.2445 0.0000 0.0000 1936.0000 1216.0000 1.7243 2.0034 4.5649 2.7245 1.4537 1.9575 -1.8665 0.2172
