Pedestrian -1 -1 -1.9178 474.3309 837.0164 538.1542 952.4285 1.4707 0.6722 0.6939 -6.4822 4.5598 21.2986 -2.2167 0.5696
Pedestrian -1 -1 0.0069 692.8397 794.7315 783.8557 1006.7871 1.6204 0.5789 0.7238 -1.8332 3.0570 12.3104 -0.1473 0.4304
Pedestrian -1 -1 1.8697 130.4232 836.5389 222.4686 991.2038 1.5743 0.7804 0.5417 -8.6530 3.9593 16.5083 1.3675 0.4220
Pedestrian -1 -1 1.4509 671.7709 799.6113 753.5792 996.1036 1.5762 0.6276 0.7016 -2.1978 3.1659 13.1806 1.2793 0.3344
Pedestrian -1 -1 0.2291 133.6718 809.8039 212.2103 986.4739 1.7239 0.6982 0.6070 -8.3644 3.7402 15.8882 -0.2771 0.3193
Pedestrian -1 -1 1.6178 413.6682 817.9808 437.0614 878.6935 1.6438 0.6059 0.6211 -15.5208 7.2866 43.3198 1.2797 0.3043
Pedestrian -1 -1 -2.6473 752.1342 796.6711 859.6846 1028.9020 1.6365 0.6674 0.5817 -1.1956 3.0145 11.5774 -2.7525 0.2375
Cyclist -1 -1 -1.5642 379.9846 775.3604 501.7419 1044.3010 1.7512 0.8529 1.9793 -4.1972 3.0686 12.0179 -1.9258 0.5016
Car -1 -1 -1.4631 0.0000 787.3854 177.3825 1144.7604 1.5969 1.8157 3.9633 -6.7306 3.0105 10.8353 -2.0652 0.8931
Car -1 -1 -3.1292 0.0000 0.0000 1936.0000 1216.0000 1.9215 2.0981 4.8591 2.6871 1.4698 2.2322 -1.8513 0.4057
