Pedestrian -1 -1 0.6440 738.1968 842.2068 800.6558 965.1611 1.5534 0.6759 0.5722 -2.6740 4.6491 20.8685 0.5218 0.7030
Pedestrian -1 -1 -2.8330 954.5638 795.1689 1050.5518 1040.5701 1.7080 0.6261 0.5576 0.3194 3.0435 11.3393 -2.7909 0.4531
Pedestrian -1 -1 1.5848 648.3572 833.2401 669.0442 889.4502 1.5253 0.5750 0.5733 -8.7745 7.6151 43.3794 1.3943 0.1513
Pedestrian -1 -1 -1.8090 1048.2179 785.9846 1151.7324 1027.0745 1.6067 0.6321 0.5619 0.9849 2.7945 10.7089 -1.6950 0.1502
Pedestrian -1 -1 -1.0667 1624.2015 699.7053 1830.0264 1042.8325 1.5213 0.6399 0.6377 3.7052 1.9058 7.2526 -0.4961 0.1250
Pedestrian -1 -1 -1.7644 398.4997 825.2528 465.6646 983.7763 1.5196 0.5691 0.5050 -5.5286 3.6610 15.6194 -2.1195 0.1234
Cyclist -1 -1 -1.5155 607.9482 792.2214 721.3655 1029.6357 1.7183 0.8948 1.9721 -2.6046 3.3263 13.3309 -1.7169 0.5511
Car -1 -1 -1.3593 96.0357 807.3246 472.5217 1135.7219 1.4453 1.8033 3.9977 -4.7644 3.0646 11.1226 -1.7989 0.9324
Car -1 -1 -1.3707 403.2459 830.8787 515.2955 925.7515 1.3887 1.5708 3.4916 -10.5554 5.9995 31.6486 -1.6899 0.1932
Car -1 -1 -0.2240 0.0000 716.8391 96.8559 1216.0000 1.4493 1.7096 3.9068 -3.6840 1.7383 2.6574 -1.4478 0.1365
