Pedestrian -1 -1 -1.7430 847.1520 788.8059 934.9291 1016.5877 1.6626 0.5940 0.6505 -0.5638 3.0026 11.8452 -1.7860 0.5975
Pedestrian -1 -1 -1.6975 651.3715 840.3878 702.6651 956.0464 1.4987 0.6454 0.5802 -4.0235 4.6006 21.1517 -1.8836 0.4223
Pedestrian -1 -1 -1.6997 933.8536 774.4788 1027.5569 1013.0673 1.6643 0.6372 0.5356 0.1370 2.8052 11.1072 -1.6759 0.3830
Pedestrian -1 -1 1.5504 811.8184 792.6138 890.7460 993.2944 1.5961 0.6582 0.6336 -0.9477 3.0723 12.8174 1.4791 0.3496
Pedestrian -1 -1 -0.9150 823.0993 842.5605 908.0089 954.2876 1.0941 0.4710 0.9890 -1.0992 3.6902 17.2951 -0.9717 0.2698
Pedestrian -1 -1 0.0031 292.1444 815.3895 362.9178 1045.2153 1.6933 0.6980 0.5108 -5.1512 3.2941 12.1437 -0.4273 0.2510
Pedestrian -1 -1 1.6199 562.9838 824.4338 585.2920 881.4601 1.5681 0.6014 0.6088 -11.3825 7.4840 43.9799 1.3745 0.2008
Pedestrian -1 -1 1.5043 574.2518 820.0780 597.0753 879.8392 1.5994 0.6003 0.5703 -10.7392 7.2265 42.7520 1.2658 0.1744
Cyclist -1 -1 -1.5021 518.5577 787.4246 633.1808 1034.9386 1.7165 0.8385 1.9181 -3.2431 3.2118 12.7361 -1.7666 0.4937
Car -1 -1 -1.3768 0.0000 797.0076 370.6588 1145.8757 1.5472 1.8225 4.0901 -5.4947 3.0751 11.0519 -1.8775 0.9113
