Pedestrian -1 -1 1.2451 929.0002 821.4070 989.7077 954.1085 1.6097 0.6340 0.6425 -0.0295 4.2567 19.7400 1.2557 0.6240
Pedestrian -1 -1 -0.3614 1279.7982 752.9469 1418.0454 1045.6125 1.6930 0.6748 0.6576 2.4012 2.5216 9.3199 -0.0606 0.4799
Pedestrian -1 -1 -0.5270 1206.8582 775.0671 1332.6805 1055.8760 1.7268 0.6234 0.6008 2.0518 2.7685 9.9902 -0.2855 0.3363
Pedestrian -1 -1 2.8599 974.4518 828.9106 1021.2737 928.6910 1.4183 0.5969 0.5855 0.5615 4.6173 23.0896 2.8980 0.2520
Cyclist -1 -1 -1.5777 809.3876 792.8093 905.5095 1006.0621 1.7305 0.8806 1.9321 -1.0213 3.4924 14.6972 -1.6422 0.5605
Car -1 -1 -1.3825 264.4761 789.5130 672.2540 1155.0162 1.4408 1.8744 4.3875 -3.0692 2.8233 10.2622 -1.7021 0.8694
Car -1 -1 1.9310 139.4493 833.5300 280.8882 924.2745 1.5537 1.8383 4.0323 -18.6601 7.0572 37.3504 1.4704 0.5186
Car -1 -1 -1.4352 629.2658 829.0702 719.5996 913.5753 1.5222 1.7447 4.1911 -7.4870 7.1884 39.3700 -1.6144 0.2807
Car -1 -1 2.1302 0.0000 844.6594 7.2711 974.2975 1.4538 1.8001 3.9952 -18.5259 5.5471 25.7981 1.5002 0.1954
Car -1 -1 -1.4137 640.1673 831.1182 721.3548 901.4269 1.4912 1.7876 4.0654 -8.5312 8.0862 45.7779 -1.5881 0.1868
