Pedestrian -1 -1 1.3302 955.3204 820.2047 1016.7548 953.5250 1.5948 0.6655 0.6658 0.3167 4.1857 19.4427 1.3597 0.5845
Pedestrian -1 -1 -2.6375 1328.0450 753.7420 1471.7449 1064.9261 1.7122 0.6133 0.5961 2.6412 2.5251 9.0082 -2.2974 0.5547
Pedestrian -1 -1 -2.7672 1238.6938 801.9505 1383.4854 1102.9664 1.7420 0.6688 0.7031 2.2708 2.9467 9.6964 -2.4937 0.3874
Pedestrian -1 -1 1.4561 889.5995 833.2543 911.3921 889.1904 1.4859 0.5627 0.5732 -1.7275 7.4472 42.4627 1.4279 0.3668
Pedestrian -1 -1 -3.0097 1291.8789 788.3929 1459.4551 1036.3444 1.4768 0.8463 0.9747 2.8587 2.6658 10.2824 -2.6914 0.2797
Cyclist -1 -1 -1.5815 816.7174 788.1428 921.0347 1008.0010 1.7811 0.9521 1.9973 -0.9107 3.4948 14.6706 -1.6379 0.5219
Car -1 -1 -1.4483 297.7136 783.7805 676.7684 1161.1567 1.4474 1.9125 4.4087 -2.8894 2.7644 10.0523 -1.7572 0.7862
Car -1 -1 -1.4230 651.4586 823.5536 744.5231 907.1988 1.5273 1.7769 4.1060 -6.8354 7.0081 39.1914 -1.5868 0.3925
Car -1 -1 1.9186 136.5115 832.7025 277.7175 925.3105 1.5806 1.8421 4.0841 -18.6767 7.0512 37.2349 1.4563 0.3342
Car -1 -1 -1.5085 595.2402 812.5228 710.2920 940.3447 1.5095 1.6837 4.0502 -5.2826 5.0378 26.0026 -1.7052 0.2007
