Pedestrian -1 -1 1.3576 1002.2631 816.1636 1069.0214 961.2726 1.6188 0.6878 0.6666 0.8922 3.9780 18.0660 1.4225 0.6533
Pedestrian -1 -1 1.3582 932.3685 823.0415 959.9970 888.2929 1.6231 0.6302 0.5815 -0.4024 6.9264 39.6754 1.3611 0.5007
Pedestrian -1 -1 -0.8556 1321.8103 770.1005 1489.4410 1089.3409 1.6970 0.6000 0.7384 2.6084 2.5938 8.7939 -0.5109 0.4775
Pedestrian -1 -1 -3.3595 1446.5470 764.0245 1586.2236 1096.4668 1.6559 0.5938 0.6282 2.9905 2.4426 8.1010 -2.9351 0.4233
Pedestrian -1 -1 2.7804 1063.6207 828.6520 1118.9370 931.8784 1.3420 0.6082 0.6153 1.8464 4.2928 21.2849 2.8843 0.3734
Pedestrian -1 -1 1.9132 644.6485 793.6708 730.1904 986.5700 1.6744 0.6346 0.5481 -2.5319 3.2748 13.8607 1.7259 0.2621
Cyclist -1 -1 -1.6116 859.7410 791.1992 953.1424 993.0565 1.7114 0.8905 1.9590 -0.5923 3.5305 15.3497 -1.6422 0.5658
Car -1 -1 -1.3266 259.1789 768.0739 730.3444 1158.2439 1.4216 1.7983 4.0651 -2.4979 2.4882 9.0590 -1.6299 0.9268
Car -1 -1 -1.4435 686.8654 824.1641 779.2518 909.1596 1.5236 1.8015 3.9789 -5.7663 6.8791 38.1913 -1.5841 0.7394
Car -1 -1 -1.4212 697.6405 826.4997 775.7364 892.9876 1.4186 1.7612 3.9465 -6.8451 7.8768 45.9219 -1.5587 0.5296
