Pedestrian -1 -1 1.3693 957.6003 792.6855 1036.6797 977.1156 1.6600 0.6522 0.6916 0.3419 3.3393 14.5728 1.4061 0.6621
Pedestrian -1 -1 -2.7644 1358.0513 742.0727 1545.0742 1205.0969 1.7726 0.6014 0.5417 2.0781 2.3006 6.3341 -2.3637 0.6293
Pedestrian -1 -1 -3.4369 1380.3093 783.8363 1567.5220 1134.5691 1.4828 0.7608 0.6918 2.4128 2.2831 7.1146 -3.0336 0.4600
Pedestrian -1 -1 1.3318 869.6975 812.3981 901.2715 883.9921 1.6159 0.6196 0.7346 -1.8520 6.2457 36.4878 1.2926 0.3143
Pedestrian -1 -1 -3.2457 1206.2112 800.4978 1294.5845 979.0992 1.3257 0.5485 0.6598 2.3154 2.7741 12.0239 -3.0228 0.3070
Pedestrian -1 -1 0.5686 487.5070 782.5949 599.8965 1018.6644 1.6453 0.6039 0.5891 -3.1440 2.8747 11.2881 0.2742 0.2266
Cyclist -1 -1 -1.5633 789.9116 788.3634 874.7173 972.7588 1.7121 0.8857 1.9240 -1.4210 3.6389 16.6353 -1.6437 0.5945
Car -1 -1 -1.4595 628.3127 815.7427 712.2188 892.3996 1.4909 1.8185 4.2248 -8.1254 7.1368 42.0693 -1.6416 0.8902
Car -1 -1 -1.4745 610.5811 811.2433 705.7154 903.0281 1.5456 1.8132 3.9583 -7.1479 6.2362 35.5871 -1.6656 0.8633
Car -1 -1 -1.1501 0.0000 735.6454 594.1598 1216.0000 1.4509 1.7008 3.9337 -2.7252 2.0644 6.2565 -1.6503 0.7325
