Pedestrian -1 -1 -2.9540 1340.8868 804.2678 1497.5547 1140.6040 1.5739 0.5103 0.6767 2.3946 2.5583 7.8128 -2.5924 0.7836
Pedestrian -1 -1 1.3845 989.7890 797.4073 1058.5194 958.7482 1.6831 0.6681 0.6469 0.6976 3.6566 16.7432 1.4410 0.7350
Pedestrian -1 -1 1.4010 921.2047 810.8268 950.1929 877.8998 1.6269 0.6565 0.6574 -0.6655 6.4940 38.7657 1.3965 0.4283
Pedestrian -1 -1 -0.0830 1358.7976 796.8759 1490.3279 1075.6378 1.4420 0.7152 0.7037 2.6869 2.4951 8.7179 0.2745 0.3349
Pedestrian -1 -1 -3.6722 1895.0461 749.2181 1936.0000 1159.6033 1.5967 0.7158 0.8573 4.6931 2.1759 6.5265 -2.9269 0.2431
Pedestrian -1 -1 -3.5167 1496.3743 749.2664 1685.7905 1118.0410 1.6213 0.6143 0.6873 2.9888 2.2443 7.1483 -3.0333 0.2206
Cyclist -1 -1 -1.6256 850.4709 788.1350 936.9805 977.3680 1.6753 0.8279 1.8945 -0.7450 3.5198 15.9159 -1.6650 0.5121
Car -1 -1 -1.2952 141.0012 753.0942 696.6205 1207.9152 1.4603 1.7925 4.1423 -2.5552 2.3406 8.1364 -1.6461 0.9103
Car -1 -1 -1.4861 676.5776 817.6754 763.7444 903.1833 1.5180 1.7958 3.8090 -5.9632 6.5840 37.3400 -1.6357 0.8342
Car -1 -1 -1.4268 684.2638 818.5341 766.2086 890.0950 1.4892 1.7813 3.9329 -6.8495 7.4073 43.7380 -1.5723 0.5652
