Pedestrian -1 -1 1.3033 955.0949 791.1849 1042.1700 980.9135 1.6394 0.6558 0.7445 0.3445 3.2587 14.1256 1.3410 0.7690
Pedestrian -1 -1 -3.4370 1398.0372 729.5525 1578.3228 1216.0000 1.7937 0.5980 0.5653 2.0716 2.2326 5.9366 -3.0074 0.6843
Pedestrian -1 -1 1.3086 863.6918 810.5714 897.4397 882.1843 1.5972 0.6504 0.7435 -1.9539 6.1418 36.1509 1.2660 0.3977
Pedestrian -1 -1 -3.2065 1204.4117 809.0070 1296.9384 980.6821 1.2537 0.5198 0.7065 2.2939 2.7577 11.9037 -2.9831 0.3870
Pedestrian -1 -1 -0.3498 1399.3870 799.1896 1585.0411 1151.2850 1.4266 0.7135 0.6288 2.3948 2.2645 6.8113 0.0701 0.3650
Pedestrian -1 -1 1.4410 877.4265 812.0328 906.6977 881.9769 1.5535 0.6242 0.6341 -1.6468 6.0448 35.5273 1.4062 0.2581
Cyclist -1 -1 -1.5753 774.5494 789.9132 860.8925 972.5276 1.6913 0.9026 1.9255 -1.5987 3.6405 16.6627 -1.6670 0.5531
Car -1 -1 -1.4866 599.6025 814.0971 693.2768 906.5608 1.5223 1.7966 3.9721 -7.3436 6.2372 35.1913 -1.6855 0.8534
Car -1 -1 -1.1042 0.0000 729.1787 571.9216 1216.0000 1.4229 1.6520 3.9108 -2.7370 1.9728 5.8762 -1.6424 0.7270
Car -1 -1 -1.4516 614.6335 818.9788 699.1242 896.1368 1.4861 1.7843 4.0557 -8.3654 7.1283 41.3882 -1.6426 0.6235
