Pedestrian -1 -1 -2.3099 1348.1450 752.4301 1537.5013 1180.2836 1.7143 0.5599 0.5705 2.1056 2.3059 6.5729 -1.9206 0.7178
Pedestrian -1 -1 1.3647 958.1262 794.8705 1036.1815 976.0979 1.6579 0.6459 0.7467 0.3492 3.3990 14.8957 1.4015 0.7155
Pedestrian -1 -1 -0.3119 1365.1372 789.7388 1532.6248 1117.9470 1.4640 0.7160 0.6373 2.4019 2.3250 7.4318 0.0713 0.5889
Pedestrian -1 -1 1.3496 882.5698 815.0023 911.6589 885.6137 1.6369 0.6053 0.6157 -1.5918 6.3946 37.0530 1.3185 0.4026
Pedestrian -1 -1 -1.8099 1551.7399 785.5744 1739.3226 1216.0000 1.6592 0.5807 0.6779 2.6372 2.3285 5.8198 -1.2719 0.3429
Pedestrian -1 -1 -3.1496 1205.1462 814.5068 1292.5079 990.8293 1.3192 0.5454 0.6882 2.3619 2.9166 12.2590 -2.9271 0.2612
Cyclist -1 -1 -1.5535 792.6008 789.3882 878.4688 975.1026 1.7191 0.8947 1.9391 -1.3719 3.6545 16.6002 -1.6310 0.5857
Car -1 -1 -1.4561 616.5228 812.1307 713.7323 901.3886 1.5026 1.8070 3.9894 -7.0321 6.2480 35.8478 -1.6425 0.9365
Car -1 -1 -1.4749 640.6028 816.9641 721.0112 891.7242 1.4712 1.8166 4.0872 -7.8904 7.1844 42.3749 -1.6500 0.8570
Car -1 -1 -1.1430 0.0000 733.9462 621.0312 1216.0000 1.4372 1.6897 3.9650 -2.7126 2.0640 6.5783 -1.6148 0.7432
