Pedestrian -1 -1 1.3880 986.4451 801.6978 1054.9357 964.6834 1.6568 0.6512 0.6243 0.6421 3.6272 16.3155 1.4421 0.7148
Pedestrian -1 -1 -0.5809 1339.7856 781.9631 1536.8726 1145.1929 1.6548 0.5743 0.7544 2.3729 2.4781 7.4806 -0.2050 0.6392
Pedestrian -1 -1 1.4677 910.6143 816.8713 937.7679 883.8367 1.6134 0.6424 0.6287 -0.9542 6.5853 38.3814 1.4553 0.4843
Pedestrian -1 -1 -0.0576 1341.7942 816.2199 1479.4584 1091.2616 1.3567 0.7065 0.7135 2.5292 2.4919 8.4318 0.2930 0.3358
Pedestrian -1 -1 2.6753 1023.8553 820.4345 1077.1724 942.3944 1.5548 0.5566 0.5445 1.2256 4.2934 20.5835 2.7506 0.2681
Pedestrian -1 -1 1.5190 920.0023 816.7944 945.6030 884.9150 1.6313 0.6254 0.5676 -0.7221 6.5221 37.8124 1.5126 0.2460
Cyclist -1 -1 -1.6513 831.0936 791.9539 922.1406 980.6735 1.6675 0.8292 1.8394 -0.9256 3.5505 15.8906 -1.7030 0.5445
Car -1 -1 -1.2704 62.8371 744.1932 684.8682 1216.0000 1.4564 1.7986 4.4031 -2.5970 2.2598 7.8090 -1.6441 0.9309
Car -1 -1 -1.4609 673.9680 817.0872 753.0811 891.0633 1.5288 1.8028 3.9937 -7.1543 7.3819 43.5098 -1.6142 0.6566
Car -1 -1 -1.4500 658.9158 815.5021 754.3651 901.6514 1.5002 1.8235 3.9322 -6.2171 6.4566 36.8879 -1.6086 0.5675
Car -1 -1 -1.4273 624.4442 810.9670 742.8714 921.3970 1.5190 1.7034 3.8924 -5.3406 5.3963 29.1895 -1.6025 0.2300
