Pedestrian -1 -1 1.3557 954.3946 786.1777 1039.7906 989.0241 1.6475 0.6277 0.6755 0.3071 3.1078 13.1517 1.3922 0.7133
Pedestrian -1 -1 -3.3672 1449.9115 692.9214 1655.2054 1216.0000 1.7257 0.6641 0.5940 2.0296 1.9804 5.2024 -2.8764 0.5073
Pedestrian -1 -1 1.3777 850.6175 809.1499 883.6429 883.0495 1.5849 0.6451 0.7057 -2.1804 5.8984 34.5900 1.3256 0.4631
Pedestrian -1 -1 1.9012 408.6587 802.3602 532.2853 1063.9222 1.6064 0.6110 0.6864 -3.2697 2.8353 10.0067 1.5525 0.4509
Pedestrian -1 -1 -1.6067 765.7739 810.1793 792.9129 882.9077 1.7987 0.6905 0.6541 -4.7792 6.7098 39.2652 -1.7179 0.2746
Pedestrian -1 -1 -3.1901 1209.3445 796.4775 1311.3507 990.1349 1.3094 0.5279 0.7194 2.1968 2.6104 11.0136 -2.9575 0.2540
Pedestrian -1 -1 -1.5676 755.8058 786.5048 836.2407 962.3812 1.7086 0.8754 1.8801 -1.9050 3.6851 17.3098 -1.6739 0.1029
Cyclist -1 -1 -1.5676 755.8058 786.5048 836.2407 962.3812 1.7086 0.8754 1.8801 -1.9050 3.6851 17.3098 -1.6739 0.6065
Car -1 -1 -1.0316 0.0000 727.0261 510.9054 1216.0000 1.3929 1.7098 4.1123 -2.8073 1.8848 5.0686 -1.6740 0.9317
Car -1 -1 -1.4856 624.0708 808.5616 692.1854 873.4257 1.4960 1.7898 4.0796 -9.8096 7.7293 48.6312 -1.6753 0.8664
Car -1 -1 -1.4425 596.9362 813.3433 683.3047 889.0437 1.4569 1.7862 3.9146 -8.7132 6.8581 40.8451 -1.6447 0.8138
Car -1 -1 -1.4408 574.1113 811.3359 676.3698 902.2819 1.4742 1.7820 3.8333 -7.6528 6.0052 34.3595 -1.6539 0.7995
