Pedestrian -1 -1 1.2798 986.8719 775.3785 1092.2861 1001.4469 1.5704 0.6452 0.6364 0.5821 2.7436 11.2779 1.3479 0.5917
Pedestrian -1 -1 2.1379 340.4883 752.2742 481.4149 1071.9106 1.7561 0.6055 0.4995 -3.2108 2.5267 8.7501 1.7394 0.5298
Pedestrian -1 -1 -1.7461 771.5405 800.3860 800.4241 870.1481 1.6784 0.6380 0.6511 -4.5033 6.2318 38.4008 -1.8532 0.4837
Pedestrian -1 -1 1.4811 864.9481 789.4995 894.9341 871.3350 1.6946 0.6077 0.6261 -1.7826 5.3355 32.7279 1.4374 0.4077
Pedestrian -1 -1 -1.5715 762.5671 776.5094 835.7239 937.2786 1.6416 0.8302 1.7856 -1.9432 3.5567 17.9583 -1.6759 0.1137
Cyclist -1 -1 -1.5688 763.1652 773.8874 837.7603 935.5234 1.6565 0.8495 1.8335 -1.9334 3.5490 18.0411 -1.6720 0.6006
Car -1 -1 -1.4418 572.7770 797.7388 676.6721 890.2241 1.4813 1.7527 3.6810 -7.3586 5.5151 32.9930 -1.6560 0.9409
Car -1 -1 -1.4724 606.6497 796.2751 689.4241 872.2729 1.4740 1.7615 3.6903 -8.2419 6.2329 39.6033 -1.6703 0.9347
Car -1 -1 -1.4786 629.1103 796.9732 699.1262 862.0328 1.5067 1.7898 3.9682 -9.4073 7.2192 47.5861 -1.6648 0.8934
Car -1 -1 -0.8614 0.0000 697.4507 429.9864 1216.0000 1.4444 1.7402 3.9355 -2.7412 1.7320 3.8731 -1.6876 0.8817
Car -1 -1 -1.4559 523.4156 795.0015 652.9603 917.6262 1.4903 1.7173 3.7344 -6.2948 4.6220 25.5723 -1.6961 0.4688
