Pedestrian -1 -1 1.2911 954.3018 789.3914 1044.5720 982.4583 1.6268 0.6543 0.7690 0.3438 3.1968 13.8217 1.3293 0.7983
Pedestrian -1 -1 -3.5260 1396.5826 723.9426 1599.5208 1216.0000 1.7857 0.6542 0.5857 2.0815 2.1967 5.8639 -3.0884 0.6150
Pedestrian -1 -1 1.4278 866.2304 815.6058 896.6339 886.1541 1.5484 0.6365 0.6374 -1.8821 6.0853 35.2046 1.3858 0.3761
Pedestrian -1 -1 -3.0690 1582.7717 699.8707 1813.3953 1216.0000 1.9176 0.6363 0.5617 2.4448 2.1871 4.9505 -2.4682 0.2956
Pedestrian -1 -1 1.3426 864.3787 816.9696 896.9399 885.5342 1.5246 0.6477 0.7047 -1.9469 6.2115 36.0661 1.3001 0.2844
Cyclist -1 -1 -1.5256 768.1894 791.7720 858.4013 966.3101 1.6733 0.9362 1.9449 -1.6750 3.7069 17.2308 -1.6183 0.5049
Cyclist -1 -1 1.2911 954.3018 789.3914 1044.5720 982.4583 1.6268 0.6543 0.7690 0.3438 3.1968 13.8217 1.3293 0.1003
Car -1 -1 -1.1104 0.0000 730.7316 559.2119 1216.0000 1.4287 1.6999 4.0642 -2.7536 1.9823 5.7178 -1.6671 0.8893
Car -1 -1 -1.4706 611.7539 819.3395 694.1169 896.9928 1.4943 1.7978 4.0254 -8.4621 7.1384 41.3210 -1.6641 0.7189
Car -1 -1 -1.4916 592.9600 814.4240 687.8394 908.8131 1.5447 1.8291 4.0305 -7.4579 6.2572 35.0709 -1.6943 0.6079
