Pedestrian -1 -1 1.3394 952.1142 780.7012 1043.0724 989.8060 1.6537 0.6499 0.6595 0.3027 3.0263 12.7889 1.3762 0.5735
Pedestrian -1 -1 2.0329 398.1600 778.3768 525.9995 1062.2675 1.7156 0.5877 0.6144 -3.2387 2.7495 9.7375 1.6763 0.5134
Pedestrian -1 -1 1.3881 851.4593 808.3243 883.2715 881.1121 1.5500 0.6209 0.6769 -2.1547 5.8027 34.2704 1.3361 0.3863
Pedestrian -1 -1 -1.5728 756.4207 786.6156 836.3857 957.9037 1.6721 0.8769 1.8780 -1.9192 3.6633 17.4319 -1.6792 0.1012
Cyclist -1 -1 -1.5851 757.6936 787.3647 838.8884 958.4962 1.6741 0.8943 1.8915 -1.9174 3.6839 17.5068 -1.6908 0.5980
Car -1 -1 -1.0358 0.0000 724.6830 486.1987 1216.0000 1.3951 1.7271 4.0672 -2.8265 1.8650 4.9137 -1.7025 0.9312
Car -1 -1 -1.4756 597.3196 810.0404 679.4001 886.8626 1.4993 1.7994 3.7892 -8.7372 6.7853 40.7152 -1.6791 0.9099
Car -1 -1 -1.4811 621.6665 806.5861 690.8733 872.4362 1.5251 1.8000 4.0974 -9.8453 7.6780 48.5146 -1.6720 0.9012
Car -1 -1 -1.4339 569.3618 809.1638 672.8920 900.7465 1.4929 1.7822 3.7980 -7.7204 5.9541 34.2420 -1.6497 0.8323
Car -1 -1 -1.4414 523.3317 806.4930 651.5182 924.6220 1.4760 1.7271 3.6368 -6.5276 4.9174 26.4379 -1.6815 0.8040
