Pedestrian -1 -1 1.2411 967.9957 776.6860 1076.1064 997.3382 1.5678 0.6573 0.6936 0.4639 2.7913 11.6310 1.2959 0.7330
Pedestrian -1 -1 -3.5340 1563.4172 638.1465 1875.0601 1216.0000 1.7396 0.7207 0.6491 2.1210 1.7812 4.2726 -2.8986 0.6281
Pedestrian -1 -1 1.3972 860.7097 791.6319 892.9598 870.9882 1.6568 0.6129 0.6966 -1.8853 5.4192 33.3385 1.3514 0.5099
Pedestrian -1 -1 1.9569 368.8142 742.2139 494.2005 1048.0236 1.7565 0.5743 0.5176 -3.1947 2.4868 9.0488 1.5741 0.4766
Pedestrian -1 -1 -1.5930 772.1495 805.0880 797.8558 870.5332 1.5962 0.6537 0.6177 -4.5688 6.3064 38.7424 -1.7007 0.4094
Cyclist -1 -1 -1.5478 754.4957 776.3148 830.7176 938.0289 1.6647 0.8688 1.8665 -2.0248 3.6024 18.1712 -1.6553 0.6104
Car -1 -1 -1.4343 567.1863 800.2249 671.8384 891.9996 1.4788 1.7606 3.6320 -7.5136 5.5877 33.1659 -1.6518 0.9276
Car -1 -1 -1.4887 603.0464 798.7720 683.3257 873.8607 1.4608 1.7713 3.6531 -8.4347 6.3227 39.8975 -1.6897 0.9263
Car -1 -1 -0.8979 0.0000 715.1797 451.1223 1216.0000 1.3991 1.7121 3.9551 -2.7871 1.7764 4.1980 -1.6706 0.9039
Car -1 -1 -1.4798 626.2230 797.8087 694.7589 861.6685 1.4853 1.7632 3.8986 -9.5637 7.2442 47.7810 -1.6684 0.8843
Car -1 -1 -1.4021 516.9275 794.3953 656.5226 915.8992 1.5061 1.7210 3.6821 -6.3560 4.6377 25.7316 -1.6430 0.6547
