Pedestrian -1 -1 1.2251 1005.7898 777.2212 1111.0339 1004.1935 1.5346 0.6177 0.5705 0.7040 2.6856 10.9444 1.3076 0.7489
Pedestrian -1 -1 -1.2803 339.6910 753.1563 475.0259 1077.2919 1.7090 0.6174 0.4588 -3.0831 2.4482 8.3559 -1.6845 0.6332
Pedestrian -1 -1 1.4390 878.1487 790.1055 909.1593 870.9187 1.6638 0.6024 0.6575 -1.4810 5.3167 32.6918 1.4048 0.4667
Pedestrian -1 -1 -1.6299 785.5360 802.5284 810.4462 870.2138 1.6425 0.6077 0.5844 -4.1939 6.2428 38.3930 -1.7289 0.4297
Pedestrian -1 -1 -0.4671 1279.9631 757.6376 1400.8154 1010.7301 1.4734 0.5926 0.5416 2.3728 2.3377 9.3990 -0.1719 0.3928
Pedestrian -1 -1 -3.1267 1672.0638 660.9779 1936.0000 1216.0000 1.6526 0.7031 0.5790 2.4748 1.7682 4.3373 -2.4258 0.3728
Pedestrian -1 -1 -1.6308 769.2510 771.6382 845.8599 932.3400 1.6633 0.8246 1.8113 -1.8911 3.5425 18.1911 -1.7305 0.1199
Cyclist -1 -1 -1.6020 771.8829 771.8040 844.9897 933.0061 1.6722 0.8349 1.8307 -1.8837 3.5573 18.2278 -1.7010 0.6068
Car -1 -1 -1.4685 611.6557 794.7059 695.2041 870.7556 1.4789 1.7652 3.6340 -8.0605 6.1690 39.4138 -1.6629 0.9372
Car -1 -1 -1.4286 578.0649 794.7505 685.6550 888.4393 1.4886 1.7578 3.7721 -7.1419 5.4277 32.7399 -1.6380 0.9320
Car -1 -1 -0.7884 0.0000 686.9677 429.6010 1216.0000 1.4909 1.7877 4.0867 -2.6914 1.7262 3.5429 -1.6751 0.9146
Car -1 -1 -1.4775 637.8725 794.6743 708.2007 859.5943 1.4965 1.7831 3.9650 -9.0607 7.0949 47.2605 -1.6579 0.8637
Car -1 -1 -1.4374 528.7709 791.1481 664.0234 912.9071 1.4645 1.7207 3.6981 -6.0556 4.4776 25.1762 -1.6724 0.8589
