Pedestrian -1 -1 1.3348 953.8546 791.5123 1041.9528 991.6367 1.6552 0.6495 0.7273 0.3218 3.2051 13.4901 1.3720 0.7797
Pedestrian -1 -1 -3.5150 1410.5858 724.7586 1632.7063 1216.0000 1.7401 0.6531 0.6190 2.0526 2.1340 5.5475 -3.0549 0.6289
Pedestrian -1 -1 1.4516 862.9904 808.8262 893.0349 881.3566 1.5858 0.6361 0.6234 -1.9445 5.9199 34.8793 1.4071 0.3805
Pedestrian -1 -1 1.3226 852.6745 812.9659 886.1014 883.1875 1.5432 0.6522 0.6754 -2.1853 6.0636 35.5258 1.2723 0.3662
Cyclist -1 -1 -1.5479 766.7837 791.8909 851.5497 969.5897 1.7004 0.9142 1.9374 -1.7198 3.7312 17.1875 -1.6436 0.5105
Car -1 -1 -1.0664 0.0000 727.3116 545.6226 1216.0000 1.4193 1.7235 4.0751 -2.7685 1.9344 5.4148 -1.6593 0.9176
Car -1 -1 -1.4466 604.9247 816.2070 690.9212 893.1447 1.4872 1.8009 3.9711 -8.5585 7.0101 41.1264 -1.6435 0.8472
Car -1 -1 -1.4681 631.5159 811.5807 700.6227 876.7805 1.5276 1.7788 4.0257 -9.6285 7.9065 49.0203 -1.6524 0.6769
Car -1 -1 -1.4917 551.9937 809.9954 665.9193 926.2791 1.4553 1.6913 3.7650 -6.2910 5.0460 27.0242 -1.7174 0.5480
Car -1 -1 -1.4217 584.4749 812.3943 689.0909 904.3898 1.5220 1.7947 3.9100 -7.5038 6.1494 34.9055 -1.6268 0.2750
