Pedestrian -1 -1 1.1943 1016.5577 762.0092 1124.7264 994.6625 1.5217 0.5907 0.6020 0.7672 2.5269 10.5916 1.2861 0.6043
Pedestrian -1 -1 2.0257 340.3372 766.1042 473.2953 1060.3932 1.5503 0.5523 0.4848 -3.0966 2.3657 8.3796 1.6205 0.3856
Pedestrian -1 -1 1.4446 890.7986 786.8275 921.2084 866.0178 1.6068 0.5878 0.5853 -1.1867 5.1124 32.0416 1.4188 0.3416
Pedestrian -1 -1 -0.4258 1709.0447 653.7307 1936.0000 1216.0000 1.6560 0.7645 0.5783 2.4707 1.7450 4.1669 0.3038 0.3045
Pedestrian -1 -1 -1.6313 798.3458 798.6664 821.7570 860.0060 1.4890 0.5710 0.5457 -3.8836 5.9860 38.3883 -1.7222 0.3013
Pedestrian -1 -1 -1.5986 773.9329 764.4958 846.4706 922.4980 1.6701 0.8445 1.7975 -1.8812 3.4778 18.4209 -1.6964 0.1304
Cyclist -1 -1 -1.5986 773.9329 764.4958 846.4706 922.4980 1.6701 0.8445 1.7975 -1.8812 3.4778 18.4209 -1.6964 0.6001
Car -1 -1 -1.4356 584.1841 790.9688 690.8817 886.7454 1.5315 1.7541 3.7013 -6.9540 5.3455 32.4373 -1.6415 0.9523
Car -1 -1 -1.4955 621.2067 790.3600 700.8235 867.1321 1.4891 1.7470 3.6944 -7.8352 6.0493 39.2805 -1.6851 0.9288
Car -1 -1 -1.5059 643.9410 790.1099 711.4090 854.5902 1.4875 1.7959 3.8878 -8.8572 6.8987 46.9477 -1.6835 0.9115
Car -1 -1 -0.6745 0.0000 679.1609 412.2756 1216.0000 1.4917 1.7830 3.9910 -2.7634 1.6868 3.3399 -1.6216 0.9113
Car -1 -1 -1.3767 530.7822 788.4786 679.5770 910.9122 1.4819 1.7203 3.8092 -5.9045 4.4500 25.2008 -1.6056 0.5768
Car -1 -1 1.9142 0.0000 780.9339 4.3270 893.5585 1.7412 1.9595 4.8140 -22.9764 5.4386 32.8546 1.3003 0.2790
