Pedestrian -1 -1 1.2783 959.5806 781.8329 1060.1914 997.5598 1.5765 0.6377 0.6886 0.3795 2.8726 11.9394 1.3240 0.7845
Pedestrian -1 -1 -3.1837 1531.0096 621.3909 1804.1157 1216.0000 1.7910 0.6889 0.6522 2.1039 1.7817 4.4323 -2.5771 0.5115
Pedestrian -1 -1 1.4495 861.3609 793.0944 891.4311 871.1099 1.6429 0.6057 0.6149 -1.8965 5.4359 33.3702 1.4035 0.4614
Pedestrian -1 -1 -1.6488 764.0612 799.7732 792.7930 870.0054 1.7151 0.6970 0.6915 -4.7641 6.3165 38.9436 -1.7609 0.4084
Cyclist -1 -1 -1.5299 750.5621 774.5156 830.9492 940.8654 1.6827 0.8681 1.8792 -2.0075 3.5638 17.8341 -1.6389 0.5606
Car -1 -1 -1.4783 597.1667 798.0370 678.1827 873.4607 1.4699 1.7542 3.7533 -8.6281 6.3421 40.1194 -1.6827 0.9248
Car -1 -1 -1.4284 563.4274 799.7590 669.9185 892.9139 1.5082 1.7801 3.7830 -7.6503 5.6540 33.5021 -1.6475 0.9200
Car -1 -1 -1.4806 622.4011 796.9675 690.7134 860.3135 1.4746 1.7626 3.9234 -9.7213 7.2253 47.9387 -1.6717 0.9111
Car -1 -1 -0.9131 0.0000 710.9818 456.2267 1216.0000 1.4225 1.7125 3.9723 -2.8027 1.7888 4.3004 -1.6706 0.9042
Car -1 -1 -1.4133 512.8212 798.2841 651.0134 920.1558 1.4964 1.7312 3.7470 -6.4617 4.7158 25.8263 -1.6571 0.8781
