Pedestrian -1 -1 1.1157 1198.5850 720.6127 1376.3141 1049.2664 1.5416 0.6282 0.8135 1.6683 2.0664 7.7413 1.3786 0.6438
Pedestrian -1 -1 1.4139 950.3533 767.0720 989.4406 858.6353 1.6930 0.6729 0.6795 0.1647 4.5077 29.2235 1.4320 0.5857
Cyclist -1 -1 -1.5757 819.9260 747.7622 882.5823 902.7297 1.7325 0.7629 1.8561 -1.4095 3.3870 19.1838 -1.6429 0.5286
Car -1 -1 -1.5140 669.9774 776.2982 747.4539 852.1817 1.4413 1.6874 3.4348 -6.2626 5.4051 37.3581 -1.6727 0.9424
Car -1 -1 -1.4810 695.7316 772.8141 767.9209 836.9510 1.4751 1.7918 3.7891 -6.8998 6.1451 45.2761 -1.6233 0.9323
Car -1 -1 -1.4821 637.2490 775.3852 740.1407 872.0896 1.4968 1.7455 3.5102 -5.5223 4.7637 30.6416 -1.6551 0.9267
Car -1 -1 1.9790 70.2958 795.4022 241.4171 893.3795 1.5191 1.7754 4.2751 -17.6821 5.5405 33.0656 1.4864 0.6777
Car -1 -1 1.8678 191.2719 792.0264 316.6185 874.3950 1.5604 1.7875 4.5468 -18.9845 6.3352 40.3485 1.4305 0.5850
Car -1 -1 -0.1030 0.0000 0.0000 1936.0000 1195.4165 1.4709 1.7158 3.9421 -2.6344 1.3825 1.6582 -1.5645 0.5774
Car -1 -1 -1.3678 571.1129 776.4238 713.4102 890.0987 1.3320 1.5566 3.1296 -4.8892 3.8486 23.2695 -1.5744 0.4182
