Pedestrian -1 -1 1.0316 1228.8365 712.1328 1420.0996 1061.7562 1.5457 0.6219 0.7617 1.7489 1.9962 7.2784 1.3259 0.7938
Pedestrian -1 -1 1.3972 954.5964 768.5460 993.9940 861.5584 1.6960 0.6568 0.7039 0.2477 4.5096 28.8940 1.4184 0.4347
Pedestrian -1 -1 -1.6799 859.6698 778.0294 883.4137 843.2916 1.5247 0.5326 0.5116 -2.1987 5.3043 36.6162 -1.7293 0.4025
Pedestrian -1 -1 -1.3471 208.8535 693.9158 403.7525 1151.9969 1.7630 0.6766 0.5098 -2.6912 2.0645 6.1950 -1.8474 0.4024
Cyclist -1 -1 -1.5496 826.4836 747.6840 888.9913 902.5325 1.7494 0.7529 1.8511 -1.3183 3.4133 19.3257 -1.6111 0.5379
Car -1 -1 -1.4631 641.3903 776.6725 748.5093 874.3490 1.5039 1.7543 3.4980 -5.3523 4.7735 30.4165 -1.6318 0.9397
Car -1 -1 -1.5034 674.1064 775.2922 756.0218 854.8332 1.5025 1.7387 3.5640 -6.0571 5.4196 37.0989 -1.6577 0.9354
Car -1 -1 -1.4980 698.4749 772.6432 771.8944 839.7877 1.5324 1.8682 3.9341 -6.7638 6.1851 45.0686 -1.6379 0.9288
Car -1 -1 2.0690 50.3186 790.2806 248.7483 894.9866 1.5952 1.8082 4.5255 -17.3301 5.4071 32.2036 1.5732 0.6246
Car -1 -1 2.0042 217.5795 794.8076 368.0405 879.7932 1.6129 1.8943 4.6094 -17.7593 6.4201 39.9880 1.5892 0.2703
