Pedestrian -1 -1 0.9545 1319.3741 715.2224 1528.4863 1116.8208 1.5938 0.6162 0.6629 1.9960 2.0107 6.5079 1.3308 0.7202
Pedestrian -1 -1 1.4134 979.8315 766.6534 1020.1569 863.5422 1.7286 0.6653 0.7135 0.7266 4.4415 28.2259 1.4526 0.5233
Pedestrian -1 -1 -1.6555 883.6908 771.6005 908.4193 838.2967 1.5481 0.5622 0.5358 -1.5861 5.1408 36.3248 -1.6881 0.4594
Pedestrian -1 -1 -1.6471 191.6579 681.6234 416.7474 1186.8481 1.7102 0.6843 0.5065 -2.4417 1.9361 5.5543 -2.1686 0.2913
Cyclist -1 -1 -1.5493 836.4371 745.0552 899.4478 899.2446 1.7685 0.7678 1.8512 -1.2005 3.4149 19.5521 -1.6035 0.5108
Car -1 -1 -1.4650 649.4622 768.8224 761.3755 871.2228 1.5587 1.8026 3.6101 -5.0330 4.6072 29.8233 -1.6267 0.9490
Car -1 -1 -1.4781 678.4308 768.7697 771.0369 850.5728 1.4881 1.8387 4.1772 -5.7631 5.2392 36.8541 -1.6257 0.8585
Car -1 -1 -1.5322 714.0943 767.0750 784.1264 833.8676 1.4906 1.8700 4.1236 -6.2802 5.9362 44.6203 -1.6629 0.8370
Car -1 -1 -1.4767 727.3327 772.2692 790.6404 828.3121 1.4211 1.6985 3.4073 -6.5562 6.3946 48.7398 -1.6007 0.5705
Car -1 -1 1.9975 80.0133 776.4972 252.9581 874.4127 1.5913 1.7635 4.3668 -17.6492 5.2088 33.4516 1.5101 0.2935
Car -1 -1 2.1741 0.0000 782.4018 7.4706 916.8125 1.4455 1.9251 4.2902 -17.1787 4.1388 23.3878 1.5274 0.2920
