Pedestrian -1 -1 1.1440 1059.8713 754.1341 1185.1149 1009.2017 1.5308 0.6058 0.6573 1.0454 2.4112 9.7853 1.2759 0.7754
Pedestrian -1 -1 1.4607 905.6707 783.4628 935.2679 861.9255 1.5636 0.5682 0.5647 -0.8590 4.9259 31.3944 1.4447 0.4847
Cyclist -1 -1 -1.5901 790.2104 756.6927 860.8915 913.1825 1.7067 0.8473 1.8731 -1.7311 3.4610 18.9295 -1.6764 0.5448
Car -1 -1 -1.4437 596.7829 784.4434 704.0215 878.7383 1.4872 1.7635 3.7020 -6.5740 5.0999 31.9539 -1.6414 0.9412
Car -1 -1 -1.5086 635.4318 783.4557 713.6727 860.4396 1.4778 1.7336 3.7990 -7.4038 5.8118 38.8878 -1.6894 0.9199
Car -1 -1 -0.5104 0.0000 640.4979 376.6400 1216.0000 1.5432 1.8046 4.2169 -2.6784 1.5936 2.6785 -1.6237 0.9161
Car -1 -1 -1.5265 659.3914 780.8798 724.7841 845.6038 1.5063 1.7998 3.8629 -8.3448 6.5791 46.6064 -1.6949 0.8913
Car -1 -1 1.9972 24.9025 784.3446 197.2677 878.0623 1.4991 1.7613 4.2596 -18.9797 5.3170 33.6081 1.4809 0.7320
Car -1 -1 1.9247 165.7587 792.3191 296.6162 873.3428 1.5667 1.7295 4.5830 -19.9364 6.4269 41.0485 1.4752 0.7111
Car -1 -1 -1.3810 539.3847 781.4005 685.5026 900.0456 1.4205 1.6720 3.6761 -5.6690 4.2002 24.6946 -1.6058 0.5768
Car -1 -1 2.0849 0.0000 770.3500 18.3623 880.5128 1.4102 1.7726 4.1798 -19.0843 4.2535 27.0591 1.4612 0.4334
