Pedestrian -1 -1 0.9439 1281.7635 708.6869 1466.1693 1080.5820 1.5832 0.6003 0.5863 1.8918 1.9903 6.8988 1.2798 0.5756
Pedestrian -1 -1 1.3712 966.2608 768.8742 1006.7242 865.1172 1.7336 0.6511 0.7170 0.4777 4.5232 28.5670 1.4010 0.5752
Pedestrian -1 -1 -1.6794 871.8519 772.3192 897.3083 841.3361 1.6101 0.5690 0.5736 -1.8793 5.2508 36.6056 -1.7198 0.4313
Cyclist -1 -1 -1.5085 831.5762 748.5171 899.6372 900.1724 1.7347 0.7598 1.8289 -1.2278 3.4239 19.5177 -1.5643 0.5592
Car -1 -1 -1.4658 646.8737 770.2808 752.6272 869.7803 1.5326 1.7134 3.4641 -5.1867 4.6241 30.0195 -1.6315 0.9368
Car -1 -1 -1.4904 677.4794 773.1483 763.1776 853.7615 1.5047 1.7618 3.7182 -5.8871 5.3508 36.8801 -1.6412 0.8910
Car -1 -1 -1.5581 709.7720 770.2593 776.0482 838.0546 1.5232 1.8747 4.0565 -6.5016 6.0895 44.8496 -1.6930 0.7332
Car -1 -1 2.0233 61.7005 781.8593 255.2662 888.3358 1.6280 1.7945 4.7324 -17.2042 5.2740 32.3378 1.5321 0.7002
Car -1 -1 -1.4277 716.5767 773.9907 784.1378 832.8333 1.5156 1.6877 3.3798 -6.8504 6.5545 48.8406 -1.5573 0.4160
Car -1 -1 2.1389 0.0000 790.7574 3.5788 918.6094 1.3978 1.8594 4.1078 -17.4751 4.2901 23.9606 1.4967 0.2885
