Pedestrian -1 -1 1.2012 1118.9062 743.1823 1251.0901 1024.0483 1.5711 0.6187 0.6228 1.3408 2.3146 9.0356 1.3821 0.6803
Pedestrian -1 -1 1.3491 919.0052 773.1541 956.7595 858.4180 1.6486 0.6390 0.7366 -0.4860 4.7489 30.8422 1.3451 0.6362
Cyclist -1 -1 -1.5837 804.1674 750.2661 869.7705 906.4129 1.7391 0.7982 1.8848 -1.6021 3.4301 19.1960 -1.6614 0.4848
Car -1 -1 -1.4756 647.3719 777.2540 729.5328 853.0966 1.4701 1.7071 3.5871 -6.9343 5.5599 38.2896 -1.6475 0.9389
Car -1 -1 -1.4580 618.0091 778.4370 722.0717 871.3584 1.4637 1.7355 3.5483 -6.0598 4.8803 31.4444 -1.6432 0.9361
Car -1 -1 -1.5324 678.5251 774.3138 744.6762 839.2574 1.5076 1.8308 3.9317 -7.6764 6.3347 46.2526 -1.6880 0.9162
Car -1 -1 -0.2826 0.0000 0.0000 1936.0000 1216.0000 1.5456 1.8170 4.3261 -2.6352 1.5120 2.0819 -1.5869 0.8083
Car -1 -1 1.9352 58.7909 788.5828 215.8720 882.5521 1.4896 1.7047 4.1693 -18.3375 5.3942 33.4910 1.4324 0.6916
Car -1 -1 1.8517 191.7463 785.5394 310.8270 866.9476 1.5779 1.7162 4.5993 -19.3162 6.2286 40.8882 1.4128 0.6597
Car -1 -1 2.1051 0.0000 767.2366 20.5478 878.3817 1.3769 1.6546 3.8693 -18.0458 4.0090 25.6525 1.4809 0.3541
