Pedestrian -1 -1 1.1027 1126.7322 732.7771 1276.3997 1026.0109 1.5639 0.6260 0.6953 1.3860 2.2220 8.7037 1.2969 0.5951
Pedestrian -1 -1 1.3492 930.9958 769.1639 968.5600 856.7195 1.6853 0.6368 0.6916 -0.2380 4.6697 30.5300 1.3534 0.5099
Pedestrian -1 -1 -1.7438 833.8840 784.3070 857.8612 847.3053 1.4924 0.5237 0.4833 -2.8739 5.4921 37.2253 -1.8106 0.3684
Cyclist -1 -1 -1.5600 805.8168 749.1719 874.5780 905.0377 1.7354 0.8350 1.8815 -1.5338 3.4074 19.1549 -1.6342 0.5001
Car -1 -1 -1.4441 624.1140 777.7770 729.9731 871.8453 1.4740 1.7083 3.5447 -5.8563 4.8441 31.1508 -1.6247 0.9383
Car -1 -1 -1.5358 683.4518 771.4921 750.2937 836.9507 1.5102 1.8518 4.0144 -7.4733 6.2270 46.0162 -1.6880 0.9247
Car -1 -1 -1.5091 657.1465 776.2018 734.6878 851.4601 1.4508 1.7028 3.5554 -6.7222 5.4992 38.1560 -1.6762 0.9237
Car -1 -1 1.9890 61.6222 789.1901 227.2338 882.3151 1.4670 1.6826 4.1725 -18.0602 5.3593 33.2821 1.4899 0.8189
Car -1 -1 1.8832 190.7828 785.3525 318.3463 867.8860 1.5767 1.7542 4.6399 -18.9674 6.1652 40.3546 1.4461 0.7541
Car -1 -1 -0.1523 0.0000 0.0000 1936.0000 1216.0000 1.5847 1.8208 4.1534 -2.6734 1.4710 1.8822 -1.5313 0.6342
Car -1 -1 1.7805 280.0197 790.0471 374.5491 861.4156 1.5906 1.7913 4.5629 -19.7969 7.0332 46.8769 1.3859 0.3989
