Pedestrian -1 -1 0.9417 1400.6051 688.1091 1656.1140 1179.2236 1.6644 0.6025 0.7406 2.0925 1.9182 5.5893 1.4071 0.7682
Pedestrian -1 -1 -1.6227 887.5436 768.0856 914.3270 841.6251 1.6876 0.6186 0.6110 -1.4522 5.1594 35.9306 -1.6519 0.5735
Pedestrian -1 -1 -1.5437 68.4935 637.6992 338.0452 1216.0000 1.8903 0.7220 0.5079 -2.4437 1.9351 4.8188 -2.1530 0.5695
Pedestrian -1 -1 1.3187 987.1725 767.8579 1031.1471 868.5610 1.7070 0.6364 0.7400 0.8599 4.3281 26.9908 1.3642 0.5294
Cyclist -1 -1 -1.5678 843.2836 750.3269 904.7109 903.6937 1.7543 0.7654 1.8496 -1.1326 3.4763 19.5887 -1.6181 0.5278
Car -1 -1 -1.4682 657.2882 772.9611 768.3814 875.6571 1.5113 1.7528 3.6295 -4.7867 4.5893 29.2291 -1.6250 0.9499
Car -1 -1 -1.5122 721.4136 773.3527 792.8000 840.5043 1.4751 1.8077 3.9683 -5.9461 6.0367 43.9109 -1.6375 0.8879
Car -1 -1 -1.5021 685.9986 774.4336 771.2372 855.4699 1.4541 1.7315 3.6494 -5.4969 5.2102 35.6785 -1.6475 0.8011
Car -1 -1 1.8480 285.4219 786.2412 403.0416 863.8278 1.4656 1.7514 4.4310 -16.4564 6.0402 40.1030 1.4616 0.4905
Car -1 -1 -1.4858 737.4587 776.0818 801.1406 834.1005 1.4665 1.7334 3.4222 -6.2012 6.5551 48.5960 -1.6027 0.3531
