Pedestrian -1 -1 1.4154 1009.8093 766.9023 1054.4130 874.4631 1.7037 0.6532 0.7189 1.1841 4.1241 25.1012 1.4770 0.7221
Pedestrian -1 -1 -1.5882 898.8976 764.1626 925.5009 842.2817 1.7427 0.6155 0.6751 -1.1491 5.0306 34.9567 -1.6098 0.5542
Pedestrian -1 -1 0.9204 1656.3009 625.0857 1936.0000 1216.0000 1.7665 0.6676 0.6525 2.3092 1.7670 3.9582 1.6538 0.5476
Cyclist -1 -1 -1.5878 844.3947 747.6504 909.9490 895.8524 1.7466 0.8434 1.9002 -1.1456 3.4862 20.2171 -1.6367 0.5113
Car -1 -1 -1.4541 654.3955 773.5352 771.8416 879.2463 1.4766 1.7264 3.5696 -4.5451 4.4225 27.8205 -1.6110 0.9592
Car -1 -1 -1.4763 689.2200 771.7289 782.6901 858.1885 1.5122 1.7564 3.6909 -5.1300 5.0787 34.4394 -1.6168 0.9407
Car -1 -1 -1.5164 724.8729 771.8939 798.2777 843.0484 1.5241 1.8159 3.9834 -5.6310 5.9074 42.5451 -1.6388 0.8566
Car -1 -1 1.9367 193.2068 779.1011 337.9476 866.5674 1.5456 1.7355 4.4479 -16.9764 5.5677 36.7294 1.5044 0.7339
Car -1 -1 2.0164 37.8493 789.7768 235.7348 895.0878 1.5008 1.8341 4.3727 -16.6946 5.1155 30.5495 1.5127 0.3526
Car -1 -1 2.1856 0.0000 789.4100 33.3074 930.0408 1.5306 1.9120 4.2906 -16.8396 4.3538 23.5007 1.5516 0.3359
Car -1 -1 1.9680 96.3127 780.8322 247.5046 869.7711 1.5842 1.7324 4.3336 -19.2601 5.6442 36.7025 1.4846 0.3013
