Pedestrian -1 -1 0.9111 1354.0325 708.5207 1579.6869 1142.8684 1.5998 0.6089 0.6515 2.0265 1.9598 6.0483 1.3252 0.6289
Pedestrian -1 -1 1.3200 982.2009 767.8619 1025.2688 862.5634 1.6626 0.6505 0.7353 0.7900 4.3774 27.9712 1.3617 0.5660
Pedestrian -1 -1 -1.6683 886.7183 768.1062 913.5280 837.9684 1.6050 0.5974 0.5780 -1.4748 5.0847 36.0123 -1.6981 0.4901
Pedestrian -1 -1 -1.5543 117.8221 661.0087 370.1555 1216.0000 1.8865 0.7323 0.5207 -2.4734 2.0209 5.1518 -2.1251 0.4024
Pedestrian -1 -1 1.4211 986.5118 765.5311 1026.4047 864.2858 1.6981 0.6379 0.6732 0.8158 4.2843 27.1325 1.4648 0.3146
Pedestrian -1 -1 1.3952 1711.7578 727.6259 1851.0519 1075.7979 1.6871 0.5945 0.5789 4.2917 2.2533 7.8584 1.9869 0.2837
Cyclist -1 -1 -1.5502 841.4142 745.7957 906.3289 900.4146 1.7642 0.7905 1.8681 -1.1183 3.4159 19.4863 -1.6002 0.5047
Car -1 -1 -1.4741 652.3336 770.6934 761.1157 873.3960 1.5460 1.7581 3.5673 -4.9649 4.6070 29.5614 -1.6351 0.9519
Car -1 -1 -1.4890 718.7713 768.4615 793.0061 834.5756 1.4643 1.8089 4.1187 -6.0358 5.9211 44.3275 -1.6152 0.9020
Car -1 -1 -1.4989 680.7067 771.2656 767.5703 853.0818 1.4835 1.7668 3.7354 -5.6446 5.1911 35.9505 -1.6473 0.9004
Car -1 -1 -1.4916 735.3130 772.6039 798.2770 830.7468 1.4879 1.7413 3.4414 -6.3268 6.4945 48.9351 -1.6103 0.5693
Car -1 -1 2.1379 25.2845 783.0787 231.6565 885.0544 1.5703 1.8600 4.2489 -17.6529 5.1805 31.9553 1.6303 0.2568
