Pedestrian -1 -1 1.3863 1030.6895 758.5210 1079.2666 872.1235 1.7038 0.6514 0.7752 1.4880 3.8713 23.8377 1.4640 0.6143
Pedestrian -1 -1 -1.7001 908.9972 758.6427 937.9986 834.3695 1.6432 0.5896 0.6370 -0.8632 4.7221 34.0690 -1.7141 0.5842
Pedestrian -1 -1 1.5571 927.4889 769.2003 946.7858 824.2471 1.7588 0.6372 0.5996 -0.8022 6.5826 49.6860 1.5535 0.4059
Cyclist -1 -1 -1.5629 846.2789 742.7362 912.1127 884.1772 1.6960 0.8579 1.8479 -1.1061 3.3805 20.4379 -1.6092 0.5056
Car -1 -1 -1.4286 651.7104 765.2516 779.5118 875.2252 1.4997 1.7459 3.5843 -4.3256 4.1844 26.8013 -1.5842 0.9543
Car -1 -1 -1.5006 697.5165 764.0674 788.5057 851.3571 1.4976 1.7330 3.5849 -4.8169 4.7766 33.3890 -1.6368 0.9344
Car -1 -1 -1.5105 734.9327 765.6213 807.8773 833.8416 1.4276 1.7385 3.8915 -5.2204 5.5202 41.5005 -1.6266 0.8259
Car -1 -1 1.9765 177.3379 767.1531 325.5320 849.3680 1.4597 1.7075 4.1714 -16.9755 5.0839 35.9844 1.5353 0.6203
Car -1 -1 -1.4366 756.3162 769.5562 824.8091 824.9765 1.3925 1.7226 3.9441 -5.6638 6.4230 50.0062 -1.5391 0.5500
Car -1 -1 2.2465 5.1045 770.3199 224.3079 868.6953 1.4496 1.6907 4.1511 -17.2246 4.6449 30.6753 1.7302 0.5307
