Pedestrian -1 -1 -1.6401 909.1995 763.0606 937.7599 843.0775 1.7249 0.6086 0.6462 -0.8566 4.8782 33.7837 -1.6540 0.6528
Pedestrian -1 -1 1.3385 1032.6306 764.2101 1084.9307 879.6315 1.6926 0.6630 0.7916 1.5222 3.9170 23.4368 1.4189 0.5937
Pedestrian -1 -1 1.6141 927.7043 770.9207 948.8945 826.9831 1.7682 0.6633 0.6056 -0.7527 6.5963 49.1293 1.6113 0.4375
Cyclist -1 -1 -1.5625 847.8882 748.9551 910.1409 891.8072 1.7120 0.8128 1.8286 -1.1099 3.4869 20.4656 -1.6088 0.5106
Car -1 -1 -1.4251 651.0875 770.7581 779.9785 884.6838 1.5330 1.7308 3.5124 -4.2632 4.2808 26.4069 -1.5807 0.9568
Car -1 -1 -1.4971 695.6048 770.6442 788.9510 860.9033 1.5167 1.7456 3.6169 -4.7738 4.9138 32.9959 -1.6337 0.9294
Car -1 -1 -1.5258 735.8236 769.4348 809.1306 842.3038 1.5163 1.7841 3.8723 -5.1302 5.6741 41.0239 -1.6411 0.6938
Car -1 -1 1.9909 167.2883 774.6965 310.2789 854.8824 1.4205 1.6145 3.9731 -17.2984 5.2282 36.0044 1.5426 0.5018
Car -1 -1 -1.4359 756.4044 774.6575 826.4597 832.9003 1.4571 1.7577 3.9356 -5.5958 6.6312 49.6717 -1.5378 0.4475
Car -1 -1 2.1831 0.0000 774.5544 205.6986 872.3798 1.4136 1.6733 4.0905 -17.2530 4.6451 30.1794 1.6586 0.3997
