Pedestrian -1 -1 1.3132 1023.6224 764.8163 1073.7532 872.7377 1.6449 0.6445 0.7958 1.4213 3.9709 24.4108 1.3865 0.6269
Pedestrian -1 -1 -1.6575 904.8922 758.0169 932.5086 834.4525 1.6795 0.5896 0.6179 -0.9811 4.7696 34.3753 -1.6747 0.5627
Pedestrian -1 -1 1.6551 918.2660 769.5397 939.6412 824.9858 1.7789 0.6580 0.6288 -1.0803 6.6556 50.0817 1.6459 0.3414
Cyclist -1 -1 -1.5573 842.0261 741.9680 912.7202 888.0414 1.7255 0.9079 1.9051 -1.1108 3.3812 20.1831 -1.6046 0.5325
Car -1 -1 -1.4445 649.8332 764.6756 773.2448 874.1034 1.5092 1.7440 3.6280 -4.4610 4.2207 27.1687 -1.6027 0.9601
Car -1 -1 -1.4731 689.8121 766.8359 785.3162 852.4846 1.4765 1.7565 3.6156 -4.9873 4.8532 33.7334 -1.6129 0.9449
Car -1 -1 -1.4964 730.9266 764.2644 807.9381 835.1249 1.4948 1.7982 4.1393 -5.3257 5.5995 41.9384 -1.6136 0.8981
Car -1 -1 1.9796 180.5698 766.0593 327.9066 849.4457 1.5069 1.7215 4.1108 -16.9891 5.1157 36.1510 1.5400 0.6466
Car -1 -1 2.2121 18.4511 773.4166 229.0623 870.2886 1.4451 1.7193 4.0551 -17.1917 4.7282 30.9363 1.7005 0.5447
Car -1 -1 2.0824 67.0727 767.3361 244.6588 858.0344 1.5725 1.7105 4.4742 -18.8569 5.1454 35.2580 1.5898 0.4608
