Pedestrian -1 -1 0.8573 1716.9871 588.3208 1936.0000 1216.0000 1.7090 0.6442 0.6666 2.1882 1.6348 3.4047 1.6860 0.6198
Pedestrian -1 -1 1.4005 1014.9565 762.5412 1061.1963 870.7052 1.6849 0.6563 0.7418 1.2646 3.9977 24.7246 1.4663 0.5544
Pedestrian -1 -1 -3.4187 1490.5840 827.2642 1729.3263 1124.3040 1.1388 0.5436 0.8810 2.8304 2.0800 6.5920 -2.9159 0.4907
Pedestrian -1 -1 -1.6660 904.5033 760.9675 932.4285 836.9762 1.6810 0.5964 0.6254 -0.9944 4.8651 34.6499 -1.6833 0.4715
Pedestrian -1 -1 1.5536 919.4481 772.8052 939.3353 827.6082 1.7792 0.6695 0.6470 -1.0818 6.8242 50.6761 1.5448 0.3939
Cyclist -1 -1 -1.5597 842.6690 744.1638 910.8671 891.0396 1.7334 0.8762 1.9094 -1.1220 3.4213 20.1948 -1.6076 0.5177
Cyclist -1 -1 -3.4187 1490.5840 827.2642 1729.3263 1124.3040 1.1388 0.5436 0.8810 2.8304 2.0800 6.5920 -2.9159 0.1121
Car -1 -1 -1.4466 653.8010 769.4210 772.7823 875.2104 1.4758 1.7143 3.5185 -4.4939 4.3089 27.5295 -1.6036 0.9607
Car -1 -1 -1.4790 689.5253 769.8615 782.5067 854.7202 1.4740 1.7418 3.5308 -5.0580 4.9403 33.9527 -1.6197 0.9381
Car -1 -1 -1.4899 726.4855 766.4885 803.8444 838.8273 1.5586 1.8080 3.9860 -5.4791 5.7443 42.1818 -1.6100 0.8989
Car -1 -1 1.9958 186.2717 770.9908 339.3005 857.1758 1.5557 1.7425 4.3549 -16.9771 5.3434 36.5876 1.5616 0.7199
Car -1 -1 2.1230 12.9767 779.3490 225.4519 881.5867 1.4940 1.7678 4.4168 -17.2260 4.9135 30.8669 1.6100 0.5448
