Pedestrian -1 -1 0.8860 1448.3783 670.3026 1737.4346 1206.9083 1.6826 0.6306 0.7243 2.1529 1.8519 5.1672 1.4067 0.7081
Pedestrian -1 -1 -1.5469 887.0541 776.9657 912.8091 849.9727 1.6671 0.5934 0.5697 -1.4589 5.3192 35.6287 -1.5766 0.5200
Pedestrian -1 -1 -1.1996 0.0000 642.7393 251.8056 1216.0000 1.8199 0.6654 0.5993 -2.4547 1.8760 4.3163 -1.8878 0.3954
Pedestrian -1 -1 1.3439 991.2956 770.2834 1033.6263 872.1437 1.7111 0.6207 0.6965 0.9083 4.3413 26.6558 1.3918 0.3558
Cyclist -1 -1 -1.6422 833.7450 753.9915 906.4020 908.1148 1.7720 0.8411 1.8865 -1.2313 3.5700 19.8391 -1.6968 0.5395
Car -1 -1 -1.4746 658.1115 779.5408 768.7231 882.0677 1.4753 1.7466 3.5651 -4.7183 4.6510 28.8776 -1.6311 0.9476
Car -1 -1 -1.5371 723.9846 778.1713 791.7905 846.1486 1.4806 1.7890 3.8336 -5.8761 6.1470 43.5382 -1.6619 0.8942
Car -1 -1 -1.4736 684.7050 778.9689 775.7555 862.1687 1.4765 1.7472 3.6505 -5.3982 5.3063 35.3084 -1.6178 0.8679
Car -1 -1 1.8759 290.4109 786.9300 404.3653 861.3305 1.4699 1.6976 4.1971 -16.7927 6.1579 41.1086 1.4915 0.4735
Car -1 -1 -1.4704 737.6700 781.5780 802.7587 839.6190 1.4494 1.7225 3.5367 -6.1890 6.7434 48.7470 -1.5866 0.3114
