Pedestrian -1 -1 -1.5855 938.7753 777.3217 968.2441 863.9759 1.7679 0.6261 0.7127 -0.1676 5.0793 32.1303 -1.5783 0.7072
Pedestrian -1 -1 1.6078 964.8861 785.7363 986.3676 841.8433 1.6574 0.6361 0.5520 0.4449 6.6536 46.1595 1.6307 0.4733
Pedestrian -1 -1 1.3455 1079.6406 771.0813 1137.5422 900.8959 1.6202 0.6225 0.7953 1.9692 3.6231 20.0606 1.4615 0.4494
Pedestrian -1 -1 -1.6099 908.7983 778.2200 935.5663 859.8798 1.6822 0.5603 0.5122 -0.8411 5.0004 32.0938 -1.6246 0.2863
Cyclist -1 -1 -1.5399 861.8632 760.6849 925.8514 904.3766 1.7529 0.8196 1.8476 -0.9232 3.7364 20.9184 -1.5751 0.5539
Car -1 -1 -1.4105 649.0096 781.7195 793.9266 908.6965 1.5300 1.7472 3.6089 -3.8107 4.2690 24.3074 -1.5619 0.9422
Car -1 -1 -1.4719 703.8115 783.2744 810.4901 883.5995 1.5303 1.7781 3.8438 -4.1480 5.0086 30.8981 -1.5979 0.9244
Car -1 -1 -1.4809 745.6037 789.6393 826.4709 864.3262 1.4258 1.7158 3.7852 -4.5026 5.9173 38.8651 -1.5868 0.8621
Car -1 -1 1.9501 276.3213 786.8387 401.2330 860.9102 1.4717 1.7032 4.2641 -17.0659 6.1665 41.2134 1.5608 0.5453
Car -1 -1 -1.4380 760.3621 789.5518 834.8234 856.2260 1.5146 1.7195 3.4708 -4.8228 6.6032 44.4518 -1.5357 0.2675
