Pedestrian -1 -1 -1.5867 937.1282 777.9288 964.6536 862.4487 1.7452 0.5904 0.6522 -0.2261 5.0945 32.4010 -1.5814 0.6578
Pedestrian -1 -1 1.3411 1070.9542 769.9332 1128.6381 898.1861 1.6536 0.6436 0.7824 1.9082 3.7000 20.6738 1.4508 0.6184
Pedestrian -1 -1 1.6237 958.2026 786.8983 979.8607 842.6068 1.6591 0.6394 0.5481 0.2434 6.7344 46.5549 1.6420 0.5398
Pedestrian -1 -1 -1.6178 908.8791 780.3220 935.0364 860.3978 1.6614 0.5480 0.5215 -0.8534 5.0556 32.3808 -1.6326 0.3365
Pedestrian -1 -1 -1.5326 857.9331 760.0635 922.0653 905.2111 1.7593 0.8020 1.8340 -0.9693 3.7177 20.7509 -1.5705 0.1032
Cyclist -1 -1 -1.5409 858.8192 761.2346 922.0887 907.2921 1.7711 0.8065 1.8642 -0.9659 3.7540 20.8151 -1.5785 0.5362
Car -1 -1 -1.4279 649.6505 783.2066 789.1774 907.9004 1.5183 1.7470 3.6495 -3.9086 4.3267 24.6968 -1.5806 0.9460
Car -1 -1 -1.4502 698.0992 783.7325 808.8048 882.8354 1.5311 1.8061 3.8908 -4.2794 5.0644 31.3147 -1.5786 0.9162
Car -1 -1 -1.4899 740.4861 791.3359 819.2825 863.9276 1.3980 1.7235 3.7114 -4.7174 5.9813 39.3014 -1.5999 0.8392
Car -1 -1 2.0599 276.1294 789.1881 416.0108 864.9841 1.5231 1.7188 4.5936 -17.4707 6.4770 42.7183 1.6757 0.2926
Car -1 -1 2.1952 0.0000 779.4752 165.4442 883.8135 1.3415 1.5792 3.7985 -16.2540 4.3305 26.9647 1.6446 0.2440
