Pedestrian -1 -1 -1.5821 923.0972 772.0411 949.6638 852.9088 1.7273 0.5873 0.6045 -0.5551 5.0404 33.3655 -1.5868 0.6317
Pedestrian -1 -1 1.3312 1043.0720 773.2762 1097.1387 890.1188 1.6119 0.6407 0.7892 1.6081 3.8562 22.1819 1.4197 0.5448
Pedestrian -1 -1 -1.5607 894.9352 772.6678 920.3690 851.0370 1.6795 0.5556 0.5414 -1.1938 5.0030 33.3595 -1.5853 0.4466
Pedestrian -1 -1 1.5766 936.5424 780.3175 955.9145 834.7487 1.6851 0.6135 0.5400 -0.4824 6.7152 48.1271 1.5793 0.4062
Cyclist -1 -1 -1.5448 851.4185 754.2230 915.3287 897.4232 1.7219 0.8139 1.8253 -1.0514 3.5796 20.5624 -1.5877 0.4972
Car -1 -1 -1.4193 650.8235 774.5123 784.6268 891.6166 1.5158 1.7279 3.5121 -4.0919 4.2537 25.6085 -1.5734 0.9457
Car -1 -1 -1.4618 699.2576 778.3774 798.9550 868.0359 1.4655 1.7301 3.5135 -4.5234 4.9628 32.3006 -1.5936 0.9203
Car -1 -1 -1.5023 732.9359 780.4434 808.6536 851.3425 1.4391 1.7439 3.5879 -5.0783 5.8147 40.2346 -1.6187 0.8848
Car -1 -1 2.0950 35.1878 774.2648 221.1222 866.6492 1.5103 1.7415 4.2596 -18.5446 5.0728 33.5240 1.5872 0.3807
Car -1 -1 -1.4560 754.6056 781.1273 826.3135 844.3598 1.4770 1.7411 3.7827 -5.2354 6.5054 46.2306 -1.5586 0.3410
