Pedestrian -1 -1 1.2963 1038.4268 769.0912 1091.7180 884.7365 1.6508 0.6382 0.7661 1.5819 3.8982 22.8718 1.3812 0.4980
Pedestrian -1 -1 -1.6055 910.9150 769.3485 938.2277 848.6661 1.6913 0.5958 0.6388 -0.8233 4.9530 33.4347 -1.6186 0.4267
Pedestrian -1 -1 1.5597 936.3854 777.4453 956.5035 833.1952 1.7453 0.6516 0.5874 -0.4827 6.7468 48.7345 1.5625 0.3430
Cyclist -1 -1 -1.5625 849.4078 751.8979 910.7791 894.7801 1.7305 0.8119 1.8645 -1.1096 3.5724 20.7419 -1.6079 0.4895
Car -1 -1 -1.4219 648.4036 772.5756 781.8318 889.8868 1.5527 1.7627 3.5583 -4.2120 4.3037 26.0728 -1.5776 0.9561
Car -1 -1 -1.4899 696.6955 776.8694 791.3030 866.3846 1.4798 1.7343 3.4929 -4.6790 4.9742 32.5949 -1.6253 0.9078
Car -1 -1 -1.4817 729.4024 775.7032 810.3833 848.6649 1.4943 1.8089 3.8449 -5.1460 5.7872 40.6234 -1.5986 0.8872
Car -1 -1 2.0153 158.7390 777.0139 314.5662 862.3113 1.4988 1.7038 4.2616 -17.3447 5.3804 36.0254 1.5665 0.5231
Car -1 -1 -1.4423 756.6621 780.7304 825.7854 839.9354 1.4891 1.7679 3.6637 -5.5564 6.8127 49.2325 -1.5442 0.4826
Car -1 -1 2.0915 0.0000 781.9342 191.5656 879.5936 1.3563 1.6782 4.0304 -16.9411 4.6453 29.2982 1.5616 0.4031
Car -1 -1 2.0548 43.0261 776.0311 222.0688 868.7367 1.5509 1.7386 4.4785 -19.0573 5.2791 34.6334 1.5500 0.3735
Car -1 -1 -1.0880 374.6641 785.9232 498.9200 855.6115 1.5933 1.8234 4.4761 -16.5397 6.9509 47.4056 -1.4176 0.3707
