Pedestrian -1 -1 1.2498 1114.3828 763.5797 1184.4354 908.7212 1.6370 0.6505 0.7419 2.2693 3.3542 18.0955 1.3953 0.6519
Pedestrian -1 -1 -1.5503 955.8915 770.0706 987.8652 859.4658 1.7657 0.6404 0.6101 0.2222 4.7951 30.8880 -1.5304 0.5217
Pedestrian -1 -1 1.6150 990.2587 780.0715 1013.0701 837.7480 1.6337 0.6445 0.5456 1.1975 6.2582 44.2684 1.6557 0.4109
Pedestrian -1 -1 -1.5860 885.5396 759.2289 939.7523 900.2551 1.7104 0.7220 1.8359 -0.6829 3.6663 20.8426 -1.6092 0.1133
Cyclist -1 -1 -1.5957 886.6707 757.7286 940.9453 900.2751 1.7334 0.7245 1.8644 -0.6780 3.6741 20.9008 -1.6186 0.5439
Car -1 -1 -1.4084 654.1968 774.8632 811.9917 910.3832 1.5161 1.7693 3.7236 -3.3761 3.9872 22.7645 -1.5520 0.9381
Car -1 -1 -1.4553 711.4789 777.8699 831.2037 883.2715 1.5059 1.8404 4.3614 -3.7074 4.7853 29.8784 -1.5713 0.9173
Car -1 -1 -1.5025 757.4707 783.8405 839.1934 863.0375 1.4765 1.7384 3.6979 -4.0101 5.6373 37.2749 -1.6003 0.8098
Car -1 -1 1.9914 271.2132 786.0693 401.4587 860.2413 1.4241 1.6193 4.2560 -16.7122 5.9896 40.2113 1.6004 0.6148
Car -1 -1 2.0327 130.0373 782.3430 302.0818 872.9687 1.4559 1.7335 4.2626 -16.6036 5.2142 33.5654 1.5719 0.5334
Car -1 -1 2.0683 282.7652 785.6739 413.1277 856.5474 1.4931 1.6312 4.4260 -18.0334 6.4909 44.1946 1.6851 0.3571
