Pedestrian -1 -1 -1.5804 982.3612 771.7013 1014.9127 862.8715 1.6942 0.6276 0.6308 0.7296 4.5884 29.1581 -1.5420 0.6061
Pedestrian -1 -1 1.3206 1176.4342 769.2222 1252.0280 935.9523 1.5587 0.6133 0.6556 2.5163 3.0321 14.9224 1.5140 0.5255
Pedestrian -1 -1 1.5519 1020.0728 778.3144 1043.5293 840.1422 1.6201 0.6356 0.5255 1.9243 5.8371 40.8307 1.6131 0.5039
Cyclist -1 -1 -1.5722 903.0917 756.2604 961.6158 895.1226 1.7445 0.8049 1.8736 -0.4069 3.7163 21.5073 -1.5806 0.4814
Car -1 -1 -1.3960 646.0463 772.4763 820.7590 920.4320 1.4946 1.7550 3.5003 -3.0118 3.6856 20.4259 -1.5401 0.9486
Car -1 -1 -1.4622 719.2189 775.7665 838.7922 887.2028 1.5227 1.7392 3.5387 -3.2206 4.4259 27.0055 -1.5742 0.9425
Car -1 -1 -1.5034 768.4512 780.3799 856.8860 863.8739 1.4582 1.7702 3.6595 -3.4081 5.2733 34.8470 -1.5917 0.8929
Car -1 -1 2.0448 260.6250 780.0364 414.0906 863.6486 1.4873 1.6781 4.4574 -15.4900 5.6041 37.3927 1.6539 0.6667
Car -1 -1 -1.5151 828.8961 781.7436 893.2918 843.7072 1.5979 1.9209 4.1767 -3.3870 7.1903 51.2321 -1.5695 0.6412
Car -1 -1 2.2115 87.3253 775.1595 305.6292 875.8298 1.4905 1.7579 4.5051 -15.9990 4.9016 31.5801 1.7396 0.4265
Car -1 -1 1.9764 360.6716 790.4474 477.7493 861.5338 1.4712 1.6301 4.1820 -15.5254 6.4739 43.0521 1.6352 0.4157
Car -1 -1 2.0297 0.0000 775.1121 78.0389 904.8988 1.4104 1.7711 4.0220 -15.5811 3.9604 23.2698 1.4265 0.3707
