Pedestrian -1 -1 -1.6244 966.1374 774.3630 998.3013 863.1348 1.7123 0.6256 0.6350 0.4206 4.7701 30.2683 -1.5975 0.6687
Pedestrian -1 -1 1.3453 1130.7474 772.3212 1199.8812 921.8340 1.5974 0.6478 0.7460 2.3317 3.3268 17.1491 1.5024 0.5677
Pedestrian -1 -1 1.4883 995.0593 783.8314 1015.8520 840.6307 1.5737 0.5677 0.4587 1.2695 6.1713 43.0193 1.5315 0.3453
Cyclist -1 -1 -1.6004 891.2258 756.1332 948.5522 902.8884 1.8073 0.7700 1.8948 -0.6019 3.7443 21.1076 -1.6190 0.5267
Car -1 -1 -1.3963 650.7507 779.3661 814.8452 918.0078 1.4823 1.7498 3.6769 -3.2630 3.9482 22.0082 -1.5402 0.9522
Car -1 -1 -1.4795 716.7499 780.7963 829.0778 887.6064 1.5100 1.7602 3.7380 -3.5248 4.6831 28.5484 -1.5953 0.9266
Car -1 -1 -1.4991 762.0500 785.2876 845.1767 865.1625 1.4724 1.7306 3.4726 -3.7858 5.5617 36.3726 -1.5934 0.8520
Car -1 -1 2.0506 266.1105 787.6759 408.7713 865.6061 1.4432 1.6535 4.2257 -16.1607 5.9225 38.9731 1.6601 0.5948
Car -1 -1 2.0084 0.0000 778.3793 187.8651 884.4709 1.5431 1.7820 4.6064 -17.9364 4.9680 30.9965 1.4797 0.5533
Car -1 -1 2.0405 120.7655 781.1003 308.3215 879.8969 1.5146 1.7806 4.4874 -15.9850 5.1228 32.2940 1.5789 0.5438
Car -1 -1 2.0057 443.8148 788.6304 563.2529 861.1803 1.6076 1.7887 4.3982 -13.9525 6.8801 45.8508 1.7168 0.4755
Car -1 -1 2.0330 279.2050 787.3439 410.9814 861.6740 1.5307 1.6688 4.4955 -17.6952 6.4715 43.1791 1.6482 0.3433
