Pedestrian -1 -1 -1.6072 966.5551 775.5703 998.6523 866.3842 1.7337 0.6281 0.6539 0.4241 4.7869 29.9735 -1.5800 0.6450
Cyclist -1 -1 -1.5617 889.7924 759.2829 948.0863 903.2605 1.7774 0.7870 1.8735 -0.5806 3.7631 21.1564 -1.5791 0.4944
Car -1 -1 -1.4085 649.9324 781.4029 814.0230 922.8254 1.4865 1.7541 3.6225 -3.2115 3.9369 21.5879 -1.5530 0.9509
Car -1 -1 -1.4861 721.3303 784.8937 831.4899 889.1650 1.4426 1.7282 3.6758 -3.4256 4.6660 28.2664 -1.5995 0.9325
Car -1 -1 -1.5421 763.7349 788.5555 841.7184 868.6260 1.4300 1.7280 3.5383 -3.7670 5.5670 35.9802 -1.6371 0.8965
Car -1 -1 1.9989 266.6908 786.4947 406.4136 865.4224 1.4645 1.7160 4.2444 -16.0757 5.8808 38.7161 1.6078 0.7433
Car -1 -1 2.0480 0.0000 775.6759 104.0593 910.6060 1.5091 1.8753 4.7498 -16.2345 4.2488 24.7058 1.4558 0.5476
Car -1 -1 1.9591 403.2740 786.5688 519.2921 860.4150 1.6063 1.7229 4.4038 -14.8551 6.6807 44.6791 1.6439 0.5411
Car -1 -1 2.0570 117.9612 781.0305 307.9990 878.3721 1.4810 1.7857 4.4379 -15.9602 5.0741 32.1756 1.5944 0.5164
Car -1 -1 2.0329 0.0000 775.5139 173.6462 886.0557 1.5594 1.8142 4.7029 -17.8415 4.8334 30.0921 1.4927 0.4484
