Pedestrian -1 -1 -1.6289 971.1394 777.4270 1003.5461 866.8264 1.6935 0.6170 0.6404 0.5158 4.7643 29.7789 -1.5984 0.5663
Pedestrian -1 -1 1.2972 1152.6648 774.8649 1224.1388 926.9945 1.5657 0.6367 0.6456 2.4899 3.2496 16.4394 1.4712 0.3846
Pedestrian -1 -1 1.5845 1004.2682 786.9651 1023.2095 838.1009 1.6626 0.6275 0.5322 1.7809 7.1898 50.7161 1.6335 0.3800
Cyclist -1 -1 -1.5447 897.2635 764.8039 956.2608 902.5096 1.6994 0.7705 1.8420 -0.4726 3.7754 21.2641 -1.5565 0.5281
Car -1 -1 -1.3869 642.8969 781.4709 813.6427 923.4252 1.4600 1.7456 3.5485 -3.1986 3.8651 21.1672 -1.5342 0.9514
Car -1 -1 -1.4841 718.1025 780.4846 832.6481 889.3027 1.4858 1.7594 3.8050 -3.3885 4.5839 27.8522 -1.5982 0.9103
Car -1 -1 -1.5327 766.9251 788.6980 847.2184 868.1053 1.3926 1.7305 3.5826 -3.6250 5.4967 35.6343 -1.6248 0.8932
Car -1 -1 2.0598 260.3457 784.7177 409.3799 865.5452 1.4697 1.6912 4.2402 -15.8380 5.7706 38.0523 1.6675 0.7187
Car -1 -1 2.0171 390.0634 790.3223 515.1227 864.5504 1.5608 1.7288 4.3876 -14.8509 6.6713 43.9144 1.6966 0.5233
Car -1 -1 2.1793 0.0000 771.2139 170.2663 880.7168 1.5069 1.7156 4.5526 -17.5645 4.5826 29.1117 1.6301 0.5021
Car -1 -1 2.0509 0.0000 774.1912 110.2086 898.6309 1.4290 1.7617 4.3027 -16.0113 4.1236 24.7596 1.4659 0.4377
