Pedestrian -1 -1 1.2973 1198.3866 753.8394 1286.6400 947.6004 1.6430 0.6262 0.7465 2.5457 2.8487 13.5923 1.5122 0.5994
Pedestrian -1 -1 -1.5603 988.8818 766.5858 1022.1375 862.1750 1.7151 0.6110 0.6503 0.8372 4.4179 28.1850 -1.5170 0.5968
Cyclist -1 -1 -1.5626 904.9282 750.4024 965.1478 890.6252 1.7623 0.8258 1.9097 -0.3578 3.6437 21.4614 -1.5687 0.4520
Car -1 -1 -1.3611 623.4155 765.2205 822.0529 928.7637 1.5389 1.7692 3.6723 -2.9428 3.5166 19.1913 -1.5123 0.9549
Car -1 -1 -1.4297 711.2037 772.4257 843.6520 890.9081 1.5350 1.7432 3.6626 -3.0979 4.2682 25.8498 -1.5427 0.9272
Car -1 -1 -1.5442 836.4896 779.4540 897.7045 840.6099 1.5455 1.8878 3.9806 -3.1060 6.9184 49.9754 -1.5947 0.9092
Car -1 -1 -1.5106 771.2170 778.6375 858.6226 864.9398 1.4725 1.7140 3.5445 -3.2459 5.1219 33.7038 -1.5975 0.8942
Car -1 -1 2.0587 255.7110 782.9730 416.3886 870.7035 1.5217 1.7088 4.4936 -15.1910 5.6368 36.6122 1.6670 0.8162
Car -1 -1 2.1244 72.6951 773.0426 295.8199 879.9894 1.4891 1.7599 4.6672 -15.3380 4.6827 29.8447 1.6454 0.7576
Car -1 -1 -1.4498 797.5941 780.0076 878.2951 853.1220 1.4818 1.6867 3.4278 -3.2129 5.7613 39.5056 -1.5206 0.4997
Car -1 -1 2.1218 0.0000 772.4042 83.3011 907.1392 1.4054 1.8089 4.2591 -15.2953 3.8447 22.5507 1.5115 0.4622
Car -1 -1 2.1996 0.0000 763.5811 121.2924 882.1243 1.5324 1.7705 4.5745 -17.4753 4.2616 27.1026 1.6181 0.4319
