Pedestrian -1 -1 -1.5924 985.7736 767.4033 1018.8329 861.6304 1.7340 0.6304 0.6493 0.7889 4.5149 28.8516 -1.5516 0.7045
Pedestrian -1 -1 1.5488 1021.2441 773.2004 1044.5924 837.3295 1.6645 0.6263 0.5541 1.9353 5.7039 40.4433 1.6107 0.4772
Pedestrian -1 -1 1.2824 1180.6849 760.1495 1261.7345 937.1329 1.6136 0.6265 0.6613 2.5188 2.9608 14.5380 1.4812 0.4722
Cyclist -1 -1 -1.5800 905.0936 752.8043 964.3010 890.5822 1.7347 0.8152 1.8813 -0.3812 3.6576 21.5345 -1.5872 0.4575
Car -1 -1 -1.3605 635.8234 767.7689 824.9505 920.0870 1.4977 1.7695 3.5856 -2.9803 3.5861 20.0133 -1.5065 0.9524
Car -1 -1 -1.4598 721.5018 773.7638 841.6578 886.2318 1.5214 1.7158 3.5118 -3.1300 4.3477 26.6356 -1.5701 0.9321
Car -1 -1 -1.4711 768.9716 777.7345 860.4643 861.1448 1.4642 1.7247 3.5469 -3.3343 5.1801 34.5743 -1.5580 0.9031
Car -1 -1 2.0232 254.9057 780.6724 405.6255 863.8715 1.4565 1.6614 4.3523 -15.3837 5.5119 36.7127 1.6278 0.7831
Car -1 -1 2.1128 82.8286 776.2618 297.4554 880.7881 1.4966 1.7691 4.6397 -15.6479 4.8402 30.6602 1.6374 0.7449
Car -1 -1 -1.5627 834.8457 781.8757 892.4612 842.7479 1.5403 1.8674 4.1196 -3.2735 7.0897 50.7674 -1.6154 0.7437
Car -1 -1 2.0921 0.0000 769.4859 116.5737 903.0994 1.4348 1.7842 4.2827 -14.9826 3.8724 23.0140 1.5016 0.5289
