Pedestrian -1 -1 -1.5579 987.8503 766.3021 1022.1545 863.2649 1.7481 0.6319 0.6511 0.8312 4.4568 28.3036 -1.5150 0.7637
Pedestrian -1 -1 1.3114 1191.7832 761.4652 1276.5009 945.0551 1.5953 0.6249 0.7377 2.5355 2.9043 13.9504 1.5199 0.6293
Cyclist -1 -1 -1.5722 907.4225 752.6769 964.9012 894.8256 1.7781 0.7856 1.9207 -0.3500 3.6891 21.4014 -1.5779 0.4431
Car -1 -1 -1.3776 628.1805 768.2152 818.9162 926.8008 1.5182 1.7721 3.6227 -2.9873 3.5644 19.5033 -1.5284 0.9511
Car -1 -1 -1.4393 711.5612 773.6514 841.0575 891.5287 1.5416 1.7431 3.6593 -3.1444 4.3171 26.0581 -1.5531 0.9422
Car -1 -1 -1.5257 832.6039 777.2580 898.0677 842.0654 1.6580 1.9555 4.1718 -3.1740 6.9847 50.1900 -1.5772 0.9198
Car -1 -1 -1.4833 766.8630 779.5843 860.2827 865.9750 1.4964 1.7748 3.5145 -3.2987 5.1905 33.9555 -1.5710 0.9069
Car -1 -1 2.1100 78.9106 773.4477 298.9010 881.3875 1.5148 1.7578 4.6911 -15.3151 4.7308 29.9789 1.6337 0.8772
Car -1 -1 2.0101 266.2350 781.0149 413.4942 863.8110 1.4498 1.6201 4.4041 -15.2146 5.5327 36.8710 1.6203 0.8123
Car -1 -1 2.1295 0.0000 771.6181 91.4493 905.9548 1.4148 1.7682 4.2987 -15.2696 3.8586 22.7197 1.5237 0.4761
Car -1 -1 -1.4716 797.1777 778.2938 876.5535 853.7538 1.5538 1.7300 3.5927 -3.2815 5.8447 40.0119 -1.5431 0.4149
