Pedestrian -1 -1 -1.6007 991.3356 763.8365 1024.8685 860.1076 1.7078 0.6142 0.7057 0.8702 4.3347 27.9171 -1.5559 0.7025
Pedestrian -1 -1 1.2881 1210.1289 752.6722 1304.0564 953.9423 1.6342 0.6407 0.7253 2.5617 2.7778 13.0050 1.5142 0.6592
Pedestrian -1 -1 1.5037 1037.8063 772.3215 1063.1816 840.2673 1.6993 0.6305 0.5490 2.3172 5.5593 38.8789 1.5777 0.4748
Cyclist -1 -1 -1.5879 907.6147 746.5049 966.4892 887.4119 1.7647 0.8033 1.9149 -0.3524 3.5805 21.3634 -1.5939 0.4600
Car -1 -1 -1.3527 619.9166 762.0211 821.3674 926.8055 1.5318 1.7489 3.5771 -2.9100 3.4253 18.8085 -1.5058 0.9547
Car -1 -1 -1.4474 715.5118 769.8562 842.9203 886.7923 1.4979 1.6913 3.5582 -3.0142 4.1313 25.3790 -1.5595 0.9403
Car -1 -1 -1.5402 837.8748 775.8716 899.3962 837.4465 1.5516 1.8652 3.9900 -3.0288 6.7585 49.5637 -1.5896 0.9291
Car -1 -1 -1.5284 770.2125 775.7532 855.7957 862.8314 1.4660 1.7118 3.5831 -3.2535 5.0141 33.3437 -1.6167 0.9142
Car -1 -1 2.0440 250.0128 781.9647 406.5602 868.4476 1.5018 1.7083 4.2925 -15.2075 5.5340 36.1852 1.6474 0.8370
Car -1 -1 2.1059 54.4332 773.4182 281.1720 883.3153 1.5108 1.8393 4.5525 -15.2907 4.6346 29.1374 1.6177 0.8009
Car -1 -1 2.1564 0.0000 767.2490 101.6540 882.5215 1.5204 1.7596 4.3724 -17.8350 4.3287 27.3148 1.5694 0.5391
