Pedestrian -1 -1 1.3024 1122.4703 764.6348 1192.7083 914.3149 1.6511 0.6587 0.7538 2.3130 3.3417 17.6797 1.4539 0.5505
Pedestrian -1 -1 -1.5549 957.0417 771.9966 988.9925 860.5689 1.7295 0.6359 0.6122 0.2433 4.7681 30.5735 -1.5343 0.4240
Pedestrian -1 -1 1.5895 991.9358 781.7311 1013.6162 838.0244 1.5763 0.6165 0.4928 1.2120 6.1779 43.6135 1.6308 0.4043
Pedestrian -1 -1 -1.6125 887.5789 757.7013 944.0816 901.4951 1.7579 0.7322 1.8628 -0.6551 3.7069 20.9944 -1.6340 0.1071
Cyclist -1 -1 -1.6125 887.5789 757.7013 944.0816 901.4951 1.7579 0.7322 1.8628 -0.6551 3.7069 20.9944 -1.6340 0.5331
Car -1 -1 -1.4274 656.6534 778.8985 810.4801 913.9427 1.4825 1.7488 3.6259 -3.3122 3.9724 22.3653 -1.5709 0.9465
Car -1 -1 -1.4594 716.0526 781.9181 831.7567 885.2025 1.4819 1.8007 4.1116 -3.6509 4.8245 29.7754 -1.5739 0.8533
Car -1 -1 -1.5155 761.0555 783.9744 840.6699 861.5586 1.4389 1.7200 3.4548 -3.8918 5.5322 36.7192 -1.6118 0.8391
Car -1 -1 1.9714 272.2481 786.9702 401.2234 861.8201 1.4207 1.6371 4.1605 -16.4127 5.9294 39.5147 1.5804 0.6557
Car -1 -1 2.0931 123.3837 779.6838 310.7137 874.4226 1.4361 1.6933 4.2199 -15.7359 4.9591 31.8789 1.6322 0.5689
Car -1 -1 -1.4586 778.3790 784.0686 854.1521 853.0305 1.5043 1.7317 3.6600 -4.1263 6.2812 43.0270 -1.5438 0.5139
