Pedestrian -1 -1 1.3701 1060.8800 766.4531 1094.9526 847.8273 1.7629 0.6638 0.6511 2.6493 5.0161 34.0082 1.4632 0.6255
Pedestrian -1 -1 -1.5603 998.4524 758.1541 1037.8169 869.7781 1.7683 0.6375 0.6270 0.9475 4.0094 24.8179 -1.5081 0.5663
Pedestrian -1 -1 1.6127 1024.4128 774.4188 1048.3168 836.2675 1.6840 0.6483 0.6105 2.1458 5.9862 42.6908 1.6771 0.5232
Pedestrian -1 -1 1.0842 1350.2206 713.7204 1519.7700 1048.5118 1.6930 0.6154 0.7949 2.5843 2.2070 8.2224 1.4521 0.4307
Cyclist -1 -1 -1.5462 905.1301 750.1996 962.3779 890.2764 1.8005 0.7700 1.9147 -0.3850 3.7171 21.9106 -1.5531 0.4702
Car -1 -1 -1.3219 534.8291 754.9166 794.4715 967.2329 1.5538 1.7279 3.4782 -2.8118 3.0057 14.9148 -1.5148 0.9658
Car -1 -1 -1.3966 671.9230 764.2682 836.3546 906.7229 1.5466 1.7365 3.5948 -2.9034 3.7361 21.6593 -1.5263 0.9554
Car -1 -1 -1.4598 823.3343 773.9659 899.9678 844.5207 1.6455 1.8526 3.9896 -2.9853 6.3907 45.5599 -1.5139 0.9474
Car -1 -1 2.0812 0.0000 763.0047 199.6337 888.7668 1.5068 1.8128 4.5155 -14.8443 4.0472 25.2223 1.5393 0.9253
Car -1 -1 -1.4671 745.0038 772.6558 857.0859 874.2305 1.4914 1.7743 3.9137 -3.1019 4.6133 29.6333 -1.5634 0.9126
Car -1 -1 2.0207 157.1851 771.0251 335.8291 868.3317 1.5336 1.7545 4.3735 -15.3281 4.9081 32.3430 1.5761 0.8087
