Pedestrian -1 -1 1.2468 1271.7772 743.1960 1390.1096 996.6484 1.6780 0.6276 0.7790 2.6247 2.5546 10.6784 1.5300 0.6340
Pedestrian -1 -1 1.3710 1053.5186 772.5240 1084.7258 845.1454 1.6714 0.6549 0.5826 2.5987 5.2643 36.0706 1.4580 0.5364
Pedestrian -1 -1 -1.6846 995.5356 762.2917 1034.2972 867.8943 1.7694 0.6187 0.6626 0.9401 4.2198 26.3201 -1.6350 0.5023
Cyclist -1 -1 -1.6015 909.7202 750.4502 965.2665 892.8337 1.7983 0.7608 1.8965 -0.3599 3.6879 21.5453 -1.6076 0.4720
Car -1 -1 -1.3645 581.6508 763.0427 808.1891 952.6583 1.5424 1.7691 3.5863 -2.8311 3.2484 16.6445 -1.5356 0.9622
Car -1 -1 -1.4237 695.0602 767.8696 842.6942 900.1283 1.5629 1.7575 3.5693 -2.9223 3.9719 23.3898 -1.5429 0.9383
Car -1 -1 -1.4154 831.2340 777.4509 909.6107 844.1655 1.5964 1.8384 3.9577 -2.8244 6.6321 47.2986 -1.4635 0.9347
Car -1 -1 -1.4634 758.0542 776.4521 860.7859 871.7147 1.4972 1.7147 3.6552 -3.1063 4.8462 31.2046 -1.5541 0.9288
Car -1 -1 2.0126 32.6684 773.2512 237.6529 889.8293 1.5068 1.6113 4.1533 -14.6940 4.3826 26.8634 1.5049 0.9281
Car -1 -1 2.0103 209.1494 776.8599 375.2430 870.6185 1.5451 1.7514 4.3387 -15.0582 5.2146 33.9239 1.5922 0.8172
Car -1 -1 1.9630 424.5449 781.2214 539.9483 851.6230 1.5724 1.7883 4.4145 -14.5883 6.5980 45.7982 1.6607 0.5543
