Pedestrian -1 -1 1.2314 1245.6190 744.3331 1363.4871 983.4442 1.6849 0.6507 0.8674 2.6127 2.6360 11.4521 1.4937 0.7115
Pedestrian -1 -1 -1.5847 993.4816 763.9989 1029.9215 868.9807 1.8005 0.6480 0.6947 0.9088 4.3412 26.9557 -1.5372 0.6470
Pedestrian -1 -1 1.4111 1051.5662 779.0734 1079.2477 847.6897 1.6348 0.6164 0.5368 2.5900 5.5028 37.2278 1.4955 0.5352
Cyclist -1 -1 1.2359 1243.3744 744.8218 1360.3770 981.9328 1.6822 0.6490 0.8856 2.6135 2.6455 11.5465 1.4961 0.1386
Car -1 -1 -1.3417 599.8241 769.0136 819.0560 948.9539 1.5384 1.7576 3.5576 -2.8312 3.4074 17.5591 -1.5024 0.9572
Car -1 -1 -1.4392 705.7334 770.7388 845.3981 897.9757 1.5543 1.7597 3.6036 -2.9279 4.0964 24.2498 -1.5537 0.9220
Car -1 -1 2.1071 29.4290 772.4404 265.8961 891.2425 1.5476 1.7094 4.6638 -14.8936 4.5145 27.7094 1.6077 0.9078
Car -1 -1 1.9581 231.6561 782.3715 386.9020 874.0383 1.5241 1.7513 4.4440 -15.0550 5.4242 34.7981 1.5502 0.9037
Car -1 -1 -1.5135 766.5076 778.1193 860.6328 873.4642 1.5429 1.7602 3.6437 -3.1011 5.0095 31.9868 -1.6013 0.8955
Car -1 -1 -1.5132 839.8913 781.7479 906.5814 846.9742 1.6007 1.8760 3.9686 -2.7987 6.8748 48.2893 -1.5594 0.7089
Car -1 -1 2.0282 429.0848 780.1595 544.4608 847.4277 1.5405 1.7522 4.1274 -14.6699 6.5905 46.4658 1.7286 0.5006
Car -1 -1 2.1920 0.0000 759.4188 58.0169 910.4983 1.4721 1.7588 4.5388 -14.8588 3.5588 20.9164 1.5567 0.4641
