Pedestrian -1 -1 1.2918 1225.2902 746.0359 1326.2010 968.3977 1.7049 0.6433 0.7731 2.5736 2.7334 12.2989 1.5321 0.6468
Pedestrian -1 -1 -1.5785 993.1326 762.9366 1027.6877 863.1240 1.7432 0.6249 0.7200 0.9029 4.3083 27.4168 -1.5318 0.6250
Pedestrian -1 -1 1.3837 1045.6310 771.4908 1073.4501 841.6461 1.7181 0.6239 0.5526 2.5092 5.4949 38.2197 1.4640 0.4651
Cyclist -1 -1 -1.5305 904.5900 744.1145 967.5093 890.2040 1.8183 0.7923 1.8943 -0.3369 3.5802 21.1408 -1.5358 0.4216
Car -1 -1 -1.3453 606.5055 762.7808 818.6528 937.0986 1.5635 1.7682 3.5891 -2.9020 3.4111 18.1891 -1.5038 0.9642
Car -1 -1 -1.4181 703.8439 767.0485 843.6195 891.2500 1.5644 1.7487 3.5957 -3.0342 4.1006 24.8523 -1.5339 0.9377
Car -1 -1 2.1020 51.0552 768.3785 277.7861 879.4906 1.5036 1.7581 4.5391 -15.0112 4.4580 28.4894 1.6113 0.9231
Car -1 -1 -1.5471 839.3323 776.4020 901.1821 840.2744 1.5958 1.8790 4.0015 -2.9395 6.7635 48.9855 -1.5955 0.9067
Car -1 -1 1.9660 244.2344 779.8030 395.1671 867.2753 1.4888 1.6965 4.5020 -15.2026 5.4207 35.7019 1.5643 0.8895
Car -1 -1 -1.5391 768.3693 775.3778 855.0162 866.8048 1.5206 1.7431 3.6296 -3.2331 5.0148 32.8630 -1.6283 0.8847
Car -1 -1 2.2194 0.0000 769.0886 96.4002 887.6692 1.5729 1.7806 4.3888 -18.1722 4.4433 27.5289 1.6277 0.5627
