Pedestrian -1 -1 1.2759 1237.4133 759.4814 1338.9897 973.4638 1.5886 0.6201 0.7645 2.6100 2.7038 11.9961 1.5257 0.7930
Pedestrian -1 -1 -1.5883 994.5882 764.2331 1029.9950 865.4658 1.7521 0.6361 0.6999 0.9276 4.3230 27.2327 -1.5405 0.4573
Pedestrian -1 -1 1.3834 1049.6892 775.2126 1077.8964 844.7429 1.6769 0.6255 0.5388 2.5800 5.4933 37.6674 1.4666 0.4402
Cyclist -1 -1 -1.5888 909.3644 751.1124 968.0120 892.7651 1.8046 0.8150 1.9141 -0.3354 3.7210 21.7396 -1.5935 0.4354
Cyclist -1 -1 1.2759 1237.4133 759.4814 1338.9897 973.4638 1.5886 0.6201 0.7645 2.6100 2.7038 11.9961 1.5257 0.1146
Car -1 -1 -1.3353 607.0085 767.9940 820.1669 939.9557 1.5118 1.7390 3.5320 -2.8635 3.4108 18.0178 -1.4933 0.9598
Car -1 -1 2.1064 61.0776 773.8345 276.1544 881.6897 1.4527 1.6761 4.2024 -14.7908 4.4726 28.1845 1.6173 0.9315
Car -1 -1 1.9801 241.4423 781.6866 395.6356 869.6928 1.4818 1.7058 4.4592 -15.0915 5.4256 35.3805 1.5777 0.9262
Car -1 -1 -1.4276 706.9289 769.1849 845.1499 894.9777 1.5739 1.7417 3.5780 -2.9761 4.1307 24.6854 -1.5418 0.9254
Car -1 -1 -1.5319 768.7421 776.6559 858.4205 869.9084 1.5187 1.7549 3.7313 -3.1492 5.0068 32.4663 -1.6197 0.9031
Car -1 -1 -1.5227 840.2656 779.5562 905.4697 843.1080 1.5702 1.8793 3.9836 -2.8322 6.8071 48.6440 -1.5692 0.8956
Car -1 -1 2.1731 420.7233 778.5768 553.5206 851.7979 1.6838 1.7922 4.2974 -14.6447 6.6943 46.4390 1.8738 0.4021
