Pedestrian -1 -1 1.1121 1326.3632 715.8998 1482.5217 1022.9589 1.6789 0.6335 0.7708 2.6031 2.2427 8.8450 1.4549 0.5750
Pedestrian -1 -1 -1.5959 997.5530 758.1437 1035.7394 867.8275 1.7647 0.6342 0.6290 0.9282 4.0359 25.1669 -1.5452 0.5680
Pedestrian -1 -1 1.3494 1059.0657 770.8727 1092.4166 848.9390 1.7093 0.6491 0.6370 2.6332 5.1061 34.4407 1.4409 0.5472
Pedestrian -1 -1 1.4735 1025.1328 774.4167 1049.2045 835.3608 1.6782 0.6428 0.6289 2.1849 6.0199 43.0994 1.5383 0.4740
Cyclist -1 -1 -1.5167 903.4688 747.9366 965.9583 887.8997 1.8030 0.7932 1.9214 -0.3704 3.6906 21.9640 -1.5229 0.4335
Car -1 -1 -1.3376 547.8151 757.7364 797.5163 964.6482 1.5540 1.7361 3.5405 -2.8205 3.0793 15.3626 -1.5245 0.9681
Car -1 -1 -1.4036 678.6937 764.9790 837.8996 904.3146 1.5500 1.7368 3.5542 -2.9052 3.7886 22.0875 -1.5304 0.9562
Car -1 -1 2.0871 0.0000 763.8589 210.8147 887.0880 1.5248 1.7643 4.4155 -14.8761 4.1230 25.7387 1.5539 0.9431
Car -1 -1 -1.4636 826.8882 774.8195 901.0149 843.6110 1.6143 1.8143 4.0138 -2.9515 6.4416 46.0979 -1.5162 0.9420
Car -1 -1 -1.4711 749.9672 771.1992 858.8579 872.7326 1.5275 1.7619 3.9345 -3.0914 4.6705 30.1542 -1.5652 0.9185
Car -1 -1 2.0019 181.6659 773.4028 349.4167 865.9263 1.5114 1.7766 4.2493 -15.4118 5.0378 33.3839 1.5683 0.7522
Car -1 -1 -1.4464 803.0731 775.8908 880.6672 848.6057 1.5381 1.6557 3.2932 -3.1797 5.7823 40.3441 -1.5145 0.4342
