Pedestrian -1 -1 1.3324 1063.1813 767.1146 1098.1844 850.1854 1.7518 0.6454 0.6536 2.6454 4.9415 33.1709 1.4274 0.6180
Pedestrian -1 -1 -1.5466 998.3982 759.2267 1038.2646 871.5663 1.7469 0.6262 0.6134 0.9337 3.9659 24.3735 -1.4943 0.5856
Pedestrian -1 -1 1.6593 1027.2805 773.1635 1051.5938 836.0134 1.6817 0.6229 0.6082 2.1977 5.8810 42.0072 1.7258 0.4060
Pedestrian -1 -1 1.0392 1374.8049 719.8300 1557.0316 1070.0895 1.6784 0.6088 0.8071 2.6264 2.2046 7.8476 1.4313 0.4028
Cyclist -1 -1 -1.5046 900.4282 749.8579 963.7004 889.3472 1.7647 0.7706 1.8706 -0.4024 3.6486 21.5890 -1.5127 0.4931
Car -1 -1 -1.3117 513.8859 750.9510 789.4221 974.4891 1.5716 1.7375 3.5479 -2.8204 2.9379 14.3882 -1.5133 0.9695
Car -1 -1 -1.4022 660.0908 763.3409 829.2816 910.1102 1.5512 1.7552 3.6615 -2.9641 3.6831 21.1701 -1.5383 0.9495
Car -1 -1 -1.4381 817.3284 774.5355 896.2646 843.3796 1.5637 1.8105 4.0073 -3.0938 6.2746 45.0144 -1.4956 0.9009
Car -1 -1 -1.4698 741.4498 771.1949 854.4446 874.5342 1.4921 1.7629 3.9317 -3.1076 4.5347 29.1336 -1.5684 0.8845
Car -1 -1 2.0506 0.0000 752.7719 167.4034 880.6340 1.4980 1.8463 4.3653 -14.8228 3.7656 24.2698 1.4904 0.8033
Car -1 -1 2.0211 137.3788 763.7188 318.3896 859.8146 1.5018 1.7857 4.1713 -15.3222 4.6201 31.5019 1.5653 0.7950
