Pedestrian -1 -1 1.2666 1262.6943 733.1236 1379.2825 988.8021 1.7190 0.6309 0.8066 2.5862 2.5315 10.8155 1.5424 0.6103
Pedestrian -1 -1 -1.6106 997.1146 763.4108 1033.1586 868.3734 1.7720 0.6196 0.6221 0.9467 4.2454 26.3897 -1.5609 0.5457
Cyclist -1 -1 -1.5860 908.7838 749.1564 966.6287 893.6045 1.8234 0.7945 1.9094 -0.3431 3.6896 21.4967 -1.5912 0.4871
Cyclist -1 -1 1.2814 1258.7422 733.9045 1373.5847 985.5520 1.7099 0.6306 0.8368 2.5833 2.5392 10.9526 1.5533 0.1050
Car -1 -1 -1.3332 586.1540 767.4182 816.0500 952.7013 1.5235 1.7603 3.6125 -2.8289 3.3240 17.0287 -1.4996 0.9617
Car -1 -1 2.0190 33.0610 775.4164 242.0294 892.1703 1.5134 1.6694 4.1794 -14.7354 4.4481 27.0228 1.5129 0.9411
Car -1 -1 -1.4583 838.0919 781.3098 911.0274 845.9905 1.5450 1.8381 3.9423 -2.7112 6.7314 47.5594 -1.5036 0.9244
Car -1 -1 -1.4346 700.2731 770.0627 843.1937 900.5538 1.5637 1.7524 3.5916 -2.9269 4.0464 23.7642 -1.5518 0.9091
Car -1 -1 -1.4849 762.1466 776.8180 862.8447 872.6051 1.5113 1.7551 3.8230 -3.0772 4.9137 31.5787 -1.5733 0.9043
Car -1 -1 1.9468 219.3525 780.8198 372.3916 873.7547 1.5361 1.7314 4.3078 -15.1240 5.3343 34.2423 1.5309 0.8871
Car -1 -1 2.2049 0.0000 752.4037 46.7483 891.6723 1.3775 1.5913 3.9799 -14.5027 3.2893 20.4305 1.5684 0.7059
