Pedestrian -1 -1 1.2326 1288.0784 722.2366 1419.5985 1003.2786 1.7566 0.6562 0.7762 2.6148 2.4350 10.0238 1.5341 0.6787
Pedestrian -1 -1 1.3193 1055.1884 771.9996 1087.7966 847.6324 1.7141 0.6509 0.6041 2.6217 5.2511 35.6071 1.4079 0.5446
Pedestrian -1 -1 -1.5944 1001.0052 761.0486 1037.7400 868.1620 1.7790 0.6305 0.6418 1.0071 4.1766 26.0057 -1.5416 0.4705
Cyclist -1 -1 -1.6024 908.9881 753.7146 962.4335 893.3569 1.7787 0.7369 1.8800 -0.3885 3.7353 21.7614 -1.6096 0.4610
Car -1 -1 -1.3391 566.7505 761.5884 807.2361 957.1778 1.5411 1.7696 3.5958 -2.8316 3.1908 16.2044 -1.5156 0.9670
Car -1 -1 -1.3860 687.1744 768.2080 844.8096 903.3197 1.5591 1.7495 3.5655 -2.9105 3.9376 22.9841 -1.5072 0.9485
Car -1 -1 -1.4384 829.0968 776.3434 905.9784 844.0911 1.6094 1.8454 4.0132 -2.8890 6.5673 46.8810 -1.4885 0.9453
Car -1 -1 2.0532 4.1814 772.6130 221.7594 886.0401 1.4350 1.6306 4.1284 -14.8597 4.2558 26.4646 1.5335 0.9318
Car -1 -1 -1.4605 754.8687 775.9514 859.4155 871.7668 1.4831 1.7155 3.7086 -3.1216 4.7943 30.9117 -1.5528 0.9142
Car -1 -1 2.0191 199.9035 773.6375 368.7882 866.9382 1.5193 1.7241 4.3752 -15.0886 5.0813 33.6038 1.5963 0.8544
Car -1 -1 2.0011 395.1384 783.8823 517.3729 855.9688 1.5401 1.7172 4.4496 -14.9179 6.5089 44.4312 1.6827 0.5428
Car -1 -1 -1.4330 803.9577 776.0259 883.2567 848.3522 1.5537 1.6915 3.4150 -3.2026 5.9014 41.2577 -1.4999 0.4730
