Pedestrian -1 -1 -1.5756 997.8760 760.6600 1035.1990 870.2324 1.7802 0.6262 0.6135 0.9418 4.1165 25.4132 -1.5246 0.6398
Pedestrian -1 -1 1.2029 1310.4301 706.8259 1450.8812 1005.0018 1.7493 0.6420 0.7646 2.6153 2.2853 9.3874 1.5262 0.5577
Pedestrian -1 -1 1.5396 1024.7722 776.1954 1047.0437 835.3036 1.6499 0.6391 0.6027 2.1762 6.0976 43.6500 1.6036 0.4416
Pedestrian -1 -1 1.3272 1057.9102 770.7286 1091.2866 846.4922 1.6771 0.6555 0.5984 2.6328 5.1023 34.7790 1.4180 0.4315
Car -1 -1 -1.3299 550.3968 757.4078 801.9908 961.9716 1.5533 1.7540 3.6301 -2.8312 3.1032 15.6296 -1.5139 0.9694
Car -1 -1 -1.4171 684.6859 764.6277 839.1355 903.2036 1.5705 1.7410 3.5563 -2.8940 3.8307 22.3873 -1.5413 0.9460
Car -1 -1 2.0596 0.0000 766.6113 210.6158 887.8454 1.5028 1.7229 4.3900 -14.9276 4.1757 25.9772 1.5292 0.9435
Car -1 -1 -1.4392 826.2948 776.1414 903.2850 844.5278 1.6040 1.8222 4.0474 -2.9441 6.5089 46.4088 -1.4912 0.9398
Car -1 -1 -1.4777 749.9894 771.1260 855.8163 872.2620 1.5487 1.7507 3.8377 -3.1487 4.7066 30.3749 -1.5729 0.9194
Car -1 -1 2.0397 181.1106 773.3372 355.7110 866.8380 1.5033 1.7195 4.4220 -15.3483 5.0413 33.4022 1.6078 0.8322
Car -1 -1 1.8921 404.8078 779.4887 514.9756 853.2769 1.6587 1.7909 4.6242 -15.2167 6.6162 45.6404 1.5760 0.4554
