Pedestrian -1 -1 1.3809 1078.6089 766.3608 1118.5896 856.6301 1.7549 0.7119 0.6435 2.7986 4.6749 30.5189 1.4884 0.5997
Pedestrian -1 -1 -1.6312 1010.8466 755.2452 1052.3304 876.3014 1.7736 0.6063 0.6012 1.0706 3.7922 22.8588 -1.5699 0.5928
Pedestrian -1 -1 1.5202 1037.1731 775.2825 1061.7485 841.8719 1.6750 0.6232 0.5548 2.3085 5.6442 39.1859 1.5936 0.5809
Pedestrian -1 -1 0.9432 1569.4659 671.4058 1877.1298 1216.0000 1.7481 0.6222 0.7759 2.5006 1.9154 4.9847 1.5532 0.5372
Cyclist -1 -1 -1.5746 907.2889 751.5842 960.0710 888.8445 1.7459 0.7327 1.8728 -0.3936 3.6637 21.6980 -1.5822 0.4674
Car -1 -1 -1.3755 628.7772 757.5273 823.8997 920.6449 1.5398 1.7514 3.7115 -2.8810 3.4010 19.0916 -1.5245 0.9565
Car -1 -1 -1.3100 441.9156 744.3621 765.0134 1003.7256 1.5509 1.7517 3.5293 -2.7725 2.6821 12.3741 -1.5457 0.9499
Car -1 -1 -1.4413 734.0547 766.2497 860.7750 878.8813 1.5307 1.7702 3.8207 -2.8918 4.2772 27.1205 -1.5404 0.9249
Car -1 -1 -1.4006 816.4778 776.1686 900.5731 845.6462 1.5458 1.8092 3.6849 -2.9486 6.1540 43.6230 -1.4571 0.9131
Car -1 -1 2.1811 71.7257 756.7217 280.4966 854.5161 1.4799 1.7361 4.1182 -15.9219 4.3655 30.5831 1.6965 0.5370
Car -1 -1 2.0760 0.0000 735.2698 86.1813 879.6480 1.5068 1.8887 4.3907 -14.5506 3.2539 21.3872 1.4610 0.4096
