Pedestrian -1 -1 -1.6095 1016.6045 758.9093 1059.6046 883.3489 1.7636 0.6230 0.6336 1.1369 3.7839 22.2199 -1.5436 0.7210
Pedestrian -1 -1 1.0172 1666.3135 646.3323 1936.0000 1216.0000 1.7816 0.6514 0.7763 2.5165 1.8502 4.3471 1.7236 0.6694
Pedestrian -1 -1 1.3711 1088.3177 767.6598 1128.9342 860.3844 1.7484 0.6957 0.6393 2.9144 4.6091 29.6178 1.4857 0.5415
Pedestrian -1 -1 1.5490 1041.1255 776.0620 1065.4027 844.2108 1.6821 0.6193 0.5488 2.3658 5.6026 38.4938 1.6249 0.4353
Cyclist -1 -1 -1.5390 905.1815 754.0234 960.8317 893.2228 1.7262 0.7100 1.8332 -0.3835 3.6353 21.1856 -1.5467 0.5131
Car -1 -1 -1.3002 412.5027 745.7684 754.7479 1024.0741 1.5656 1.7339 3.4985 -2.7602 2.6553 11.7146 -1.5498 0.9602
Car -1 -1 -1.3490 617.4759 759.5184 825.8500 928.5004 1.5304 1.7527 3.6645 -2.8318 3.3606 18.4420 -1.5012 0.9600
Car -1 -1 -1.4325 727.5172 767.7841 860.3550 884.1615 1.5293 1.7823 3.9056 -2.8810 4.2517 26.5085 -1.5339 0.9464
Car -1 -1 -1.4186 813.1530 776.1735 898.2529 848.6433 1.5815 1.8370 3.7767 -2.9711 6.1111 42.8110 -1.4769 0.9363
Car -1 -1 2.1635 70.8051 757.4680 277.8130 854.7114 1.4718 1.7506 4.1193 -15.9750 4.3756 30.6144 1.6779 0.4125
Car -1 -1 2.0673 0.0000 741.8985 76.7278 875.1345 1.4612 1.8366 4.2498 -15.2929 3.3960 22.5117 1.4549 0.3768
