Pedestrian -1 -1 -1.5945 1022.1989 764.0007 1065.4757 892.9816 1.7198 0.5971 0.6300 1.1552 3.7016 20.9774 -1.5243 0.6677
Pedestrian -1 -1 1.5513 1052.5359 777.8669 1078.7343 849.3140 1.6548 0.6291 0.5878 2.5312 5.3993 36.2934 1.6358 0.5531
Pedestrian -1 -1 1.3649 1094.1207 774.3066 1137.3529 875.4575 1.7658 0.6770 0.6785 2.8420 4.5559 27.5587 1.4847 0.4184
Cyclist -1 -1 -1.5361 904.1436 757.8229 961.2357 898.8319 1.7842 0.7411 1.9177 -0.3970 3.8006 21.7166 -1.5437 0.3210
Car -1 -1 -1.3161 570.3190 756.4528 820.1732 951.7772 1.5759 1.8195 3.8930 -2.8328 3.2311 16.7989 -1.4856 0.9602
Car -1 -1 -1.2583 296.8664 738.1250 731.9381 1073.6896 1.5631 1.7825 3.6146 -2.7329 2.4596 10.0180 -1.5538 0.9501
Car -1 -1 -1.4457 811.5309 780.8588 898.3493 858.2807 1.5920 1.8483 3.8372 -2.8391 6.0413 40.6864 -1.5045 0.9463
Car -1 -1 -1.4493 716.8934 767.1923 857.1459 894.0415 1.5710 1.8221 3.8126 -2.7950 4.1086 24.7486 -1.5555 0.9334
Car -1 -1 2.0599 26.4879 755.3715 243.8651 864.2128 1.4813 1.7439 4.2030 -15.0629 4.0694 27.5468 1.5520 0.8389
Car -1 -1 -1.4446 773.7094 778.5555 876.6181 869.2856 1.5295 1.8064 3.7352 -2.9935 5.1759 33.5798 -1.5241 0.5446
