Pedestrian -1 -1 1.3776 1069.9272 763.7598 1105.8063 850.7119 1.7857 0.6667 0.6398 2.7205 4.8061 32.1782 1.4776 0.6825
Pedestrian -1 -1 1.0529 1425.0416 711.1387 1628.4410 1115.4329 1.6198 0.5833 0.7215 2.4474 2.0185 6.5337 1.5016 0.5803
Pedestrian -1 -1 -1.5721 1002.6440 755.4373 1041.5216 869.2938 1.7374 0.6122 0.6052 0.9743 3.8489 23.8697 -1.5172 0.5530
Pedestrian -1 -1 1.5961 1032.1245 772.1013 1055.3989 835.3751 1.6542 0.6128 0.5574 2.2540 5.7033 40.8285 1.6656 0.3359
Cyclist -1 -1 -1.5685 905.9308 747.8759 960.8919 885.2888 1.7619 0.7667 1.8805 -0.3935 3.6325 21.8039 -1.5760 0.4908
Car -1 -1 -1.3248 495.7310 745.2755 780.4801 977.0130 1.5584 1.7418 3.5253 -2.7977 2.8061 13.7094 -1.5364 0.9670
Car -1 -1 -1.3684 647.2852 758.4074 828.4755 909.4390 1.5415 1.7337 3.5550 -2.9313 3.5189 20.3215 -1.5096 0.9618
Car -1 -1 -1.4346 817.5749 770.6055 899.0709 841.8698 1.6128 1.8410 3.9529 -2.9941 6.1227 44.2438 -1.4911 0.9390
Car -1 -1 -1.4955 740.8939 765.7006 850.1451 870.9037 1.5020 1.7480 3.8336 -3.0855 4.3657 28.4773 -1.5960 0.7588
Car -1 -1 2.0728 0.0000 744.3076 147.0473 877.5447 1.5075 1.8783 4.3206 -14.5810 3.5321 23.1313 1.4964 0.7453
Car -1 -1 2.0450 121.8437 758.9195 300.9710 852.1605 1.4755 1.7367 3.9877 -15.6362 4.4708 31.4208 1.5796 0.5017
