Pedestrian -1 -1 -1.6306 1010.0427 751.9595 1050.9874 868.7955 1.7371 0.6075 0.6000 1.0695 3.7328 23.1878 -1.5701 0.6234
Pedestrian -1 -1 1.4166 1076.3689 764.1041 1114.1191 851.1509 1.7187 0.6949 0.6559 2.7708 4.6339 30.9733 1.5218 0.5879
Pedestrian -1 -1 1.0395 1520.0531 683.7858 1771.7053 1200.8344 1.7145 0.5995 0.6886 2.4373 1.9404 5.3884 1.5897 0.5838
Pedestrian -1 -1 1.5221 1033.8951 774.6396 1059.4800 839.4026 1.6515 0.6603 0.5729 2.2700 5.6649 39.7876 1.5935 0.5066
Cyclist -1 -1 -1.5584 906.1669 747.0580 961.3400 883.4584 1.7416 0.7569 1.8794 -0.3824 3.5930 21.7226 -1.5655 0.4866
Car -1 -1 -1.3229 464.3441 742.9032 768.4664 990.6779 1.5502 1.7298 3.5544 -2.7871 2.7067 12.8611 -1.5497 0.9593
Car -1 -1 -1.3871 636.5126 755.1630 822.6970 912.4650 1.5304 1.7352 3.7054 -2.9156 3.3975 19.5518 -1.5340 0.9563
Car -1 -1 -1.3988 808.3179 767.9385 896.9784 841.8652 1.6362 1.8542 4.0935 -3.1029 6.0021 43.5068 -1.4591 0.9286
Car -1 -1 -1.4654 736.0852 767.8113 855.6463 876.4604 1.5061 1.7708 3.7742 -2.9773 4.3244 27.5985 -1.5657 0.8931
Car -1 -1 2.0438 114.6515 753.6281 297.4448 849.6453 1.5327 1.7631 4.0777 -15.7289 4.4108 31.3921 1.5754 0.5025
Car -1 -1 2.0404 0.0000 733.9988 124.4579 877.1033 1.5283 1.9433 4.4333 -14.2028 3.2900 21.8280 1.4470 0.4946
