Pedestrian -1 -1 1.0001 1710.8605 603.3896 1936.0000 1216.0000 1.8296 0.6876 0.8009 2.6394 1.7746 4.2741 1.7439 0.6114
Pedestrian -1 -1 1.3822 1091.5176 772.8705 1131.8373 865.3101 1.7203 0.6885 0.6182 2.9360 4.6456 29.2305 1.4990 0.6021
Pedestrian -1 -1 -1.5871 1017.4209 760.9134 1059.1105 885.3317 1.7457 0.6039 0.6037 1.1316 3.7746 21.9913 -1.5208 0.4655
Pedestrian -1 -1 1.5052 1046.2972 778.4572 1071.3170 845.5172 1.6339 0.6072 0.5373 2.4734 5.5596 37.9585 1.5850 0.4550
Cyclist -1 -1 -1.5405 906.1476 756.7439 961.5185 898.2548 1.7448 0.7048 1.8389 -0.3702 3.6863 21.0940 -1.5474 0.4905
Car -1 -1 -1.3447 608.9481 759.1727 826.3778 933.8575 1.5535 1.7933 3.7829 -2.8403 3.3672 18.2492 -1.4991 0.9585
Car -1 -1 -1.2956 387.8412 745.4103 750.7052 1036.5682 1.5639 1.7570 3.6156 -2.7611 2.6265 11.3634 -1.5540 0.9551
Car -1 -1 -1.4540 726.5922 767.6566 857.4686 887.5087 1.5697 1.8015 3.8938 -2.8820 4.2592 26.2135 -1.5566 0.9406
Car -1 -1 -1.4564 815.6991 778.5688 897.4255 853.5297 1.6084 1.8267 3.8525 -2.9007 6.1435 42.1586 -1.5141 0.9362
Car -1 -1 2.0490 62.9663 761.3559 259.4321 860.7955 1.4490 1.7403 4.0690 -15.6250 4.3237 29.4571 1.5558 0.4726
Car -1 -1 2.0735 0.0000 715.3424 67.5464 885.2029 1.5508 1.9223 4.5444 -13.1636 2.8182 18.5732 1.4330 0.3763
