Pedestrian -1 -1 0.9730 1772.5848 569.7999 1936.0000 1216.0000 1.7872 0.6985 0.7464 2.6621 1.6566 3.9805 1.7763 0.6239
Pedestrian -1 -1 1.3680 1093.9194 773.5397 1135.6793 870.5677 1.7687 0.6908 0.6343 2.9386 4.6520 28.6628 1.4870 0.5314
Pedestrian -1 -1 1.4722 1047.5720 781.3983 1074.1687 850.9755 1.6722 0.6207 0.5675 2.4972 5.6303 37.5321 1.5534 0.5119
Pedestrian -1 -1 -1.5513 1015.7411 765.9139 1058.6663 890.7726 1.7343 0.6053 0.5918 1.1116 3.8219 21.8175 -1.4855 0.4353
Cyclist -1 -1 -1.5299 905.6689 761.5767 962.9933 903.9164 1.7578 0.7168 1.8473 -0.3645 3.7810 21.2002 -1.5364 0.3574
Car -1 -1 -1.2702 357.2239 750.5077 749.3412 1054.9833 1.5416 1.7777 3.6320 -2.7493 2.6150 10.9360 -1.5389 0.9586
Car -1 -1 -1.3301 596.7629 761.9924 824.2247 943.2739 1.5561 1.7955 3.7226 -2.8294 3.3537 17.6810 -1.4896 0.9560
Car -1 -1 -1.4381 816.0488 782.3070 901.8375 858.6439 1.5984 1.8384 3.8978 -2.7949 6.1923 41.6308 -1.4940 0.9377
Car -1 -1 -1.4411 721.2001 771.3958 858.5127 892.5114 1.5385 1.8223 3.8643 -2.8560 4.2457 25.6804 -1.5452 0.9295
Car -1 -1 1.9352 72.2336 760.3903 254.3082 864.6970 1.4481 1.7173 4.1083 -15.0708 4.2238 28.4880 1.4423 0.7528
Car -1 -1 -1.4042 781.4426 781.7847 884.6497 867.7697 1.4988 1.7817 3.6252 -2.9280 5.3521 34.8419 -1.4782 0.4138
