Pedestrian -1 -1 1.3505 1072.3224 761.8099 1110.6487 850.1806 1.7736 0.6855 0.6572 2.7406 4.6927 31.5172 1.4531 0.6854
Pedestrian -1 -1 1.0929 1477.7191 686.0413 1711.2471 1174.5494 1.7440 0.6025 0.7587 2.4355 1.9980 5.8236 1.5986 0.6312
Pedestrian -1 -1 -1.6221 1007.6113 752.4662 1047.6655 869.6755 1.7647 0.6064 0.6236 1.0393 3.7972 23.5130 -1.5636 0.5724
Pedestrian -1 -1 1.4918 1032.6622 773.3041 1057.0522 837.0859 1.6448 0.6190 0.5671 2.2437 5.6611 40.1842 1.5619 0.5416
Cyclist -1 -1 -1.5601 904.3926 744.7060 960.1440 882.2400 1.7656 0.7709 1.8878 -0.4050 3.5870 21.7895 -1.5682 0.4872
Car -1 -1 -1.2925 469.2001 741.7718 775.0363 983.2195 1.5512 1.7231 3.5228 -2.8104 2.7212 13.1635 -1.5152 0.9661
Car -1 -1 -1.3714 638.2101 754.6564 825.3876 910.4288 1.5409 1.7350 3.6655 -2.9262 3.4216 19.7974 -1.5167 0.9591
Car -1 -1 -1.3923 810.6157 766.7376 899.6017 840.5204 1.6467 1.8548 4.0962 -3.0497 6.0011 43.7653 -1.4509 0.9180
Car -1 -1 -1.4740 739.2321 766.5383 856.5010 872.8656 1.4680 1.7625 3.9368 -2.9676 4.2939 27.8660 -1.5728 0.8160
Car -1 -1 2.1026 112.7240 754.9247 303.9229 848.7404 1.4738 1.7504 4.1078 -15.7012 4.3904 31.4380 1.6356 0.5815
Car -1 -1 2.0387 0.0000 730.5518 108.5450 875.5634 1.4990 1.9017 4.2836 -13.9045 3.1410 20.9894 1.4353 0.3491
