Pedestrian -1 -1 1.3625 1064.9244 765.5871 1100.8604 851.9133 1.8011 0.6694 0.6672 2.6616 4.9189 32.7717 1.4591 0.6899
Pedestrian -1 -1 -1.5789 1001.8156 757.4305 1039.8792 871.1557 1.7585 0.6068 0.5902 0.9638 3.9264 24.1525 -1.5249 0.5982
Pedestrian -1 -1 1.0745 1392.7367 721.5603 1583.7804 1106.1477 1.6396 0.5821 0.7600 2.4370 2.1168 6.9800 1.4905 0.5044
Pedestrian -1 -1 1.5757 1029.0730 772.9393 1052.4692 837.5554 1.7140 0.6361 0.5866 2.2045 5.8465 41.4292 1.6431 0.4344
Cyclist -1 -1 -1.5348 903.1959 748.0413 961.6112 887.3535 1.7892 0.7648 1.8968 -0.4037 3.6682 21.8600 -1.5427 0.4901
Car -1 -1 -1.3189 508.9279 748.9283 788.2538 976.0009 1.5711 1.7477 3.5761 -2.8004 2.8982 14.1724 -1.5226 0.9682
Car -1 -1 -1.3883 655.0810 760.4661 828.1303 908.0334 1.5442 1.7417 3.5508 -2.9535 3.5932 20.7905 -1.5269 0.9548
Car -1 -1 -1.4373 819.3364 772.4194 897.9922 842.2681 1.6042 1.8077 3.8300 -3.0175 6.2074 44.6845 -1.4936 0.9154
Car -1 -1 2.0557 0.0000 747.6259 167.4231 877.0975 1.5190 1.8532 4.2837 -14.6371 3.6644 23.9350 1.4943 0.8470
Car -1 -1 -1.4857 742.9412 767.1693 855.7921 873.2755 1.5299 1.8029 4.0658 -3.0721 4.4917 29.0880 -1.5832 0.8005
Car -1 -1 2.0142 131.6077 760.7581 313.3566 857.1978 1.5056 1.7915 4.2149 -15.4053 4.5550 31.4446 1.5553 0.6596
Car -1 -1 -1.4873 782.8093 770.9942 870.3519 856.3702 1.5362 1.7071 3.7526 -3.1178 5.1612 35.2246 -1.5661 0.5773
