Pedestrian -1 -1 -1.6019 1020.2244 767.9934 1063.5959 895.1312 1.7211 0.6059 0.6003 1.1417 3.7849 21.2566 -1.5331 0.6537
Pedestrian -1 -1 1.3494 1097.6539 774.1646 1141.3646 874.8616 1.7873 0.6936 0.6609 2.9566 4.6167 27.9834 1.4717 0.6121
Pedestrian -1 -1 1.4772 1052.0580 780.8301 1079.9261 851.3698 1.6551 0.6378 0.5943 2.5682 5.5146 36.7143 1.5620 0.5074
Car -1 -1 -1.3303 580.9745 759.2245 821.2321 950.2758 1.5851 1.8332 3.8735 -2.8462 3.3116 17.2203 -1.4957 0.9593
Car -1 -1 -1.4423 718.1193 770.7133 858.6687 896.3929 1.5685 1.8322 3.8757 -2.8194 4.2136 25.1681 -1.5474 0.9584
Car -1 -1 -1.2683 323.8003 746.0709 736.8685 1064.4580 1.5274 1.7711 3.6274 -2.7474 2.5180 10.3959 -1.5530 0.9540
Car -1 -1 -1.4655 816.9092 784.8858 899.4460 861.7376 1.6000 1.8336 3.8115 -2.7886 6.2155 41.1943 -1.5220 0.9381
Car -1 -1 2.0532 38.2776 760.8239 255.9025 871.5836 1.5147 1.7826 4.3131 -15.0626 4.2533 27.9569 1.5523 0.8543
Car -1 -1 -1.4361 779.4316 785.7409 883.0146 874.6945 1.4853 1.8088 3.6923 -2.8710 5.3168 33.7266 -1.5114 0.4067
Car -1 -1 2.0836 0.0000 714.2300 50.9715 896.1783 1.5363 1.9236 4.4574 -12.5725 2.7080 17.2717 1.4271 0.3715
Car -1 -1 2.1255 0.0000 733.5209 37.1557 875.4183 1.4417 1.8114 4.1674 -14.8112 3.0979 20.6472 1.4837 0.3412
