Pedestrian -1 -1 -1.5332 1024.0100 762.8415 1069.7893 897.6191 1.7621 0.5971 0.6250 1.1836 3.6937 20.5980 -1.4604 0.7249
Pedestrian -1 -1 1.3517 1098.2937 774.1371 1142.7826 875.6034 1.7363 0.6829 0.6441 2.8694 4.4644 26.9832 1.4749 0.6210
Pedestrian -1 -1 1.4632 1053.5240 777.9071 1082.3604 850.4778 1.6608 0.6351 0.6262 2.5573 5.3660 35.8932 1.5493 0.4405
Cyclist -1 -1 -1.4953 903.0202 753.4850 966.6126 897.6151 1.8110 0.7512 1.9225 -0.3611 3.7472 21.5329 -1.5014 0.4106
Car -1 -1 -1.3204 561.7924 754.5541 814.2071 953.0201 1.5630 1.8016 3.8222 -2.8289 3.1499 16.3297 -1.4953 0.9625
Car -1 -1 -1.2468 264.1891 734.6467 724.3320 1085.8815 1.5596 1.7760 3.6448 -2.7269 2.4005 9.6232 -1.5556 0.9532
Car -1 -1 -1.4197 806.4213 778.0064 899.7789 858.0061 1.6290 1.8969 3.8845 -2.8506 5.9523 40.2065 -1.4797 0.9497
Car -1 -1 -1.4581 712.1929 766.9604 854.1938 895.5275 1.5419 1.8220 3.9681 -2.8014 4.0406 24.3153 -1.5670 0.8994
Car -1 -1 2.0355 17.8211 750.5326 229.4493 858.6424 1.4599 1.7040 4.1097 -15.0639 3.9176 27.1588 1.5208 0.7647
Car -1 -1 -1.4834 763.8789 776.3590 864.0709 870.4388 1.5683 1.8321 3.7837 -3.1785 5.0935 32.9138 -1.5707 0.4939
