Pedestrian -1 -1 -1.6563 1031.0061 754.9429 1083.0266 899.3666 1.7448 0.6146 0.6729 1.2115 3.4277 19.0141 -1.5767 0.7682
Pedestrian -1 -1 1.3761 1115.8788 768.1630 1163.3820 877.8670 1.7041 0.6673 0.6560 2.9149 4.0826 24.4817 1.5129 0.5970
Pedestrian -1 -1 1.2898 1065.4805 772.4563 1098.0447 849.3658 1.6349 0.5976 0.5651 2.6886 4.9634 33.3998 1.3856 0.5168
Cyclist -1 -1 -1.5017 900.2404 748.9537 964.7360 894.4037 1.7963 0.7589 1.9202 -0.3864 3.6302 21.1250 -1.5095 0.4827
Car -1 -1 -1.3331 512.0020 742.7811 793.4619 969.0557 1.5888 1.8016 3.8815 -2.8188 2.8899 14.5311 -1.5325 0.9667
Car -1 -1 -1.1380 37.2792 717.0472 676.7316 1171.3062 1.5601 1.7485 3.5725 -2.7306 2.1456 7.6869 -1.5371 0.9663
Car -1 -1 -1.4431 799.6162 771.0225 894.0046 852.9156 1.5637 1.8494 4.1851 -2.8722 5.5220 38.3633 -1.5074 0.9311
Car -1 -1 -1.4439 684.3570 761.3779 837.6390 899.6350 1.5536 1.7839 3.6627 -2.8870 3.7522 22.2573 -1.5688 0.9062
Car -1 -1 2.1095 0.0000 736.4300 174.7843 850.0318 1.4518 1.6806 3.8989 -14.9517 3.4567 24.9217 1.5572 0.7664
Car -1 -1 -1.4162 837.7504 785.0711 913.0450 846.6393 1.4745 1.8099 4.0312 -2.7577 6.9328 48.8584 -1.4609 0.4744
