Pedestrian -1 -1 1.3846 1115.2600 770.1760 1166.0302 882.7390 1.7074 0.6980 0.7339 2.8796 4.0817 24.0571 1.5222 0.6114
Pedestrian -1 -1 -1.6703 1032.1707 754.2603 1084.6488 899.4759 1.7495 0.6114 0.6343 1.2231 3.4136 18.9148 -1.5897 0.6025
Pedestrian -1 -1 1.2733 1065.8879 773.0676 1100.2145 854.4167 1.7035 0.6061 0.6217 2.6853 5.0103 33.0103 1.3700 0.5347
Cyclist -1 -1 -1.5275 902.6638 749.0931 965.0574 892.9120 1.7993 0.7874 1.9220 -0.3719 3.6549 21.3682 -1.5344 0.4843
Car -1 -1 -1.1131 0.0000 715.0225 667.0833 1181.8987 1.5357 1.7511 3.4656 -2.7262 2.0861 7.3669 -1.5313 0.9692
Car -1 -1 -1.3247 498.0628 741.5776 789.4810 975.4030 1.6026 1.8027 3.8846 -2.8293 2.8648 14.2002 -1.5303 0.9680
Car -1 -1 -1.4545 798.7039 772.1392 892.9335 854.9339 1.5670 1.8701 4.1967 -2.8747 5.5266 38.0720 -1.5195 0.9293
Car -1 -1 -1.4146 678.4708 760.8271 841.4546 902.3160 1.5584 1.7889 3.7240 -2.8602 3.7289 21.9896 -1.5400 0.8860
Car -1 -1 2.1178 0.0000 727.5859 165.7166 853.4965 1.5307 1.7367 4.1660 -14.5556 3.3021 23.7000 1.5533 0.6073
Car -1 -1 2.0212 101.8018 744.3506 292.8749 843.3337 1.4581 1.6976 4.1191 -14.7470 3.9509 29.1286 1.5465 0.6004
