Pedestrian -1 -1 1.3981 1123.7101 765.9826 1176.4188 886.6242 1.7391 0.6930 0.7393 2.8751 3.9282 22.8245 1.5425 0.7010
Pedestrian -1 -1 -1.7020 1038.8873 758.8013 1093.2328 911.1866 1.7284 0.5823 0.5833 1.2423 3.3495 17.8010 -1.6156 0.6828
Pedestrian -1 -1 1.3808 1075.5132 772.4988 1108.8445 858.5228 1.7350 0.6111 0.5667 2.7572 4.8776 31.5311 1.4839 0.5151
Pedestrian -1 -1 1.2171 1114.7961 771.5570 1152.0148 856.8844 1.7199 0.6199 0.6054 3.6525 4.8700 31.7569 1.3485 0.2955
Cyclist -1 -1 -1.5018 898.0770 752.1217 966.2941 899.9423 1.8247 0.8121 1.9194 -0.3898 3.7062 21.1339 -1.5097 0.4928
Car -1 -1 -1.2957 445.0646 742.5232 769.2836 997.6376 1.5964 1.7903 3.7972 -2.8957 2.7775 13.0796 -1.5267 0.9647
Car -1 -1 -1.0635 0.0000 711.3966 617.3996 1216.0000 1.5045 1.7300 3.4853 -2.7367 1.9718 6.3278 -1.5604 0.9618
Car -1 -1 -1.4688 793.2213 775.7177 889.2602 863.2874 1.6020 1.8938 4.2542 -2.8984 5.5460 36.9490 -1.5369 0.9391
Car -1 -1 -1.3979 665.5248 761.8910 841.0673 910.0352 1.5391 1.7955 3.6515 -2.7939 3.6191 20.8435 -1.5280 0.9094
Car -1 -1 1.8853 384.3271 780.0361 487.8493 845.2106 1.4924 1.7996 4.1861 -16.2170 6.5231 46.3857 1.5544 0.4256
Car -1 -1 2.0741 0.0000 744.2761 150.0397 859.2895 1.4382 1.6934 3.8101 -15.1921 3.5664 24.7064 1.5107 0.3828
