Pedestrian -1 -1 -1.5979 1031.3434 753.3517 1078.4612 896.8940 1.7949 0.6063 0.6011 1.2222 3.5039 19.5806 -1.5198 0.6373
Pedestrian -1 -1 1.3700 1116.6692 770.0535 1163.2079 876.3499 1.7056 0.6821 0.5898 3.0035 4.1799 25.1751 1.5069 0.5803
Pedestrian -1 -1 1.3449 1064.2375 773.8582 1094.3097 848.6008 1.6235 0.5807 0.5462 2.6823 5.0433 34.0234 1.4389 0.4730
Cyclist -1 -1 -1.5010 900.3389 749.0051 965.3920 894.3862 1.8014 0.7684 1.9189 -0.3822 3.6412 21.1875 -1.5086 0.5096
Car -1 -1 -1.3263 530.0256 744.5542 799.5056 960.6497 1.5847 1.7853 3.7584 -2.8134 2.9405 15.0210 -1.5180 0.9664
Car -1 -1 -1.1676 119.8930 720.3333 695.4026 1140.1625 1.5769 1.7521 3.5688 -2.7200 2.2197 8.2575 -1.5343 0.9642
Car -1 -1 -1.4371 800.1606 770.9858 893.7125 849.9828 1.5268 1.8454 4.1871 -2.9197 5.5485 39.0166 -1.5014 0.9412
Car -1 -1 -1.4397 695.0174 762.9038 845.7028 898.1332 1.5657 1.7970 3.5743 -2.8192 3.8343 22.7841 -1.5580 0.9349
Car -1 -1 -1.4904 746.6628 766.9988 852.4940 870.4615 1.5259 1.7203 3.7946 -3.0916 4.4841 29.2193 -1.5881 0.2696
Car -1 -1 -1.4116 834.9416 783.7041 908.0427 845.4904 1.4049 1.6364 3.4104 -2.6605 6.3698 44.9681 -1.4593 0.2418
Car -1 -1 -1.4225 842.2299 783.8214 915.5127 844.9881 1.5120 1.8235 3.9657 -2.6971 7.0223 49.7826 -1.4648 0.2199
