Pedestrian -1 -1 -1.6042 1060.8549 735.7685 1124.3927 931.3353 1.7815 0.5912 0.5271 1.2456 2.8576 14.2298 -1.4976 0.6833
Pedestrian -1 -1 1.3103 1101.3004 768.4286 1146.4580 871.5980 1.6678 0.6398 0.5942 2.7636 4.1429 25.4511 1.4360 0.6640
Pedestrian -1 -1 1.4653 1176.8907 752.8918 1244.9547 909.5205 1.6619 0.7045 0.6140 2.7888 3.1244 16.7516 1.6549 0.6397
Cyclist -1 -1 -1.5279 896.7590 745.2660 961.8210 890.1185 1.7904 0.8140 1.9347 -0.4304 3.5670 21.0929 -1.5381 0.5036
Car -1 -1 -1.1873 115.7242 704.0590 692.0754 1120.6244 1.6181 1.7846 3.8131 -2.7894 2.1678 8.4616 -1.5531 0.9627
Car -1 -1 -1.3419 567.4730 747.7292 811.1037 939.6751 1.5329 1.8044 3.6048 -2.7958 3.0118 16.1568 -1.5172 0.9581
Car -1 -1 -1.4451 763.3409 764.2159 877.5067 862.3088 1.5661 1.8835 4.2362 -2.9496 4.7629 32.1585 -1.5278 0.9479
Car -1 -1 -1.4513 818.0110 776.1486 891.9863 843.1806 1.4991 1.6962 3.7523 -3.0855 6.1492 44.0520 -1.5102 0.9237
Car -1 -1 2.0576 16.7255 761.4399 220.4280 866.9792 1.4654 1.6624 3.9782 -15.6332 4.2045 27.9864 1.5411 0.3635
Car -1 -1 -0.2102 0.0000 0.0000 1936.0000 1216.0000 1.4872 1.7514 3.6500 -2.7243 1.4927 1.7774 -1.6282 0.3509
