Pedestrian -1 -1 -1.5140 1045.1060 751.7520 1105.2136 921.9449 1.7644 0.6121 0.6145 1.2522 3.1830 16.3743 -1.4202 0.6675
Pedestrian -1 -1 1.3566 1140.4791 760.4216 1201.5348 898.5140 1.7519 0.6879 0.7105 2.8090 3.6053 20.0783 1.5165 0.6364
Pedestrian -1 -1 1.4035 1082.7979 772.5820 1118.2441 863.7415 1.6872 0.6053 0.5629 2.6919 4.5750 28.9439 1.5126 0.6317
Cyclist -1 -1 -1.5316 900.0905 755.8529 961.6956 902.4573 1.8019 0.7723 1.9028 -0.4085 3.7307 21.0634 -1.5405 0.5295
Car -1 -1 -1.3007 353.4041 737.5959 730.3610 1039.0214 1.5870 1.7848 3.7129 -2.8862 2.5660 11.1285 -1.5773 0.9678
Car -1 -1 -0.7388 0.0000 657.6924 511.2950 1216.0000 1.5505 1.7625 3.8725 -2.6970 1.6801 3.9487 -1.5436 0.9509
Car -1 -1 -1.4315 775.5921 776.2355 883.4800 867.3366 1.5444 1.8811 4.3402 -3.0046 5.3085 34.9703 -1.5075 0.9431
Car -1 -1 -1.4230 636.2688 763.4984 824.3463 928.0315 1.5343 1.8025 3.7538 -2.8147 3.4682 18.9883 -1.5691 0.9316
Car -1 -1 -1.4259 826.3284 784.5053 903.3743 852.4114 1.6017 1.8195 3.8043 -2.9548 6.7812 46.5515 -1.4778 0.4607
Car -1 -1 2.2578 0.0000 693.9137 52.8802 876.0159 1.6829 2.0138 4.8127 -13.4898 2.6296 18.0856 1.5909 0.3408
