Pedestrian -1 -1 -1.5815 1045.4578 762.3736 1101.6233 925.4695 1.7296 0.6188 0.7069 1.2686 3.3155 16.8733 -1.4891 0.7499
Pedestrian -1 -1 1.3653 1134.6794 769.8015 1192.2893 901.6308 1.7562 0.6949 0.6455 2.8350 3.8249 21.0097 1.5196 0.7071
Pedestrian -1 -1 1.4135 1078.2740 780.2222 1113.4290 871.6696 1.7462 0.6261 0.5633 2.6843 4.8788 29.8631 1.5194 0.6288
Pedestrian -1 -1 -1.5558 900.2856 762.4425 963.0462 908.1114 1.7550 0.8190 1.8241 -0.3899 3.7392 20.6589 -1.5642 0.1031
Cyclist -1 -1 -1.5581 899.6826 763.2905 962.6487 908.6998 1.7502 0.8271 1.8653 -0.3974 3.7535 20.7131 -1.5668 0.5335
Car -1 -1 -0.8851 0.0000 699.7064 545.8369 1216.0000 1.4686 1.6943 3.3730 -2.7034 1.7965 4.8437 -1.5413 0.9644
Car -1 -1 -1.2768 375.4910 747.0690 751.9784 1039.3984 1.6021 1.8236 3.9145 -2.9066 2.7322 11.8453 -1.5359 0.9580
Car -1 -1 -1.4315 779.0502 784.2667 886.1075 876.5147 1.5941 1.9181 4.2666 -2.9901 5.6221 35.6056 -1.5053 0.9505
Car -1 -1 -1.4074 640.7309 770.3873 830.2450 928.5414 1.4962 1.8352 3.7809 -2.8363 3.5861 19.5711 -1.5495 0.9109
Car -1 -1 -1.4313 835.1293 792.6488 910.7837 858.5539 1.5441 1.8221 3.8258 -2.7388 7.0569 47.1554 -1.4775 0.7437
Car -1 -1 2.0724 0.0000 759.8329 130.9280 888.0522 1.4621 1.7432 4.0605 -14.9477 3.7754 23.5459 1.4939 0.3765
