Pedestrian -1 -1 -1.5948 1060.1643 735.7639 1121.6584 922.4249 1.7472 0.5885 0.5296 1.2662 2.8530 14.6281 -1.4895 0.5631
Pedestrian -1 -1 1.4196 1168.2035 749.0227 1238.1730 905.5287 1.7095 0.7189 0.6325 2.7718 3.1628 17.1823 1.6034 0.5616
Pedestrian -1 -1 1.3971 1099.8582 763.4817 1141.7400 862.4266 1.6332 0.6370 0.5809 2.7534 4.0569 25.8476 1.5206 0.4915
Cyclist -1 -1 -1.5315 897.8908 743.5620 960.5538 885.2301 1.7659 0.7937 1.8888 -0.4348 3.5237 21.1974 -1.5418 0.5288
Car -1 -1 -1.2331 165.1637 702.7930 692.3353 1099.0769 1.6223 1.7764 3.8675 -2.8020 2.1836 8.8314 -1.5832 0.9632
Car -1 -1 -1.3605 576.5287 742.2141 811.5042 928.7488 1.5421 1.8225 3.6834 -2.8243 2.9913 16.5974 -1.5324 0.9482
Car -1 -1 -1.4896 766.8158 760.4173 871.6857 858.0769 1.5964 1.8870 4.3377 -3.0239 4.7514 32.6432 -1.5732 0.9310
Car -1 -1 -1.4483 816.4186 771.1245 891.1205 838.5623 1.5253 1.7094 3.8774 -3.1473 6.0648 44.4362 -1.5080 0.9215
Car -1 -1 -0.2088 0.0000 0.0000 1936.0000 1216.0000 1.5225 1.7675 3.7996 -2.5994 1.4409 1.8276 -1.6041 0.7338
Car -1 -1 -1.3764 791.1437 773.5236 881.8333 846.0142 1.4466 1.7041 3.2685 -3.1787 5.4590 38.6462 -1.4484 0.2964
