Pedestrian -1 -1 1.3331 1136.9703 764.2035 1197.1628 899.8206 1.7677 0.6904 0.6865 2.8315 3.7231 20.6221 1.4901 0.7741
Pedestrian -1 -1 -1.5323 1045.1300 760.2655 1104.7001 927.0154 1.7391 0.6213 0.7329 1.2722 3.2834 16.6568 -1.4386 0.6999
Pedestrian -1 -1 1.3508 1077.8864 776.5111 1115.0347 870.2710 1.7618 0.6182 0.6212 2.6684 4.7932 29.5562 1.4570 0.6126
Cyclist -1 -1 -1.5595 899.5233 763.9811 962.4673 908.5633 1.7430 0.8316 1.8696 -0.4008 3.7613 20.7653 -1.5683 0.5268
Car -1 -1 -0.8196 0.0000 685.6885 535.4670 1216.0000 1.4822 1.7160 3.5700 -2.6742 1.7353 4.4120 -1.5367 0.9671
Car -1 -1 -1.2991 363.4115 743.5533 739.9605 1044.4362 1.6133 1.8211 3.8517 -2.8992 2.6764 11.4691 -1.5673 0.9647
Car -1 -1 -1.4619 778.3177 781.7947 880.6592 874.6628 1.6087 1.9114 4.2586 -3.0444 5.5452 35.3615 -1.5379 0.9426
Car -1 -1 -1.4180 638.3680 768.5178 827.5138 930.6023 1.5168 1.8283 3.8968 -2.8423 3.5697 19.4193 -1.5617 0.9277
Car -1 -1 -1.4447 830.1589 792.4887 903.1995 857.1464 1.5041 1.7792 3.8445 -2.9313 6.9999 47.0567 -1.4952 0.7500
Car -1 -1 -1.4635 812.2992 790.7834 889.0400 862.3623 1.5117 1.7249 3.3975 -3.0170 6.2931 41.3679 -1.5253 0.4823
Car -1 -1 2.2323 0.0000 702.9649 50.4724 883.2145 1.6482 1.9821 4.7850 -13.4936 2.7206 18.1459 1.5674 0.3273
