Pedestrian -1 -1 -1.5929 1049.1912 735.6064 1108.7599 916.1918 1.8078 0.6137 0.7090 1.2422 3.0059 15.8082 -1.4967 0.7657
Pedestrian -1 -1 1.3144 1145.0815 746.6171 1212.5973 894.5854 1.7840 0.7147 0.6569 2.7548 3.3582 18.9813 1.4803 0.4977
Pedestrian -1 -1 1.4094 1087.9379 765.1956 1127.3030 859.9664 1.6787 0.6481 0.5865 2.7080 4.3072 27.7097 1.5235 0.4565
Cyclist -1 -1 -1.5867 899.3806 745.3568 958.9775 887.8391 1.7778 0.8098 1.9341 -0.4624 3.5715 21.2904 -1.5982 0.4940
Car -1 -1 -1.2858 294.7788 722.3506 714.1544 1051.6987 1.5855 1.7774 3.7008 -2.8447 2.3698 10.1691 -1.5884 0.9672
Car -1 -1 -1.3652 608.3419 749.6006 818.8796 921.2710 1.5413 1.7760 3.5987 -2.8471 3.1905 17.9380 -1.5235 0.9508
Car -1 -1 -1.4374 771.9197 764.4492 879.5073 857.0621 1.5647 1.8405 4.3017 -3.0145 4.9508 34.0874 -1.5163 0.9192
Car -1 -1 -0.5813 0.0000 643.4857 425.8496 1216.0000 1.5628 1.7869 3.7788 -2.6408 1.6243 3.0472 -1.5835 0.9150
Car -1 -1 -1.4440 825.9365 777.2960 897.2228 841.4495 1.4884 1.6753 3.6936 -2.9998 6.3329 45.6361 -1.4984 0.8331
Car -1 -1 -1.4477 811.2319 781.5755 888.5708 850.7191 1.4235 1.6426 3.1896 -2.9292 5.7723 39.8677 -1.5104 0.3628
