Pedestrian -1 -1 -1.6143 1053.3525 734.2865 1114.9584 916.3438 1.7765 0.6126 0.6006 1.2499 2.9181 15.2904 -1.5144 0.6219
Pedestrian -1 -1 1.3757 1152.2552 748.7449 1219.3073 894.4523 1.7042 0.7159 0.6357 2.7512 3.2528 18.3724 1.5467 0.6212
Pedestrian -1 -1 1.3858 1078.4209 764.0233 1117.5845 859.4682 1.6518 0.6196 0.5691 2.4730 4.2002 27.0854 1.4933 0.4142
Cyclist -1 -1 -1.5785 900.2798 742.8191 959.1266 886.8595 1.7949 0.7957 1.9184 -0.4446 3.5416 21.1842 -1.5893 0.5327
Car -1 -1 -1.2777 266.8431 716.2394 708.8471 1060.7457 1.5778 1.7655 3.6875 -2.7951 2.2839 9.6984 -1.5918 0.9654
Car -1 -1 -1.3804 592.2753 743.4147 813.5543 922.8033 1.5592 1.8382 3.8670 -2.8888 3.1043 17.5395 -1.5455 0.9273
Car -1 -1 -1.4439 771.7567 764.1034 879.0888 854.8835 1.4923 1.8191 4.3355 -2.9730 4.8224 33.5658 -1.5231 0.9261
Car -1 -1 -0.4119 0.0000 630.8204 373.0291 1216.0000 1.5575 1.7776 3.8843 -2.6931 1.5755 2.5853 -1.5560 0.9162
Car -1 -1 -1.4904 825.5463 773.8917 893.1100 838.7533 1.4927 1.6940 3.8607 -3.0467 6.2029 45.3263 -1.5464 0.8274
Car -1 -1 -1.4680 811.3069 780.4323 887.6812 849.8326 1.4150 1.6551 3.2384 -2.9151 5.6993 39.5421 -1.5311 0.3605
