Pedestrian -1 -1 -1.5837 1051.4673 746.6028 1108.4352 917.7939 1.7342 0.5928 0.5636 1.2620 3.0523 15.8899 -1.4865 0.6708
Pedestrian -1 -1 1.2996 1142.1219 749.3749 1206.9320 894.1106 1.7771 0.6899 0.6523 2.7524 3.4174 19.3453 1.4622 0.5764
Pedestrian -1 -1 1.4322 1083.4257 766.2049 1121.4490 860.6796 1.7100 0.6485 0.5936 2.6666 4.4119 28.2883 1.5426 0.4951
Cyclist -1 -1 -1.5887 902.0226 747.2706 959.2167 891.8646 1.7941 0.7725 1.9122 -0.4411 3.6046 21.1586 -1.5993 0.5311
Car -1 -1 -1.2866 319.6645 728.3648 724.5811 1046.2675 1.5790 1.7750 3.6902 -2.8280 2.4324 10.4834 -1.5771 0.9640
Car -1 -1 -1.3887 615.1052 753.5091 820.5851 923.9446 1.5420 1.8088 3.7998 -2.8594 3.2862 18.3574 -1.5434 0.9492
Car -1 -1 -1.4411 771.7404 769.8564 878.2990 861.5988 1.5611 1.8661 4.1910 -3.0567 5.0981 34.3492 -1.5204 0.9354
Car -1 -1 -0.6292 0.0000 643.4339 451.8456 1216.0000 1.5623 1.7829 3.8805 -2.6529 1.6269 3.2639 -1.5777 0.9099
Car -1 -1 -1.4619 827.1537 778.8271 898.0255 845.2886 1.5585 1.7293 3.7798 -2.9896 6.4889 45.9650 -1.5155 0.8342
Car -1 -1 -1.4648 810.5643 781.0228 887.3698 851.5393 1.4592 1.6771 3.2798 -2.9653 5.8135 40.0337 -1.5282 0.4016
