Pedestrian -1 -1 -1.6467 1055.5101 734.4780 1121.3188 920.1304 1.7591 0.6169 0.6265 1.2572 2.8723 14.8707 -1.5437 0.7827
Pedestrian -1 -1 1.3449 1095.9573 761.1537 1138.8792 861.6706 1.6881 0.6387 0.6185 2.7505 4.1228 26.3807 1.4660 0.5184
Pedestrian -1 -1 1.4146 1160.6210 746.2477 1227.7352 896.5338 1.6941 0.7076 0.6278 2.7491 3.1564 17.6983 1.5919 0.5122
Cyclist -1 -1 -1.5521 898.4186 743.5020 959.1706 885.3215 1.7635 0.8027 1.9064 -0.4401 3.5169 21.1520 -1.5627 0.5362
Car -1 -1 -1.2559 215.2063 710.2664 695.0126 1080.2014 1.5913 1.7531 3.6997 -2.8016 2.2210 9.1627 -1.5917 0.9619
Car -1 -1 -1.3582 583.2994 744.5989 813.4831 926.4950 1.5306 1.8181 3.6115 -2.8269 3.0273 16.8542 -1.5272 0.9464
Car -1 -1 -1.4603 769.3260 762.3337 876.5581 857.1587 1.5554 1.8484 4.2844 -2.9753 4.7862 32.9853 -1.5413 0.9453
Car -1 -1 -1.4600 820.2734 771.1436 893.1283 837.4562 1.5088 1.7125 3.8597 -3.0798 6.0731 44.6997 -1.5178 0.8960
Car -1 -1 -0.2285 0.0000 0.0000 1936.0000 1216.0000 1.5735 1.7971 3.8866 -2.6281 1.4636 1.9264 -1.5890 0.7864
Car -1 -1 -1.4251 663.0284 764.8154 815.7301 894.8973 1.4337 1.7113 3.8493 -3.2498 3.7252 22.5629 -1.5648 0.2994
Car -1 -1 -1.4230 807.5005 775.9636 890.3576 846.9161 1.4307 1.6629 3.2125 -2.8829 5.5331 38.9401 -1.4865 0.2977
