Pedestrian -1 -1 1.2785 1327.2852 750.2274 1457.7706 1015.1802 1.7043 0.7083 0.7501 2.9744 2.6060 10.3729 1.6057 0.8161
Pedestrian -1 -1 -1.7586 1152.2537 755.7709 1254.0887 1014.3397 1.7030 0.6199 0.5656 1.6759 2.6398 10.4208 -1.5671 0.7061
Pedestrian -1 -1 1.4243 1157.4800 773.3402 1213.6003 914.2366 1.6996 0.6311 0.6595 2.8561 3.6277 19.0873 1.5948 0.3931
Pedestrian -1 -1 -1.5562 926.8051 766.1273 996.0738 910.2098 1.7385 0.9132 1.8337 0.0233 3.7901 20.7947 -1.5432 0.1112
Cyclist -1 -1 -1.5456 926.0167 765.6650 996.8157 910.8425 1.7557 0.9178 1.8615 0.0236 3.8094 20.8704 -1.5326 0.6057
Car -1 -1 -1.3064 433.0509 754.3132 790.0536 1034.3109 1.4630 1.7511 3.6404 -2.4465 2.6074 11.3741 -1.5354 0.9546
Car -1 -1 -1.4196 761.7510 779.0058 898.0216 896.1455 1.5470 1.8484 4.1899 -2.3318 4.6124 27.5880 -1.4953 0.9447
Car -1 -1 -0.6224 0.0000 634.1763 537.4562 1216.0000 1.6032 1.8608 4.4220 -2.6208 1.6385 3.4353 -1.5235 0.9327
Car -1 -1 -1.4624 833.0315 793.9678 914.0805 869.6396 1.4373 1.6694 3.8880 -2.2540 6.1057 39.3001 -1.5084 0.8412
Car -1 -1 -1.4866 864.1359 794.2211 930.5578 856.9889 1.4998 1.7897 4.0847 -2.0541 7.2943 49.0883 -1.5162 0.4009
Car -1 -1 -2.9354 1769.7981 458.0677 1936.0000 1216.0000 1.9378 1.9709 4.5461 4.6902 1.7805 3.8643 -1.8432 0.3099
Car -1 -1 2.2483 0.0000 733.0796 115.4419 839.9286 1.5127 1.8561 4.3798 -18.1645 3.7043 28.0283 1.6638 0.2945
