Pedestrian -1 -1 -1.6603 1091.4773 758.0632 1171.0790 975.4437 1.7109 0.6204 0.6256 1.4120 2.8528 12.4971 -1.5246 0.5881
Pedestrian -1 -1 1.2223 1226.7990 763.7224 1320.7190 959.3572 1.6767 0.6728 0.6472 2.8507 2.9804 13.6854 1.4591 0.5358
Pedestrian -1 -1 1.4517 1129.5372 778.5636 1176.3866 896.8068 1.7080 0.6472 0.6424 2.9159 4.0836 22.7891 1.5982 0.3835
Pedestrian -1 -1 -1.5540 907.8605 770.0634 969.9839 913.6989 1.7212 0.8074 1.8170 -0.2903 3.8175 20.6818 -1.5571 0.1027
Cyclist -1 -1 -1.5568 908.3898 770.4020 970.4271 913.9846 1.7218 0.8128 1.8416 -0.2841 3.8291 20.7335 -1.5596 0.5414
Car -1 -1 -1.0111 0.0000 706.4380 628.1149 1216.0000 1.5263 1.7513 3.6563 -2.7296 1.9634 6.1485 -1.5227 0.9603
Car -1 -1 -1.2946 500.7253 760.9641 799.9803 992.9644 1.5289 1.7962 3.6527 -2.7266 2.9708 13.9587 -1.4961 0.9590
Car -1 -1 -1.4311 759.7033 783.9172 882.6158 892.2749 1.5779 1.8612 4.0216 -2.7199 4.9752 29.8877 -1.5130 0.9521
Car -1 -1 -1.4846 827.1909 795.4465 901.9233 869.2601 1.5399 1.7261 3.6993 -2.6549 6.5159 41.7540 -1.5367 0.9182
Car -1 -1 2.3530 0.0000 731.6480 54.4268 842.2869 1.5005 1.8504 4.3017 -18.7913 3.5855 26.9373 1.7328 0.3181
Car -1 -1 2.0043 348.5693 780.8117 457.0751 842.9587 1.4191 1.6501 3.8561 -17.1553 6.4349 46.1201 1.6532 0.2585
