Pedestrian -1 -1 -1.6007 1080.0929 751.0070 1152.9788 960.2139 1.7372 0.6245 0.6630 1.3680 2.8816 13.2109 -1.4760 0.8014
Pedestrian -1 -1 1.3657 1205.7380 756.4697 1283.0162 936.3724 1.7106 0.6678 0.5708 2.8189 3.0495 14.9300 1.5805 0.5971
Pedestrian -1 -1 1.3870 1115.2910 775.8207 1162.2815 887.5870 1.6872 0.6483 0.6233 2.8186 4.1206 23.7845 1.5234 0.5579
Pedestrian -1 -1 -1.5437 901.8866 760.9027 962.5258 904.4146 1.7429 0.7747 1.8255 -0.3864 3.7205 20.8253 -1.5518 0.1048
Cyclist -1 -1 -1.5485 902.1328 760.5743 962.7136 903.9540 1.7451 0.7843 1.8452 -0.3844 3.7243 20.8865 -1.5564 0.5545
Car -1 -1 -1.1052 0.0000 704.8936 651.9483 1205.0431 1.5675 1.7651 3.6144 -2.7639 2.0451 7.0997 -1.5466 0.9649
Car -1 -1 -1.3212 539.4073 757.6154 802.2495 967.4744 1.5107 1.7398 3.5054 -2.7346 2.9884 14.8478 -1.5097 0.9616
Car -1 -1 -1.4162 758.6037 776.8458 879.8159 880.6178 1.5710 1.8438 4.0834 -2.8553 4.9240 30.8980 -1.4995 0.9577
Car -1 -1 -1.5072 822.2032 787.9023 893.3446 859.4700 1.5434 1.7469 3.7426 -2.9094 6.4002 42.6799 -1.5640 0.8792
Car -1 -1 2.0309 27.5086 736.5120 229.5423 837.8947 1.4466 1.7455 3.8570 -15.2649 3.6577 27.6524 1.5181 0.3159
Car -1 -1 -1.4360 798.7275 786.2538 887.0497 866.0422 1.5040 1.7027 3.3913 -2.8818 5.6864 37.0133 -1.5034 0.2728
