Pedestrian -1 -1 -1.6706 1126.2791 755.9549 1216.3026 993.4425 1.6937 0.6311 0.8238 1.6124 2.7458 11.5736 -1.5048 0.6996
Pedestrian -1 -1 1.2995 1268.4105 760.9270 1374.0807 983.8003 1.6768 0.6749 0.7461 2.8948 2.8097 12.0809 1.5722 0.6904
Pedestrian -1 -1 1.5866 1145.7565 776.0620 1192.8118 909.7947 1.7461 0.6224 0.5864 2.8752 3.8675 20.6440 1.7455 0.3280
Pedestrian -1 -1 -1.6082 924.3335 772.6281 987.6184 911.4219 1.6657 0.8321 1.7943 -0.0924 3.8097 20.7932 -1.6012 0.1138
Cyclist -1 -1 -1.6034 924.1565 771.9915 986.9552 911.1301 1.6768 0.8372 1.8157 -0.0987 3.8210 20.8818 -1.5966 0.5658
Car -1 -1 -0.8698 0.0000 672.7091 593.5577 1216.0000 1.5666 1.7968 4.0854 -2.6666 1.7870 4.8104 -1.5243 0.9596
Car -1 -1 -1.4385 761.1935 782.7162 887.3576 895.3712 1.5582 1.8390 4.1630 -2.5500 4.8190 28.7713 -1.5182 0.9353
Car -1 -1 -1.3216 474.6710 758.9170 789.7499 1013.8460 1.5013 1.7426 3.6479 -2.5855 2.7973 12.6084 -1.5363 0.9330
Car -1 -1 -1.4675 829.6859 795.9233 907.5129 870.2938 1.4974 1.6947 3.5692 -2.4549 6.3203 40.3441 -1.5170 0.8964
Car -1 -1 -1.5285 858.6972 793.4553 919.6532 857.4232 1.5924 1.8286 4.2681 -2.3985 7.5427 50.6503 -1.5636 0.2766
