Pedestrian -1 -1 1.2779 1285.9159 754.3370 1396.1354 983.9055 1.6788 0.6903 0.6472 2.9410 2.7134 11.6283 1.5657 0.7840
Pedestrian -1 -1 -1.6824 1136.9270 752.6182 1228.1444 994.1512 1.6689 0.6126 0.7167 1.6321 2.6498 11.1086 -1.5075 0.6880
Pedestrian -1 -1 1.5064 1146.5725 768.3797 1193.5358 903.4202 1.7411 0.6059 0.6309 2.8361 3.7268 20.3528 1.6656 0.2937
Pedestrian -1 -1 -1.5909 924.0360 766.2733 986.9609 907.6678 1.7124 0.8382 1.7931 -0.0883 3.7656 20.8165 -1.5837 0.1311
Cyclist -1 -1 -1.5904 923.3733 765.6193 986.5339 907.8878 1.7257 0.8433 1.8309 -0.0959 3.7774 20.8823 -1.5835 0.5848
Car -1 -1 -1.3018 454.5225 749.7046 792.5874 1017.4189 1.5373 1.7731 3.7104 -2.5623 2.7181 12.2521 -1.5219 0.9596
Car -1 -1 -0.8021 0.0000 648.5579 569.4675 1216.0000 1.6428 1.7821 3.9641 -2.6697 1.7451 4.4372 -1.5141 0.9569
Car -1 -1 -1.4351 759.1750 776.5766 890.3127 891.3779 1.5651 1.8684 4.2656 -2.4959 4.6605 28.3364 -1.5145 0.9344
Car -1 -1 -1.4631 833.2913 792.9846 911.2282 865.5160 1.4362 1.6617 3.5665 -2.3314 6.1297 39.9266 -1.5101 0.9008
Car -1 -1 1.9967 175.8257 763.7761 326.7424 844.0872 1.4678 1.7539 4.2529 -17.3968 5.0906 36.8708 1.5557 0.2604
Car -1 -1 1.9994 0.0000 753.0569 195.1727 870.9340 1.4684 1.8237 4.2896 -14.9882 3.8632 25.7128 1.4617 0.2460
