Pedestrian -1 -1 1.2801 1240.6388 763.3551 1338.5422 967.0556 1.6738 0.6805 0.7224 2.8808 2.9282 13.1734 1.5287 0.6843
Pedestrian -1 -1 -1.6400 1101.4535 753.8057 1183.8020 977.2496 1.7113 0.6383 0.6669 1.4723 2.7956 12.2214 -1.4958 0.5405
Pedestrian -1 -1 1.4952 1136.8137 774.6786 1183.2803 903.4607 1.7946 0.6423 0.6121 2.9105 4.0246 21.9354 1.6468 0.3180
Pedestrian -1 -1 -1.5486 915.3081 771.8962 980.0377 917.7689 1.7220 0.8221 1.8208 -0.1663 3.8207 20.4296 -1.5455 0.1035
Cyclist -1 -1 -1.5486 915.3081 771.8962 980.0377 917.7689 1.7220 0.8221 1.8208 -0.1663 3.8207 20.4296 -1.5455 0.5539
Car -1 -1 -0.9882 0.0000 694.4460 612.2595 1216.0000 1.5761 1.7897 3.8334 -2.7241 1.9320 5.7106 -1.5416 0.9595
Car -1 -1 -1.4293 762.2396 784.8636 887.1605 895.2105 1.5819 1.8613 4.0223 -2.6118 4.9575 29.4914 -1.5087 0.9474
Car -1 -1 -1.3090 494.6343 761.3908 797.2733 1001.2501 1.5138 1.7698 3.6218 -2.6499 2.9075 13.4114 -1.5139 0.9356
Car -1 -1 -1.4535 826.6935 795.9343 906.6619 871.3467 1.5530 1.7416 3.6963 -2.5664 6.4972 41.3273 -1.5041 0.8838
Car -1 -1 1.9024 361.0694 782.4681 459.1543 844.1830 1.4379 1.6873 3.8740 -17.1646 6.5688 46.7463 1.5558 0.2323
