Pedestrian -1 -1 -1.7592 1147.1722 764.6956 1244.7751 1007.0969 1.6202 0.5983 0.6098 1.6621 2.6447 10.6540 -1.5735 0.7661
Pedestrian -1 -1 1.3008 1311.6685 745.3505 1435.7390 1000.5650 1.7155 0.7197 0.7156 2.9567 2.6136 10.7770 1.6136 0.7384
Pedestrian -1 -1 1.4811 1152.3822 769.5291 1201.3190 909.4785 1.7315 0.5903 0.6602 2.8167 3.6591 19.5797 1.6454 0.3656
Pedestrian -1 -1 -1.5726 924.6849 763.5834 992.2634 907.9957 1.7414 0.8952 1.8374 -0.0294 3.7491 20.7270 -1.5624 0.1222
Cyclist -1 -1 -1.5709 923.8778 763.3735 991.8956 908.2972 1.7481 0.9028 1.8804 -0.0359 3.7605 20.7884 -1.5610 0.5894
Car -1 -1 -1.3192 444.9345 747.6291 791.7286 1023.7537 1.4939 1.7531 3.7997 -2.4714 2.6140 11.7248 -1.5427 0.9583
Car -1 -1 -1.4219 759.6156 776.9276 895.2791 893.4286 1.5669 1.8746 4.1971 -2.4058 4.6240 27.9114 -1.4994 0.9504
Car -1 -1 -0.7002 0.0000 631.2436 549.4445 1216.0000 1.6608 1.8675 4.3234 -2.6722 1.6864 3.8304 -1.5235 0.9441
Car -1 -1 -1.4571 832.5817 790.4863 914.7871 866.3546 1.4695 1.7011 3.8584 -2.2681 6.0740 39.6015 -1.5031 0.8788
Car -1 -1 -1.5236 860.3409 792.7531 921.7162 854.1414 1.4893 1.7882 4.0637 -2.2835 7.2745 49.4981 -1.5576 0.4564
Car -1 -1 -2.8844 1740.6711 384.8498 1936.0000 1216.0000 1.9493 2.0155 4.6652 4.6755 1.7104 3.9952 -1.8140 0.2937
