Pedestrian -1 -1 1.2710 1260.4507 760.7958 1362.0355 977.5058 1.7000 0.6716 0.6918 2.9226 2.8718 12.5371 1.5360 0.7220
Pedestrian -1 -1 -1.6029 1120.0068 756.4409 1205.7456 990.0367 1.6939 0.6445 0.7367 1.5751 2.7596 11.7087 -1.4427 0.6556
Pedestrian -1 -1 1.5252 1155.6730 778.5697 1200.7096 906.7147 1.7234 0.6185 0.6026 3.0778 3.9420 21.2539 1.6897 0.2658
Pedestrian -1 -1 -1.5872 923.3591 773.6751 986.5224 913.6191 1.6475 0.8231 1.7586 -0.0907 3.7616 20.3666 -1.5802 0.1130
Cyclist -1 -1 -1.5851 923.1070 774.8032 986.3153 915.7228 1.6596 0.8252 1.7875 -0.0922 3.7961 20.4166 -1.5781 0.5390
Car -1 -1 -0.9161 0.0000 688.7918 597.9332 1216.0000 1.5336 1.7497 3.8356 -2.6699 1.8373 5.1540 -1.5249 0.9646
Car -1 -1 -1.4251 761.8733 783.7146 889.2842 894.8900 1.5496 1.8383 4.1107 -2.5458 4.8528 28.9911 -1.5039 0.9427
Car -1 -1 -1.3122 479.0307 761.4865 790.6954 1009.6381 1.5027 1.7654 3.5471 -2.6270 2.8430 12.8623 -1.5254 0.9427
Car -1 -1 -1.4651 828.4548 796.5335 906.2394 871.4251 1.5192 1.6960 3.5646 -2.5008 6.3811 40.5351 -1.5154 0.9006
Car -1 -1 -1.5255 859.3033 794.7547 919.5999 858.0189 1.5764 1.8015 4.2241 -2.3962 7.5846 50.7759 -1.5604 0.5543
