Pedestrian -1 -1 -1.7418 1187.3965 751.5231 1303.0581 1037.0861 1.6660 0.6288 0.6829 1.7710 2.4923 9.4001 -1.5170 0.7900
Pedestrian -1 -1 1.2592 1390.5338 732.6401 1548.3019 1051.8137 1.7197 0.7126 0.7218 2.9378 2.3748 8.7059 1.6473 0.7066
Pedestrian -1 -1 1.3542 1200.2214 771.0816 1266.5775 925.1136 1.6662 0.6331 0.6695 3.1147 3.3764 17.1572 1.5592 0.2873
Cyclist -1 -1 -1.5313 941.5527 768.8523 1011.4195 914.3112 1.7499 0.8767 1.8951 0.2340 3.8545 20.8905 -1.5076 0.5446
Car -1 -1 -1.3911 762.5964 782.8835 910.5055 905.8511 1.5274 1.8333 4.1636 -2.0975 4.5369 26.3183 -1.4620 0.9591
Car -1 -1 -1.2761 367.5493 744.9053 783.8086 1072.6187 1.5141 1.7543 3.5766 -2.3519 2.4682 10.0668 -1.5299 0.9571
Car -1 -1 -0.3333 0.0000 438.0704 427.0051 1216.0000 1.5253 1.8009 4.1859 -2.4727 1.5063 2.2547 -1.5600 0.8736
Car -1 -1 -1.4972 871.7894 793.8709 938.1638 858.1478 1.5202 1.7880 3.8558 -1.7536 7.1317 47.6933 -1.5217 0.6965
Car -1 -1 -1.4550 840.3076 792.7382 925.8043 872.5416 1.5094 1.7216 3.6449 -1.9420 5.9954 38.0872 -1.4946 0.5155
Car -1 -1 1.9466 399.2050 791.0980 514.8695 863.2060 1.5444 1.7671 4.3250 -14.8988 6.7277 44.4288 1.6288 0.3476
