Pedestrian -1 -1 -1.7123 1268.5474 745.4616 1399.0630 1087.7646 1.6928 0.6219 0.7394 1.9996 2.3791 8.0995 -1.4168 0.7774
Pedestrian -1 -1 1.0914 1546.6652 721.8101 1778.4438 1164.8052 1.6939 0.6226 0.8467 2.9447 2.1342 6.3525 1.6308 0.5555
Pedestrian -1 -1 1.4476 1248.3987 771.6834 1314.7274 945.3958 1.6287 0.5938 0.5948 3.1859 3.1246 14.9097 1.6884 0.5118
Cyclist -1 -1 -1.5208 963.4332 769.2003 1036.5743 917.8831 1.7239 0.8684 1.8785 0.5452 3.7676 20.2054 -1.4803 0.5554
Car -1 -1 -1.2175 237.7427 736.2899 775.4926 1142.6244 1.5003 1.7513 3.6438 -2.2391 2.2660 8.4126 -1.5160 0.9662
Car -1 -1 -1.4549 768.5463 780.3101 914.1934 913.3752 1.5415 1.8540 4.2071 -1.8628 4.3088 24.4824 -1.5226 0.9559
Car -1 -1 -1.4316 847.1780 795.0961 940.4117 878.8744 1.4705 1.7025 3.7689 -1.5776 5.8135 36.1955 -1.4637 0.8979
Car -1 -1 -1.4328 818.0486 795.3393 924.7460 891.5549 1.4563 1.6942 3.3286 -1.7773 5.1314 30.5115 -1.4807 0.7636
Car -1 -1 -1.4475 884.0794 795.9542 955.1988 861.4522 1.4998 1.7097 3.5452 -1.2350 6.9494 45.7877 -1.4620 0.6978
Car -1 -1 1.8901 397.8605 783.3386 507.0309 854.4347 1.4533 1.6968 3.8595 -13.9177 6.0137 41.1121 1.5681 0.5602
