Pedestrian -1 -1 1.2301 1467.1182 728.7349 1650.5245 1106.7637 1.7155 0.6692 0.7769 2.9488 2.2620 7.4451 1.6883 0.7667
Pedestrian -1 -1 -1.7372 1227.8480 752.8842 1354.5527 1068.9119 1.6592 0.6272 0.6757 1.8629 2.4192 8.5143 -1.4751 0.5262
Pedestrian -1 -1 1.4760 1225.7732 776.0843 1288.1962 939.3762 1.6435 0.6161 0.6397 3.1699 3.3040 16.0682 1.6983 0.4821
Cyclist -1 -1 -1.5121 954.2140 767.8028 1030.4558 919.4641 1.7729 0.9000 1.9075 0.4457 3.8117 20.3428 -1.4769 0.5369
Car -1 -1 -1.2306 293.1627 736.0458 785.5376 1111.6249 1.5323 1.7668 3.6673 -2.2765 2.3492 9.1040 -1.5071 0.9601
Car -1 -1 -1.4497 768.7383 783.8077 909.4476 911.0544 1.5103 1.8251 4.1664 -1.9625 4.4133 25.1913 -1.5191 0.9544
Car -1 -1 -1.4036 842.1382 796.6267 938.3190 878.8525 1.4816 1.7454 3.6549 -1.6994 5.9426 36.9207 -1.4382 0.8884
Car -1 -1 -1.4693 879.1013 796.0621 949.3557 862.2220 1.5189 1.7585 3.7990 -1.4192 7.0630 46.4722 -1.4874 0.6654
Car -1 -1 -0.0162 0.0000 0.0000 1936.0000 1216.0000 1.4884 1.7363 3.8217 -2.6327 1.4129 1.6238 -1.4891 0.5800
Car -1 -1 1.9620 411.9576 787.9164 524.2247 857.6969 1.4951 1.7158 3.9240 -14.2822 6.4601 43.5227 1.6504 0.4108
