Pedestrian -1 -1 -1.7828 1295.0929 752.2905 1435.2524 1110.7031 1.6477 0.5793 0.7170 2.0180 2.3231 7.5393 -1.4606 0.7879
Pedestrian -1 -1 1.0356 1618.4575 721.9142 1885.9009 1216.0000 1.6888 0.6145 0.8311 2.9616 2.0852 5.6736 1.6433 0.6943
Pedestrian -1 -1 1.3529 1260.7172 773.2208 1339.5715 963.1084 1.6857 0.6125 0.6895 3.2055 3.1282 14.1875 1.6074 0.6514
Cyclist -1 -1 -1.5481 971.3732 773.1571 1039.8169 923.7366 1.7494 0.8570 1.9091 0.6224 3.8579 20.2872 -1.5036 0.5187
Cyclist -1 -1 1.0356 1618.4575 721.9142 1885.9009 1216.0000 1.6888 0.6145 0.8311 2.9616 2.0852 5.6736 1.6433 0.1131
Car -1 -1 -1.1782 162.7731 732.5648 771.0931 1182.6404 1.5128 1.7608 3.6809 -2.2278 2.2133 7.8316 -1.5013 0.9613
Car -1 -1 -1.4575 766.5319 783.4281 915.6708 922.5942 1.5779 1.8687 4.1346 -1.8169 4.3314 23.8661 -1.5253 0.9395
Car -1 -1 -1.4431 849.1785 798.6980 942.7721 885.4641 1.4967 1.7140 3.7679 -1.4983 5.8616 35.5992 -1.4736 0.8970
Car -1 -1 -1.4389 817.7441 796.5106 927.8535 896.0202 1.4699 1.7297 3.3285 -1.7044 5.0878 29.7952 -1.4857 0.8595
Car -1 -1 -1.4590 886.2758 799.3380 958.2521 866.3826 1.5086 1.7433 3.5985 -1.1404 7.0107 45.2925 -1.4716 0.4933
