Pedestrian -1 -1 -1.9424 1363.3754 739.8047 1544.3375 1147.3877 1.6057 0.5645 0.6961 2.1022 2.1285 6.4474 -1.5447 0.7272
Pedestrian -1 -1 1.3375 1320.0940 769.1332 1414.0054 987.6293 1.6698 0.6302 0.6322 3.3030 2.8802 12.2122 1.6419 0.6630
Cyclist -1 -1 -1.5744 989.5672 776.9546 1054.7889 925.8968 1.7245 0.8426 1.9144 0.8368 3.8870 20.2899 -1.5187 0.5215
Car -1 -1 -1.4222 754.3265 786.3163 923.4366 934.7209 1.5513 1.8848 4.0025 -1.7087 4.1715 22.2050 -1.4913 0.9620
Car -1 -1 -1.1106 0.0000 733.4898 735.8937 1216.0000 1.4198 1.7431 3.5766 -2.1694 2.0083 6.2740 -1.5199 0.9492
Car -1 -1 -1.4552 847.5925 800.8976 947.9214 894.4556 1.4874 1.7590 4.1767 -1.3788 5.7481 34.0459 -1.4841 0.9392
Car -1 -1 -1.4784 884.1144 802.9962 959.3052 874.8221 1.5226 1.7940 3.8913 -1.1087 6.9644 43.6834 -1.4913 0.7994
Car -1 -1 1.8132 400.3993 783.8663 501.1666 857.3233 1.4275 1.6268 3.9253 -13.5300 5.8770 39.8355 1.4898 0.6568
Car -1 -1 -1.4226 807.5514 792.9069 929.8652 904.2535 1.5493 1.7614 3.5087 -1.6759 4.9202 28.1717 -1.4720 0.5240
Car -1 -1 -1.5325 905.6034 805.0585 966.0884 868.9393 1.5560 1.8480 4.4352 -0.8291 8.0145 51.3605 -1.5356 0.4252
