Pedestrian -1 -1 -2.1087 1506.5004 653.3616 1821.3435 1216.0000 1.7123 0.6236 0.7879 2.1207 1.8077 4.6050 -1.5239 0.8269
Pedestrian -1 -1 1.3484 1412.0897 712.5248 1547.0325 1016.3315 1.7605 0.6781 0.7943 3.2283 2.3360 9.3733 1.7397 0.7042
Cyclist -1 -1 -1.5180 975.6808 752.7762 1041.8861 904.5062 1.7837 0.7685 1.8827 0.6616 3.5943 20.1987 -1.4715 0.4875
Cyclist -1 -1 -2.1043 1502.0944 649.6187 1823.3269 1216.0000 1.7211 0.6256 0.8360 2.1142 1.8045 4.6065 -1.5211 0.1200
Car -1 -1 -1.3724 705.5480 764.8239 909.6241 928.2680 1.5209 1.8514 4.4203 -1.9273 3.6208 20.1461 -1.4625 0.9569
Car -1 -1 -0.7714 0.0000 664.6126 621.3224 1216.0000 1.4918 1.7483 3.9796 -2.2595 1.6456 3.7651 -1.5270 0.9467
Car -1 -1 -1.4338 820.2045 783.7864 923.6600 874.3336 1.4276 1.6931 3.4152 -1.8309 4.9726 31.5888 -1.4814 0.9239
Car -1 -1 -1.4256 785.6487 776.9503 911.9308 886.4675 1.4193 1.6836 3.2517 -1.8719 4.2101 25.7589 -1.4896 0.8493
Car -1 -1 -1.5048 866.1298 786.9092 938.2855 857.2801 1.4745 1.7231 3.5163 -1.5925 6.1506 41.3719 -1.5314 0.8309
Car -1 -1 -1.5027 889.1336 787.8203 951.1866 847.4337 1.4623 1.7357 3.7222 -1.3095 7.0082 49.0010 -1.5169 0.7815
Car -1 -1 1.8175 386.4771 786.7082 487.8687 857.9326 1.5325 1.8282 4.2656 -15.4796 6.5730 44.3826 1.4873 0.4987
