Pedestrian -1 -1 1.3870 1338.1461 756.1887 1438.7045 989.4412 1.6874 0.6646 0.6555 3.3023 2.7387 11.6050 1.7076 0.7601
Pedestrian -1 -1 -1.8574 1398.6821 717.8256 1583.1537 1172.8740 1.6806 0.5734 0.7487 2.1358 2.0853 6.1022 -1.4286 0.6639
Cyclist -1 -1 -1.5672 987.6842 769.4629 1052.5393 917.7885 1.7460 0.8463 1.9020 0.8231 3.8196 20.4764 -1.5126 0.5393
Car -1 -1 -1.4222 750.7078 779.7418 921.4360 928.7666 1.5296 1.8528 4.0079 -1.7085 3.9929 21.7203 -1.4934 0.9631
Car -1 -1 -1.1030 0.0000 727.6428 712.5888 1216.0000 1.4224 1.7333 3.6616 -2.1912 1.9548 5.8976 -1.5473 0.9552
Car -1 -1 -1.4578 843.7933 796.6622 943.9730 889.0640 1.4627 1.7487 4.0809 -1.4485 5.5639 33.6023 -1.4896 0.9413
Car -1 -1 -1.4169 804.5834 789.1295 927.0751 898.8542 1.5085 1.7235 3.3718 -1.6970 4.7345 27.6092 -1.4686 0.8458
Car -1 -1 -1.4772 880.2742 798.5346 953.7021 868.3743 1.5012 1.7479 3.5656 -1.2362 6.7272 43.1638 -1.4935 0.8287
Car -1 -1 1.8260 378.7973 777.0581 482.8089 851.0179 1.4172 1.5967 3.9635 -13.7942 5.6018 39.0877 1.4900 0.5925
Car -1 -1 -1.5359 907.7319 801.2151 966.6553 861.8146 1.4682 1.8029 4.2696 -0.7794 7.7341 50.9820 -1.5382 0.5263
