Pedestrian -1 -1 -1.9488 1355.0930 744.5162 1526.5983 1143.5977 1.6256 0.5752 0.5575 2.0817 2.1714 6.5419 -1.5610 0.7618
Pedestrian -1 -1 1.3250 1309.5723 771.3531 1400.0400 984.4719 1.6705 0.6110 0.6570 3.2888 2.9319 12.5370 1.6202 0.6650
Cyclist -1 -1 -1.5444 987.1834 775.7826 1056.7107 929.5266 1.7726 0.8590 1.9761 0.8442 3.9200 20.2641 -1.4882 0.4957
Car -1 -1 -1.4302 761.1777 788.6942 924.9528 936.1958 1.5723 1.8753 3.8727 -1.6674 4.2432 22.3845 -1.4966 0.9527
Car -1 -1 -1.1523 0.0000 740.7877 730.9972 1216.0000 1.4279 1.7335 3.5632 -2.1912 2.0749 6.5454 -1.5449 0.9466
Car -1 -1 -1.4530 851.7351 805.1387 949.2800 897.3451 1.4918 1.7309 4.0068 -1.3342 5.8848 34.3753 -1.4802 0.9211
Car -1 -1 -1.4438 817.6536 800.7339 932.1707 907.1631 1.4885 1.7221 3.3237 -1.5763 5.0247 28.3475 -1.4891 0.9041
Car -1 -1 1.8588 399.2757 786.9968 502.8962 858.6519 1.4096 1.5902 3.8474 -13.6450 5.9779 40.1946 1.5357 0.5189
Car -1 -1 -1.4313 885.2251 807.5621 963.2301 877.0889 1.4742 1.7451 3.8078 -1.0490 7.1194 44.2171 -1.4424 0.3134
Car -1 -1 2.0876 285.1596 786.6754 423.1550 862.0930 1.3333 1.4929 3.7007 -14.8064 5.5093 36.6687 1.7055 0.2987
