Pedestrian -1 -1 1.4377 1395.7421 732.5734 1509.0269 1009.1881 1.7080 0.6620 0.7939 3.2855 2.4656 10.0581 1.8073 0.8046
Pedestrian -1 -1 -2.0403 1466.3215 676.0527 1716.5527 1198.9894 1.6220 0.5786 0.7034 2.1086 1.8082 5.0767 -1.5179 0.6506
Pedestrian -1 -1 1.6641 1068.4933 785.6027 1089.1003 841.8184 1.8220 0.6348 0.6419 4.0083 7.3409 50.9826 1.7573 0.3878
Cyclist -1 -1 -1.4977 976.2167 759.2339 1046.8247 908.3422 1.7518 0.7975 1.8428 0.7015 3.6590 20.2680 -1.4492 0.5067
Cyclist -1 -1 1.4261 1396.1670 732.5921 1509.8129 1010.1866 1.7057 0.6506 0.8377 3.2840 2.4636 10.0431 1.7961 0.1179
Car -1 -1 -0.9413 0.0000 692.6152 654.5427 1216.0000 1.4428 1.6993 3.5661 -2.1851 1.7294 4.5240 -1.5446 0.9567
Car -1 -1 -1.4162 724.2673 767.1905 909.0688 924.8038 1.5189 1.8476 4.3578 -1.8705 3.7007 20.6918 -1.5005 0.9521
Car -1 -1 -1.4083 826.2681 787.0275 931.4117 876.5981 1.4212 1.6786 3.4847 -1.7167 5.1087 32.1832 -1.4510 0.9146
Car -1 -1 -1.4292 791.9183 776.6709 918.0469 888.9095 1.4934 1.7259 3.3295 -1.8027 4.3388 26.3063 -1.4888 0.8273
Car -1 -1 -1.5046 894.1494 790.1403 955.7012 850.7964 1.4945 1.7348 3.7865 -1.1614 7.1611 49.3452 -1.5155 0.7703
Car -1 -1 -1.5043 870.1204 791.0160 941.8035 862.1396 1.4894 1.7223 3.6783 -1.5082 6.3569 41.9448 -1.5282 0.7668
Car -1 -1 1.9386 358.8535 766.9208 471.6154 832.8524 1.4780 1.7944 4.0222 -16.1034 5.8790 44.3089 1.5942 0.4431
