Pedestrian -1 -1 -2.1189 1537.4377 652.7191 1861.1310 1216.0000 1.6809 0.6272 0.7232 2.1316 1.7699 4.4033 -1.5016 0.7710
Pedestrian -1 -1 1.4269 1431.5210 714.6698 1557.7861 1023.2399 1.7406 0.6701 0.6352 3.2138 2.3079 9.0573 1.8307 0.6571
Pedestrian -1 -1 1.7034 1062.1056 782.9997 1083.8250 840.3879 1.8241 0.6379 0.6353 3.7368 7.1513 50.0089 1.7927 0.3911
Cyclist -1 -1 -1.5287 975.3586 751.6347 1040.5168 901.7305 1.8040 0.7910 1.8882 0.6624 3.6321 20.5958 -1.4828 0.4976
Car -1 -1 -1.3920 704.3642 766.3838 904.1597 931.9606 1.5216 1.8438 4.3118 -1.9381 3.6033 19.7762 -1.4847 0.9549
Car -1 -1 -0.7230 0.0000 650.8673 599.4776 1216.0000 1.5328 1.7344 4.0161 -2.2425 1.6283 3.4654 -1.5421 0.9337
Car -1 -1 -1.4473 820.6585 784.3151 923.4135 876.8102 1.4384 1.6914 3.6393 -1.8261 5.0083 31.6101 -1.4947 0.8670
Car -1 -1 -1.5003 864.4324 787.8284 936.9255 858.6780 1.4616 1.6941 3.5224 -1.6156 6.1139 40.9056 -1.5280 0.8318
Car -1 -1 -1.5026 890.6552 789.1396 952.4191 848.2452 1.4254 1.7121 3.8034 -1.2590 7.0012 48.8237 -1.5159 0.7912
Car -1 -1 -1.4449 786.5305 778.7253 912.2041 891.6466 1.4344 1.6884 3.3536 -1.8344 4.2272 25.4249 -1.5085 0.7238
Car -1 -1 2.0598 240.7105 768.7525 393.5261 848.8754 1.4827 1.7628 4.1702 -16.0749 5.3026 37.5570 1.6565 0.3413
