Pedestrian -1 -1 -2.2061 1574.1580 647.5645 1936.0000 1216.0000 1.6626 0.6461 0.7601 2.1259 1.7298 4.0448 -1.5296 0.6884
Pedestrian -1 -1 1.2723 1454.2164 717.4523 1610.4806 1047.6139 1.7223 0.6620 0.8057 3.2201 2.2754 8.4930 1.7042 0.6863
Pedestrian -1 -1 1.5307 1063.1241 793.8356 1081.9542 847.3103 1.6943 0.6071 0.5155 3.6719 7.3028 49.3747 1.6196 0.3956
Cyclist -1 -1 -1.4934 971.5870 766.7647 1046.5306 913.6566 1.7436 0.8647 1.8580 0.6803 3.7914 20.6106 -1.4465 0.5410
Car -1 -1 -1.3851 695.1984 775.4218 899.7203 945.0061 1.5077 1.8406 4.1274 -1.9709 3.6579 19.2254 -1.4827 0.9433
Car -1 -1 -0.5993 0.0000 622.4216 610.6559 1216.0000 1.5564 1.7786 4.1308 -2.1703 1.5549 3.0205 -1.5222 0.9200
Car -1 -1 -1.4829 860.8765 792.4976 937.7463 867.4617 1.5350 1.7387 3.6063 -1.6436 6.3100 40.7540 -1.5113 0.9029
Car -1 -1 -1.4917 884.6919 796.4240 949.9202 858.3378 1.4321 1.7361 4.1073 -1.3781 7.2198 48.3557 -1.5076 0.8893
Car -1 -1 -1.4467 814.6577 789.6672 922.4836 889.3635 1.4961 1.7223 3.8916 -1.8585 5.1406 31.0731 -1.4961 0.8386
Car -1 -1 -1.4286 773.4225 790.4843 904.0656 906.5282 1.4224 1.6857 3.3865 -1.9830 4.3922 25.0715 -1.4993 0.4457
