Pedestrian -1 -1 1.2276 1494.4647 732.0021 1671.5182 1087.9325 1.6788 0.6391 0.9120 3.2314 2.2758 7.8429 1.6974 0.6544
Pedestrian -1 -1 -2.1062 1676.2441 666.2118 1936.0000 1216.0000 1.6368 0.5967 0.6790 2.1122 1.7466 3.5752 -1.3382 0.5381
Cyclist -1 -1 -1.5372 972.6047 769.7155 1044.4871 921.7450 1.7872 0.8912 1.9332 0.6698 3.8675 20.4829 -1.4906 0.5424
Cyclist -1 -1 1.2184 1494.3630 732.6128 1673.1968 1087.3474 1.6712 0.6376 0.9253 3.2355 2.2720 7.8442 1.6887 0.1424
Car -1 -1 -1.3809 673.3159 776.6675 893.4829 957.4174 1.5450 1.9165 4.2970 -2.0764 3.6716 18.7333 -1.4874 0.9382
Car -1 -1 -1.4321 806.3611 798.0458 919.4148 899.8167 1.4891 1.7526 3.8497 -1.9470 5.2690 30.6539 -1.4853 0.9125
Car -1 -1 -1.4594 851.6785 798.6434 934.7917 876.0872 1.5293 1.7788 3.7538 -1.7781 6.4234 40.1830 -1.4918 0.8845
Car -1 -1 -0.4018 0.0000 638.3061 519.3260 1216.0000 1.4877 1.7192 4.0001 -2.2790 1.5284 2.4906 -1.5167 0.8836
Car -1 -1 -1.4881 878.1039 802.1389 946.8531 867.0597 1.4719 1.8025 4.2134 -1.5145 7.3998 47.8571 -1.5072 0.8804
Car -1 -1 -1.4502 775.5410 797.2222 905.8085 915.3660 1.4087 1.7082 3.3872 -1.9144 4.4467 24.6288 -1.5195 0.6798
Car -1 -1 2.0777 112.2755 781.9053 291.4494 873.8759 1.4527 1.7035 4.1878 -16.6345 5.1405 33.0006 1.6089 0.5269
