Pedestrian -1 -1 -1.8112 1437.1996 701.0924 1631.6279 1199.0229 1.6787 0.5872 0.6952 2.1088 1.9832 5.5711 -1.3414 0.8136
Pedestrian -1 -1 1.3844 1362.3340 745.7252 1473.0503 996.8510 1.6953 0.6740 0.7706 3.3246 2.6147 10.9456 1.7269 0.7424
Pedestrian -1 -1 1.6402 1067.9454 794.9969 1087.8291 847.9649 1.7399 0.6377 0.5839 4.0288 7.6529 51.6452 1.7328 0.4220
Cyclist -1 -1 -1.5578 985.8303 761.5217 1050.9607 912.0410 1.7987 0.8441 1.9022 0.8078 3.7720 20.6217 -1.5044 0.5142
Car -1 -1 -1.0540 0.0000 708.2579 691.5338 1216.0000 1.4510 1.7463 3.6155 -2.1716 1.8461 5.2687 -1.5573 0.9603
Car -1 -1 -1.4026 737.8421 773.1559 917.9584 924.3598 1.5021 1.8299 4.2603 -1.7846 3.8409 21.3856 -1.4791 0.9591
Car -1 -1 -1.4450 835.2142 789.7166 936.4131 879.2919 1.4162 1.7134 3.8812 -1.6045 5.2794 33.0436 -1.4826 0.9286
Car -1 -1 -1.4811 876.1826 791.0880 949.9149 861.4025 1.5114 1.7465 3.5670 -1.3342 6.4598 42.6870 -1.5002 0.8301
Car -1 -1 -1.5256 899.8329 795.2563 959.5462 854.8258 1.4695 1.7792 3.9065 -1.0225 7.4177 50.2305 -1.5332 0.7597
Car -1 -1 -1.4256 797.4677 777.2929 921.4705 888.0161 1.5215 1.7401 3.3420 -1.7781 4.4593 27.0863 -1.4819 0.7189
