Pedestrian -1 -1 1.5817 1057.5809 783.8437 1079.6433 847.9937 1.8003 0.6316 0.6189 3.1592 6.5115 43.9865 1.6682 0.5365
Pedestrian -1 -1 1.2176 1734.2444 733.3278 1936.0000 1147.8943 1.5844 0.6149 0.6834 3.6925 2.0749 6.3487 1.8624 0.5152
Cyclist -1 -1 -1.5794 979.4831 765.1066 1044.9843 906.5851 1.6821 0.8594 1.8194 0.7047 3.6949 20.5418 -1.5311 0.5671
Car -1 -1 -1.3501 580.4308 751.5115 868.4913 980.7477 1.5646 1.8900 4.3968 -2.1660 3.0235 14.9688 -1.4965 0.9730
Car -1 -1 -1.4328 772.6341 778.3927 900.2723 891.0373 1.4582 1.7192 3.8161 -2.1466 4.3961 26.6626 -1.5047 0.9451
Car -1 -1 -1.3192 703.1668 774.5977 883.8945 913.3340 1.3915 1.6719 3.3213 -2.2164 3.6282 20.5777 -1.4219 0.9384
Car -1 -1 -1.4617 828.2799 784.4932 920.1570 865.1021 1.4375 1.7825 3.8099 -2.0610 5.5288 36.3787 -1.5074 0.9136
Car -1 -1 -1.5498 862.9529 787.2193 927.2964 853.4706 1.4450 1.7578 3.7874 -1.8984 6.4106 43.8444 -1.5813 0.8049
Car -1 -1 2.1690 127.9435 758.5151 328.9994 852.9108 1.4727 1.8038 4.1451 -15.3955 4.4983 31.6824 1.7134 0.4288
Car -1 -1 2.1733 260.1938 793.4254 431.1683 879.1122 1.5098 1.8697 4.2883 -15.3998 6.0141 37.6738 1.7878 0.3895
