Pedestrian -1 -1 1.1353 1698.8163 723.8425 1913.7845 1124.9998 1.6958 0.6651 0.7385 3.8987 2.1839 6.9535 1.7515 0.5671
Pedestrian -1 -1 1.5047 1057.5631 779.4892 1079.0804 843.0995 1.8219 0.6103 0.6077 3.1938 6.4693 44.6477 1.5908 0.3562
Cyclist -1 -1 -1.5598 981.4785 764.2449 1043.3999 906.3834 1.6842 0.8004 1.8105 0.7185 3.6777 20.4665 -1.5108 0.5439
Car -1 -1 -1.3450 595.6303 754.6242 876.1411 973.9319 1.5429 1.8881 4.4974 -2.1475 3.0970 15.5918 -1.4832 0.9664
Car -1 -1 -1.4363 775.1271 776.4220 900.4694 887.4099 1.4645 1.7225 3.8288 -2.1568 4.4059 27.0645 -1.5073 0.9459
Car -1 -1 -1.3391 710.8317 774.5667 883.2858 912.4500 1.4347 1.6780 3.3209 -2.2316 3.7251 21.1292 -1.4392 0.9268
Car -1 -1 -1.4975 859.9730 786.2470 929.7859 851.5276 1.4528 1.7612 3.6653 -1.9285 6.4427 44.3814 -1.5291 0.9135
Car -1 -1 -1.4593 832.4866 784.4896 923.5978 863.9647 1.4231 1.7735 3.9518 -1.9994 5.5853 36.9702 -1.5023 0.8691
Car -1 -1 2.1048 172.0248 759.8088 350.2678 846.8046 1.3681 1.6863 3.8908 -14.7730 4.4181 31.7913 1.6669 0.5335
Car -1 -1 1.9905 281.6296 774.8172 425.8177 854.4030 1.4832 1.8171 4.2705 -15.4213 5.5310 38.2084 1.6089 0.3188
