Pedestrian -1 -1 1.2425 1629.0172 714.3498 1799.9645 1067.2061 1.7115 0.6624 0.6606 3.9311 2.2047 7.8499 1.7953 0.7064
Pedestrian -1 -1 0.9809 1829.9042 625.0957 1936.0000 1216.0000 1.7804 0.7090 0.6911 3.0656 1.7811 4.3930 1.7805 0.5270
Pedestrian -1 -1 1.5259 1061.0682 777.6770 1082.6566 837.4468 1.7878 0.6550 0.6895 3.4675 6.6184 46.9243 1.6144 0.3797
Pedestrian -1 -1 1.6125 1054.5334 775.3237 1076.4598 837.8795 1.8183 0.6309 0.6526 3.1786 6.4396 45.5790 1.6967 0.3737
Cyclist -1 -1 -1.5391 978.1256 749.4423 1045.7906 897.6801 1.7473 0.8280 1.8693 0.7054 3.5110 20.2133 -1.4904 0.5588
Car -1 -1 -1.3302 614.8789 749.1716 879.6331 955.1874 1.5648 1.8530 4.1864 -2.1391 3.0900 16.1721 -1.4621 0.9723
Car -1 -1 -1.4520 786.1648 771.8229 906.2181 879.4888 1.4600 1.7289 4.0905 -2.0798 4.4229 28.0685 -1.5170 0.9399
Car -1 -1 -1.3481 724.1282 770.9038 887.9569 900.1810 1.3990 1.6668 3.3228 -2.1891 3.7087 21.9021 -1.4421 0.9366
Car -1 -1 -1.4898 864.2875 777.8735 934.0254 841.6085 1.4342 1.7489 3.9015 -1.8337 6.2634 45.2157 -1.5185 0.9223
Car -1 -1 -1.4553 839.5403 775.0539 926.9572 853.3242 1.4682 1.7211 3.8995 -1.9158 5.4626 37.7717 -1.4949 0.8671
Car -1 -1 2.1368 64.8007 765.1776 253.5031 854.0190 1.4076 1.6814 4.0731 -17.2514 4.6427 32.3951 1.6440 0.5844
