Pedestrian -1 -1 1.3453 1650.3802 717.8760 1816.1438 1087.7094 1.6954 0.6536 0.6819 3.8494 2.1887 7.5031 1.9130 0.6361
Pedestrian -1 -1 1.5389 1056.1715 775.6059 1078.0297 837.4589 1.7881 0.6483 0.6425 3.1974 6.3791 45.2179 1.6242 0.4517
Pedestrian -1 -1 1.4869 1060.8782 777.8909 1083.0739 836.8776 1.7712 0.6520 0.6127 3.4628 6.5914 46.8086 1.5755 0.4227
Cyclist -1 -1 -1.5198 978.9703 754.0372 1045.1304 897.5463 1.7093 0.7865 1.8396 0.7149 3.5607 20.4847 -1.4711 0.5174
Car -1 -1 -1.3268 600.6755 749.7512 879.9429 963.5997 1.5625 1.8847 4.4206 -2.1553 3.0829 15.9113 -1.4624 0.9681
Car -1 -1 -1.4507 782.3168 769.1342 904.0837 879.2266 1.4927 1.7367 4.0233 -2.1083 4.3641 27.7157 -1.5180 0.9447
Car -1 -1 -1.4082 733.1631 768.7554 887.7418 898.8008 1.3946 1.6722 3.3341 -2.0926 3.6353 21.5707 -1.4992 0.9338
Car -1 -1 -1.4890 862.7643 779.7498 931.5790 844.0804 1.4407 1.7100 3.8622 -1.8838 6.3005 44.9605 -1.5191 0.9228
Car -1 -1 -1.4298 834.5995 774.9536 928.7946 854.6127 1.4650 1.7621 3.9880 -1.9295 5.4239 37.3824 -1.4704 0.8961
Car -1 -1 2.1708 176.1779 758.8526 359.6604 846.4238 1.3830 1.6872 3.8016 -14.6337 4.4112 31.7926 1.7366 0.5503
