Pedestrian -1 -1 1.0294 1693.8214 700.8626 1936.0000 1170.4167 1.6502 0.6553 0.7753 3.3372 1.9669 5.8131 1.6802 0.6596
Pedestrian -1 -1 1.3871 1582.0304 748.7039 1710.8766 1050.6986 1.6306 0.6204 0.6910 4.0360 2.3984 8.8488 1.8894 0.6188
Cyclist -1 -1 -1.5129 973.4561 764.1058 1047.6510 911.5043 1.7485 0.8856 1.8729 0.6997 3.7540 20.5657 -1.4649 0.5838
Car -1 -1 -1.3530 637.4766 762.4680 887.1437 962.3947 1.5726 1.8962 4.3261 -2.1026 3.3519 17.0970 -1.4739 0.9612
Car -1 -1 -1.4764 868.5703 793.7673 937.0541 855.1655 1.3739 1.7129 3.7488 -1.7568 6.7863 46.0019 -1.5024 0.9172
Car -1 -1 -1.4628 842.7892 788.6016 928.4559 868.1014 1.5174 1.7619 3.8355 -1.9022 5.9646 38.6514 -1.5005 0.8639
Car -1 -1 -1.4486 795.6452 785.4014 911.0414 890.2324 1.4456 1.7084 4.0279 -2.0177 4.7799 29.0033 -1.5086 0.8370
Car -1 -1 -1.3846 741.6275 781.1275 894.1859 909.9066 1.4618 1.7135 3.3164 -2.1178 4.0380 22.9234 -1.4699 0.8215
Car -1 -1 2.0074 243.2728 783.6608 388.6846 865.4594 1.3693 1.6122 3.7977 -14.7629 5.2281 34.4240 1.6024 0.3671
Car -1 -1 -0.0643 0.0000 0.0000 1936.0000 1216.0000 1.5223 1.7874 4.0290 -2.9506 1.5558 2.0185 -1.4127 0.3364
