Pedestrian -1 -1 1.1454 1515.6450 727.8422 1715.2333 1104.1790 1.7047 0.6645 0.8542 3.2370 2.2497 7.4686 1.6398 0.6590
Pedestrian -1 -1 -2.3141 1675.3390 578.9446 1936.0000 1216.0000 1.7025 0.6419 0.6840 2.0868 1.6096 3.3849 -1.5041 0.3738
Cyclist -1 -1 -1.6228 974.1642 772.2803 1046.1440 921.1544 1.7702 0.9209 1.9867 0.6544 3.9134 20.7508 -1.5774 0.5349
Cyclist -1 -1 1.1365 1519.1088 728.5988 1720.7440 1104.3661 1.6923 0.6575 0.8749 3.2480 2.2402 7.4446 1.6340 0.1001
Car -1 -1 -1.4090 672.5172 776.1820 890.2493 959.6982 1.5381 1.9410 4.3474 -2.0618 3.6266 18.4221 -1.5169 0.9227
Car -1 -1 -1.4209 801.1219 796.0806 921.0393 902.3906 1.5170 1.7850 4.0984 -1.9522 5.2296 30.3086 -1.4751 0.8850
Car -1 -1 -0.3628 0.0000 611.0605 503.5511 1216.0000 1.5012 1.7299 3.9193 -2.1769 1.4987 2.2405 -1.5551 0.8742
Car -1 -1 -1.5110 875.0596 801.6234 941.1994 867.4012 1.4888 1.7954 4.2152 -1.6417 7.3534 47.4865 -1.5331 0.8688
Car -1 -1 -1.4994 851.5646 798.9150 929.7319 878.0502 1.5576 1.7671 3.8000 -1.8337 6.4207 39.8605 -1.5336 0.8289
Car -1 -1 1.9474 275.7876 804.1898 415.1725 889.5469 1.4702 1.7763 3.8925 -14.7016 6.0116 35.9245 1.5611 0.4273
