Cyclist -1 -1 -1.5260 970.3993 763.4664 1035.9482 908.7253 1.6965 0.7787 1.8342 0.5859 3.6581 20.2215 -1.4835 0.5584
Car -1 -1 -1.3162 504.3482 745.7651 847.1397 1010.3228 1.5851 1.8986 4.5696 -2.3170 2.8629 13.4590 -1.4942 0.9697
Car -1 -1 -1.4281 742.4863 775.3483 878.0098 896.3679 1.4893 1.7103 3.7439 -2.4499 4.2049 25.0777 -1.5184 0.9493
Car -1 -1 -1.3948 674.1209 773.8737 858.1674 924.9491 1.3595 1.6800 3.5977 -2.3625 3.4290 18.9319 -1.5164 0.9317
Car -1 -1 -1.4483 807.2947 783.1014 902.6318 868.4769 1.4821 1.7403 3.7470 -2.4317 5.3906 35.0207 -1.5073 0.9284
Car -1 -1 -1.5525 845.4659 787.4566 910.4557 855.3535 1.4724 1.7367 3.4051 -2.3251 6.2696 42.4079 -1.5958 0.8622
Car -1 -1 2.0316 385.4012 776.0474 511.7043 847.9709 1.5735 1.7561 4.4738 -15.2961 6.3451 44.8728 1.7084 0.8489
Car -1 -1 2.0937 266.3678 774.9968 416.1319 853.1827 1.4218 1.6525 4.0478 -15.4253 5.3914 37.4341 1.7044 0.6874
Car -1 -1 -1.5225 865.3411 789.7534 925.1150 849.0959 1.4224 1.7168 3.9922 -2.1256 7.0486 49.0262 -1.5538 0.5954
Car -1 -1 2.0805 0.0000 731.0217 132.4202 869.7452 1.5202 1.8491 4.3634 -14.2304 3.2463 22.0756 1.4917 0.5109
