Cyclist -1 -1 -1.5139 963.8416 761.4866 1030.4023 907.8140 1.7061 0.7686 1.8282 0.5025 3.6330 20.1498 -1.4757 0.5439
Car -1 -1 -1.3160 465.6663 739.8917 828.7836 1021.8174 1.5631 1.8570 4.4352 -2.3430 2.6914 12.4070 -1.5143 0.9652
Car -1 -1 -1.4041 721.1592 770.9384 866.9643 896.4440 1.4815 1.7000 3.7266 -2.5981 4.0144 24.0229 -1.5057 0.9474
Car -1 -1 -1.4897 798.0681 779.3262 889.2542 866.4779 1.4896 1.7289 3.5975 -2.6029 5.1658 33.7888 -1.5567 0.9443
Car -1 -1 -1.3512 626.2654 762.6418 844.2407 931.2402 1.4030 1.7203 3.9412 -2.5511 3.2292 17.7949 -1.4934 0.9182
Car -1 -1 2.0169 252.6767 766.0137 398.9333 845.6893 1.4199 1.5865 4.2833 -15.4231 5.0731 36.5375 1.6181 0.8756
Car -1 -1 -1.5285 833.2042 781.0763 901.5533 851.9563 1.5152 1.7024 3.4756 -2.5597 6.0214 41.4034 -1.5792 0.8445
Car -1 -1 -1.5004 854.2538 782.4371 917.8737 843.6712 1.4614 1.7156 3.9099 -2.3665 6.7132 47.8713 -1.5380 0.7946
Car -1 -1 1.9461 373.3430 768.3511 488.7443 836.5325 1.4836 1.7334 4.2163 -15.4125 5.8806 43.6951 1.6114 0.6949
Car -1 -1 2.1999 72.0216 757.3099 288.4058 856.9161 1.4475 1.6660 4.2122 -15.4225 4.2815 29.8008 1.7171 0.4671
