Pedestrian -1 -1 -3.7250 1855.1727 728.5656 1936.0000 1061.5823 1.6064 0.7358 0.6396 5.2175 2.1790 7.8607 -3.0396 0.4568
Cyclist -1 -1 -1.5138 972.2849 762.3552 1039.8879 909.3596 1.7133 0.7815 1.8532 0.6249 3.6573 20.1883 -1.4692 0.5568
Car -1 -1 -1.3151 516.6415 748.8083 853.7132 1004.9285 1.5636 1.9115 4.6202 -2.3006 2.9059 13.8173 -1.4864 0.9697
Car -1 -1 -1.4429 746.0479 777.1259 876.3058 894.6815 1.4531 1.6936 3.6940 -2.4530 4.2123 25.2276 -1.5326 0.9491
Car -1 -1 -1.3821 681.3505 775.6539 863.2576 922.8171 1.3517 1.6696 3.4844 -2.3260 3.4701 19.2158 -1.4996 0.9224
Car -1 -1 -1.4436 810.0330 783.3282 905.0554 867.2321 1.4648 1.7350 3.6513 -2.3784 5.3823 35.0961 -1.5009 0.9178
Car -1 -1 -1.5288 847.5037 785.3866 914.7851 853.4352 1.4813 1.7229 3.4810 -2.2385 6.2300 42.5079 -1.5699 0.9162
Car -1 -1 2.0172 395.0589 776.1224 521.0028 849.8222 1.6275 1.7701 4.6181 -15.1503 6.4509 45.2940 1.6999 0.8840
Car -1 -1 -1.5145 866.6525 786.2951 928.0728 846.2168 1.4619 1.7488 3.9027 -2.0584 6.9733 49.0926 -1.5443 0.6028
Car -1 -1 2.0729 269.6440 775.4120 421.0834 856.0126 1.4696 1.6973 4.2031 -15.3909 5.4754 37.6149 1.6862 0.5572
