Pedestrian -1 -1 1.6249 1032.6560 781.0524 1057.3107 848.9792 1.7366 0.6198 0.6361 2.2534 5.9728 40.2148 1.6953 0.5124
Cyclist -1 -1 -1.5353 962.7715 763.4340 1028.0063 907.1281 1.6796 0.7926 1.8248 0.4807 3.6406 20.2293 -1.4983 0.5465
Car -1 -1 -1.3066 451.7408 737.8262 824.7762 1026.3898 1.5685 1.8487 4.3398 -2.3477 2.6491 12.0881 -1.5113 0.9657
Car -1 -1 -1.4746 793.2643 781.1802 886.5873 867.8295 1.4590 1.7095 3.5325 -2.6574 5.1384 33.4197 -1.5442 0.9500
Car -1 -1 -1.4065 712.2269 768.7850 863.9683 900.2789 1.5209 1.7345 3.9846 -2.6579 4.0073 23.8017 -1.5118 0.9445
Car -1 -1 -1.3459 614.6828 762.8429 837.6937 936.5343 1.4270 1.7285 3.8301 -2.5977 3.2142 17.3996 -1.4946 0.9152
Car -1 -1 -1.5179 831.3024 782.2170 901.5426 853.0822 1.5052 1.7071 3.4203 -2.5651 6.0064 41.0757 -1.5692 0.8327
Car -1 -1 2.0318 239.7794 766.5707 386.5417 846.0442 1.4013 1.5541 4.1420 -15.5040 5.0121 36.0036 1.6253 0.7716
Car -1 -1 2.0352 0.0000 735.5031 104.5865 870.1973 1.5174 1.7707 4.3615 -14.9961 3.3770 22.8657 1.4396 0.7478
Car -1 -1 -1.5060 852.1812 782.0496 915.8091 843.4002 1.4626 1.7284 3.8447 -2.4169 6.6642 47.5545 -1.5450 0.5447
Car -1 -1 1.9160 367.1176 767.7544 479.3517 835.6285 1.4808 1.7609 4.0820 -15.4966 5.8112 43.2849 1.5763 0.5390
