Pedestrian -1 -1 1.4790 1023.3317 783.8492 1050.9530 855.3560 1.7582 0.6637 0.6414 1.9536 5.8922 38.5641 1.5440 0.6122
Cyclist -1 -1 -1.5720 950.4067 768.1152 1014.9850 911.3757 1.6781 0.8372 1.8397 0.3017 3.7121 20.3084 -1.5445 0.5222
Car -1 -1 -1.2915 358.2089 734.1739 802.2180 1066.2081 1.5552 1.8972 4.6271 -2.4397 2.5233 10.8998 -1.5316 0.9659
Car -1 -1 -1.4260 694.1296 775.7355 846.9907 910.4122 1.4833 1.7394 3.7370 -2.7877 3.9535 22.5990 -1.5438 0.9572
Car -1 -1 -1.4839 771.3734 787.1138 866.8529 877.6564 1.4497 1.7016 3.5528 -2.9945 5.1243 32.0971 -1.5679 0.9422
Car -1 -1 -1.5189 812.8770 791.7155 886.1130 863.0657 1.4106 1.7158 3.5525 -2.9236 6.0383 39.6996 -1.5816 0.9215
Car -1 -1 -1.3092 569.5200 770.3627 822.6478 962.6479 1.4396 1.7498 3.7849 -2.7084 3.2002 16.1344 -1.4785 0.9134
Car -1 -1 2.0210 193.2127 765.9988 346.4550 846.4222 1.3710 1.6159 4.0729 -15.9600 4.8427 34.7428 1.5894 0.9035
Car -1 -1 2.0742 0.0000 754.2029 201.8924 854.6786 1.3747 1.5997 4.0548 -15.8924 3.9531 27.7736 1.5464 0.8066
Car -1 -1 -1.5004 830.0781 789.3000 895.5380 851.5974 1.4614 1.7347 3.5314 -3.0073 6.7422 46.2561 -1.5539 0.6510
