Pedestrian -1 -1 1.5630 1023.8879 780.2177 1049.8138 854.4582 1.8372 0.6674 0.6887 1.9675 5.9139 38.8884 1.6279 0.5504
Cyclist -1 -1 -1.5251 949.8699 763.4269 1020.5026 910.4390 1.6917 0.8340 1.8563 0.3404 3.6301 19.9688 -1.4953 0.5220
Car -1 -1 -1.2954 381.7898 736.0254 806.7500 1053.0891 1.5247 1.8705 4.5481 -2.4131 2.5232 11.1249 -1.5274 0.9657
Car -1 -1 -1.4096 691.4091 773.3863 850.9706 909.5765 1.5001 1.7762 3.9299 -2.8005 3.9668 22.8402 -1.5266 0.9527
Car -1 -1 -1.4706 776.1899 786.1394 872.5269 875.0422 1.4385 1.6996 3.5192 -2.9116 5.1250 32.4156 -1.5509 0.9387
Car -1 -1 -1.5167 816.1121 790.3662 888.8028 861.9195 1.4359 1.7070 3.5045 -2.8604 6.0450 39.8982 -1.5775 0.9282
Car -1 -1 -1.3379 574.7803 769.0543 820.9352 958.4801 1.4186 1.7599 3.9055 -2.7081 3.1792 16.2581 -1.5058 0.8749
Car -1 -1 2.0598 191.6653 767.0554 352.6204 851.7257 1.4457 1.6269 4.1804 -15.9431 4.9601 34.8360 1.6298 0.8671
Car -1 -1 1.9001 340.0740 773.3612 453.9527 843.7246 1.4698 1.7395 4.1460 -15.8335 5.8649 42.1753 1.5447 0.7521
Car -1 -1 2.1651 0.0000 732.2171 39.8472 861.8334 1.4029 1.6981 4.1845 -15.5226 3.1221 21.8317 1.5292 0.6894
Car -1 -1 -1.4843 833.3310 788.3105 899.4908 850.5953 1.4672 1.7118 3.5667 -2.9142 6.7522 46.5520 -1.5353 0.6327
Car -1 -1 2.0814 2.4479 755.1722 214.5219 857.6562 1.4188 1.6592 4.1281 -15.8470 4.0427 28.0475 1.5596 0.6024
