Cyclist -1 -1 -1.5379 955.5511 762.5054 1021.0542 908.8893 1.7074 0.7977 1.8282 0.3835 3.6473 20.1445 -1.5060 0.5364
Car -1 -1 -1.3053 419.4784 739.0361 818.1983 1040.9457 1.5510 1.8896 4.5800 -2.3992 2.6284 11.7819 -1.5210 0.9641
Car -1 -1 -1.4168 705.0756 770.1599 856.6163 903.3365 1.5349 1.7583 3.8422 -2.7356 4.0043 23.4639 -1.5273 0.9545
Car -1 -1 -1.4815 785.3046 783.8163 878.2727 870.7656 1.4470 1.7055 3.4577 -2.8031 5.1379 32.9911 -1.5568 0.9522
Car -1 -1 -1.4967 824.3139 785.7069 899.2017 858.3712 1.5064 1.7290 3.4081 -2.6422 6.0293 40.3401 -1.5511 0.9120
Car -1 -1 2.0371 213.3121 767.0496 368.0165 849.9687 1.4400 1.6285 4.1786 -15.7609 5.0055 35.3835 1.6178 0.8995
Car -1 -1 1.9382 358.7136 767.1297 477.9871 836.6826 1.4857 1.7860 4.2602 -15.4895 5.7703 42.8970 1.5956 0.8723
Car -1 -1 -1.3176 591.6808 763.7404 833.9487 947.1326 1.4447 1.7434 4.0128 -2.6714 3.2174 17.0123 -1.4748 0.8556
Car -1 -1 -1.4645 840.1945 785.6607 911.5297 849.1893 1.4627 1.7710 4.0544 -2.6389 6.7415 47.0266 -1.5089 0.8024
Car -1 -1 2.0875 42.6165 760.7145 244.2606 861.0585 1.4346 1.6601 3.9961 -15.6319 4.2353 28.8289 1.5844 0.5455
