Pedestrian -1 -1 1.6484 1011.5468 783.5867 1040.8356 862.4031 1.8447 0.6633 0.6677 1.6042 5.7991 36.8894 1.7061 0.5756
Cyclist -1 -1 -1.5971 943.0839 772.4742 1004.7261 915.7516 1.6876 0.8055 1.8630 0.1593 3.8001 20.4726 -1.5771 0.5415
Car -1 -1 -1.2294 218.7612 737.0558 766.6944 1123.0905 1.4880 1.8455 4.5941 -2.5512 2.3728 9.4596 -1.5248 0.9613
Car -1 -1 -1.4351 662.3796 781.3156 823.7448 924.1203 1.4444 1.7376 3.8637 -3.0026 3.8736 21.2924 -1.5719 0.9564
Car -1 -1 -1.3367 534.9541 773.1854 793.4108 975.9217 1.4164 1.7387 3.5931 -2.8196 3.0812 14.9580 -1.5293 0.9392
Car -1 -1 -1.4463 745.7449 790.0317 853.5400 887.3039 1.4803 1.7360 3.5874 -3.2589 5.0757 30.7431 -1.5434 0.9386
Car -1 -1 2.2004 0.0000 762.3009 163.6773 873.5647 1.4306 1.6516 4.1590 -16.2531 4.0738 26.6331 1.6434 0.9331
Car -1 -1 -1.5275 788.4340 793.4317 863.3134 871.3058 1.4674 1.7148 3.8332 -3.4414 6.0310 38.5480 -1.6063 0.9326
Car -1 -1 1.9677 149.8865 769.9146 306.4935 858.5308 1.4427 1.6615 4.1607 -16.2748 4.8903 33.4272 1.5127 0.9011
Car -1 -1 -1.4783 806.5555 795.9850 877.5732 861.7405 1.4304 1.7214 3.9159 -3.5259 6.7833 44.8095 -1.5457 0.8906
