Pedestrian -1 -1 1.6235 988.7816 776.2369 1018.9055 859.0320 1.7517 0.6298 0.5800 0.9455 5.1359 33.1221 1.6656 0.5027
Pedestrian -1 -1 1.5360 949.0887 787.5447 970.2605 845.5145 1.6302 0.6098 0.5497 -0.0488 6.4374 43.9176 1.5478 0.4041
Pedestrian -1 -1 1.4906 979.2284 787.4975 1000.3518 844.5771 1.5986 0.5841 0.5121 0.8314 6.3783 43.6899 1.5231 0.3731
Cyclist -1 -1 -1.5659 902.2136 763.2656 964.2786 908.9818 1.7095 0.8011 1.8485 -0.3642 3.6667 20.2275 -1.5735 0.5663
Car -1 -1 -1.0858 0.0000 700.7820 680.4537 1216.0000 1.5113 1.8848 4.7601 -2.7187 1.9770 6.7737 -1.5445 0.9533
Car -1 -1 -1.3350 370.5329 753.2311 710.6310 1024.8606 1.4559 1.7382 4.0770 -3.1527 2.6673 12.0447 -1.6108 0.9527
Car -1 -1 -1.3944 561.7916 769.6402 769.8130 940.7725 1.4460 1.7691 4.2124 -3.4755 3.4257 18.3359 -1.5839 0.9511
Car -1 -1 -1.4503 691.2225 780.5388 811.6215 887.0482 1.4617 1.7552 3.7146 -3.8320 4.5538 27.8435 -1.5808 0.9388
Car -1 -1 -1.4781 769.2238 783.0971 845.9226 855.9390 1.5515 1.7575 3.7771 -4.2632 6.1893 41.9515 -1.5692 0.8997
Car -1 -1 -1.4806 736.9597 785.9221 827.5306 870.0270 1.4929 1.7735 3.6475 -4.1858 5.5061 35.4309 -1.5894 0.8252
Car -1 -1 2.1436 0.0000 752.5691 38.6848 856.2333 1.3839 1.7219 4.0683 -18.7867 3.8768 27.1305 1.5278 0.3947
