Pedestrian -1 -1 1.5682 991.1258 777.6766 1018.9200 856.6725 1.7069 0.6198 0.5373 0.9877 5.1766 33.6813 1.6112 0.5115
Pedestrian -1 -1 1.5427 992.1192 775.2539 1019.7744 857.0969 1.8633 0.6487 0.6559 1.0605 5.4763 35.6026 1.5862 0.4146
Pedestrian -1 -1 1.5073 958.3879 786.9390 979.1625 844.3876 1.6298 0.5890 0.5357 0.2205 6.4597 44.2929 1.5254 0.3433
Pedestrian -1 -1 1.5019 982.1311 787.8219 1002.4307 844.2043 1.6014 0.5735 0.5011 0.9157 6.4497 44.2410 1.5360 0.3194
Cyclist -1 -1 -1.5121 901.2804 762.7855 974.9353 911.1312 1.7239 0.8610 1.8711 -0.2892 3.6671 20.1168 -1.5158 0.5769
Car -1 -1 -1.3394 399.7565 756.0236 725.3464 1012.9893 1.4265 1.7375 4.0527 -3.0952 2.6977 12.4467 -1.6006 0.9567
Car -1 -1 -1.1242 0.0000 702.1422 694.1083 1216.0000 1.5264 1.8961 4.7961 -2.7040 2.0225 7.1898 -1.5514 0.9538
Car -1 -1 -1.3783 569.5067 768.3683 781.7206 937.5466 1.4643 1.8010 4.3002 -3.4326 3.4718 18.7655 -1.5605 0.9460
Car -1 -1 -1.4958 745.4648 783.8616 830.9945 867.1255 1.5114 1.7392 3.5654 -4.0974 5.5151 35.8570 -1.6005 0.9442
Car -1 -1 -1.4465 695.9136 777.8517 815.5400 884.9305 1.5143 1.7655 3.6643 -3.8061 4.5889 28.2258 -1.5741 0.9397
Car -1 -1 -1.4969 773.9174 784.0552 846.6921 854.9200 1.5055 1.7313 3.8337 -4.2302 6.2201 42.3690 -1.5862 0.8469
