Pedestrian -1 -1 1.6553 991.5729 788.9852 1021.2976 868.9451 1.7878 0.6406 0.6462 1.0683 5.6989 35.2826 1.6994 0.5571
Pedestrian -1 -1 1.5236 968.9988 796.0730 989.3678 853.2773 1.6907 0.6104 0.5400 0.5507 7.0028 46.1316 1.5489 0.4178
Pedestrian -1 -1 1.5674 989.7050 798.5818 1009.7285 854.2593 1.6411 0.6115 0.5358 1.1868 7.0273 46.0973 1.6068 0.2933
Cyclist -1 -1 -1.5523 920.3846 775.3689 991.4044 920.9957 1.6889 0.9045 1.8930 -0.0508 3.8262 20.2830 -1.5431 0.5734
Car -1 -1 -1.1886 81.3565 725.1326 733.6612 1167.4916 1.4961 1.8453 4.5947 -2.6321 2.2179 8.4412 -1.5357 0.9571
Car -1 -1 -1.4256 617.2632 774.9210 800.1287 934.6104 1.5002 1.8086 4.1227 -3.2547 3.7168 20.0214 -1.5856 0.9508
Car -1 -1 -1.4251 712.6607 789.7614 834.0881 896.0010 1.5323 1.8069 3.8137 -3.6308 4.9981 29.5044 -1.5399 0.9336
Car -1 -1 -1.5103 767.5520 793.8251 850.2802 877.1452 1.5298 1.7794 3.8055 -3.7372 5.9505 37.2062 -1.6006 0.9207
Car -1 -1 -1.4779 787.9725 796.3558 862.4415 864.7452 1.4321 1.7468 4.0645 -3.9178 6.6668 43.6122 -1.5566 0.9145
Car -1 -1 -1.3047 460.5111 763.9533 768.7747 1002.0529 1.4928 1.7778 3.8577 -2.9650 2.9430 13.6329 -1.5300 0.8662
Car -1 -1 2.1203 0.0000 755.7683 76.9234 872.9185 1.3844 1.6634 4.1956 -16.5253 3.7240 24.5942 1.5161 0.3054
