Pedestrian -1 -1 1.5665 993.5424 785.5066 1020.6852 865.8932 1.7925 0.6276 0.6016 1.0728 5.5755 34.9110 1.6110 0.5105
Pedestrian -1 -1 1.4276 967.1738 792.8461 988.2875 848.5925 1.6224 0.5816 0.5120 0.4997 6.7703 45.5497 1.4519 0.3231
Pedestrian -1 -1 1.5415 989.7471 793.7549 1008.9705 849.6340 1.6340 0.5773 0.5073 1.1581 6.8048 45.5377 1.5806 0.3126
Cyclist -1 -1 -1.5249 916.7778 772.4622 989.6784 918.2286 1.6945 0.8809 1.8718 -0.0869 3.7904 20.2824 -1.5178 0.5874
Car -1 -1 -1.4358 705.9108 784.8726 827.3513 891.9082 1.5313 1.8089 3.8433 -3.7121 4.8530 29.1160 -1.5554 0.9479
Car -1 -1 -1.1838 0.0000 713.0516 715.3201 1200.0870 1.5187 1.8819 4.7781 -2.6610 2.1276 7.9302 -1.5605 0.9433
Car -1 -1 -1.4996 759.2726 790.7031 844.3831 872.6023 1.4848 1.7764 3.7857 -3.8664 5.7744 36.7751 -1.5948 0.9393
Car -1 -1 -1.4271 604.2466 773.8219 790.7506 938.8892 1.5210 1.8113 4.0989 -3.3257 3.6778 19.5870 -1.5948 0.9385
Car -1 -1 -1.3057 432.5159 761.8879 754.3900 1005.8594 1.4574 1.7740 3.9636 -3.0328 2.8490 13.1875 -1.5452 0.9331
Car -1 -1 -1.5264 786.1357 792.9605 854.6004 861.7344 1.4510 1.7516 3.8682 -4.0183 6.5184 43.1253 -1.6087 0.8351
