Pedestrian -1 -1 1.5833 972.1002 787.5338 991.7348 845.8676 1.6105 0.5518 0.4989 0.5951 6.3149 42.9974 1.6104 0.4822
Pedestrian -1 -1 1.6163 981.8893 775.9716 1012.2672 860.1552 1.7528 0.6282 0.6066 0.7844 5.0837 32.6438 1.6537 0.4515
Cyclist -1 -1 -1.5722 897.5756 763.6119 960.0132 907.4359 1.6873 0.8062 1.8191 -0.4307 3.6480 20.2234 -1.5833 0.5622
Car -1 -1 -1.3690 532.8235 765.6924 760.5331 944.6659 1.4560 1.7905 4.3580 -3.5731 3.3346 17.7740 -1.5710 0.9602
Car -1 -1 -1.4616 681.3361 776.5449 800.1694 885.8853 1.4984 1.7427 3.6169 -3.9692 4.4639 27.4110 -1.5996 0.9529
Car -1 -1 -1.3167 329.0978 745.9864 696.9185 1037.7249 1.4926 1.7393 4.0515 -3.1699 2.5841 11.4200 -1.6112 0.9513
Car -1 -1 -1.0639 0.0000 689.2029 652.4232 1216.0000 1.5409 1.8964 4.7605 -2.7195 1.9097 6.1943 -1.5706 0.9509
Car -1 -1 -1.4924 733.3508 784.8547 820.0720 865.5766 1.4183 1.7138 3.4233 -4.2581 5.3386 34.9114 -1.6052 0.9222
Car -1 -1 -1.4771 762.2821 780.0443 840.2772 853.2516 1.5261 1.7487 3.9104 -4.3809 6.0268 41.4252 -1.5726 0.9191
Car -1 -1 -1.4970 791.3333 785.1951 854.0929 843.3283 1.4922 1.8047 3.8065 -4.6690 7.1447 50.8247 -1.5775 0.5803
