Pedestrian -1 -1 1.7199 998.9160 788.7913 1030.5087 868.0091 1.7815 0.6530 0.6649 1.2762 5.7298 35.6361 1.7697 0.5215
Cyclist -1 -1 -1.5672 925.1467 776.3122 992.4124 921.7207 1.6868 0.8685 1.8621 -0.0189 3.8307 20.2373 -1.5563 0.5837
Car -1 -1 -1.1910 95.0223 727.4508 737.2728 1157.2462 1.4830 1.8636 4.6767 -2.6647 2.2399 8.6652 -1.5318 0.9534
Car -1 -1 -1.4311 624.7850 777.6319 802.6466 935.6681 1.5074 1.8033 4.1536 -3.2524 3.8044 20.3988 -1.5875 0.9448
Car -1 -1 -1.4310 721.7701 792.0458 839.3120 895.6897 1.5053 1.7812 3.7831 -3.5307 5.0527 29.8212 -1.5409 0.9442
Car -1 -1 2.1618 0.0000 755.0923 118.6369 865.4619 1.3954 1.6681 4.0270 -16.4652 3.8089 25.7000 1.5810 0.9141
Car -1 -1 -1.4547 789.3927 798.3165 866.9494 867.4501 1.4416 1.7507 4.1913 -3.8621 6.7901 43.9928 -1.5313 0.9122
Car -1 -1 -1.3052 473.6199 767.8937 772.9797 996.9867 1.4716 1.7829 3.8087 -2.9722 2.9938 13.9757 -1.5248 0.9092
Car -1 -1 -1.5171 770.1509 795.1494 850.7438 877.6888 1.5058 1.7599 3.9373 -3.7309 6.0057 37.5270 -1.6063 0.8894
Car -1 -1 2.0224 84.7484 772.2140 253.4947 861.2792 1.4031 1.6649 3.9036 -16.8871 4.7595 32.0913 1.5347 0.6553
