Pedestrian -1 -1 1.5171 961.5488 787.3433 985.8560 853.4359 1.6799 0.6235 0.5714 0.3282 6.0310 39.7597 1.5385 0.5464
Pedestrian -1 -1 1.5603 979.8652 778.0894 1012.6817 869.1929 1.7151 0.6405 0.5972 0.6910 4.7677 29.4927 1.5971 0.5401
Cyclist -1 -1 -1.5248 867.4683 761.1151 935.6594 912.2260 1.7800 0.8192 1.8833 -0.7881 3.7129 20.2730 -1.5545 0.5568
Car -1 -1 -1.3248 443.6010 764.2330 728.9568 977.8546 1.4541 1.7967 4.3422 -3.6020 3.0719 15.1896 -1.5675 0.9625
Car -1 -1 -1.2379 131.1564 743.5649 627.5015 1119.8652 1.4694 1.6984 3.5994 -3.1361 2.3175 8.8449 -1.6249 0.9459
Car -1 -1 -1.4385 701.1304 788.0993 806.1811 879.8566 1.4768 1.7550 3.5974 -4.4186 5.1963 32.2812 -1.5669 0.9442
Car -1 -1 -1.4380 635.9048 782.8539 772.3529 904.7970 1.4918 1.7499 3.5885 -4.1866 4.3068 24.8308 -1.6013 0.9423
Car -1 -1 -1.5249 741.1653 791.0540 816.6656 867.7801 1.4493 1.7274 3.8249 -4.6720 5.9698 38.7210 -1.6357 0.9363
Car -1 -1 -0.7814 0.0000 666.5530 534.1319 1216.0000 1.5000 1.8220 4.5342 -2.7551 1.6785 4.1314 -1.5626 0.9022
Car -1 -1 2.0924 0.0000 760.7847 164.2948 863.1400 1.4368 1.7038 4.4983 -17.6132 4.3048 29.2927 1.5443 0.3734
