Pedestrian -1 -1 1.6465 979.9395 774.1381 1012.3978 860.2927 1.7623 0.6436 0.6405 0.7538 5.0084 32.1724 1.6834 0.6360
Pedestrian -1 -1 1.5163 971.6544 786.0179 992.4156 844.3915 1.6015 0.5727 0.4890 0.5908 6.2263 42.6735 1.5434 0.4931
Cyclist -1 -1 -1.5714 894.7830 764.4689 957.7341 905.0055 1.6667 0.8231 1.8193 -0.4700 3.6625 20.4687 -1.5842 0.5117
Car -1 -1 -1.3688 527.4825 762.5316 758.0812 943.6732 1.4574 1.7872 4.3119 -3.5543 3.2639 17.4705 -1.5737 0.9580
Car -1 -1 -1.4601 674.2136 773.6260 796.2252 885.2263 1.5042 1.7539 3.6739 -4.0033 4.3735 26.9870 -1.6020 0.9554
Car -1 -1 -1.0312 0.0000 682.9227 633.3993 1216.0000 1.5416 1.8751 4.6581 -2.7612 1.8631 5.9541 -1.5672 0.9522
Car -1 -1 -1.2902 323.5573 741.5906 693.1766 1033.5800 1.5157 1.6896 3.7248 -3.1425 2.5318 11.1431 -1.5904 0.9493
Car -1 -1 -1.4720 756.0974 778.2515 836.9866 853.0970 1.5515 1.7866 3.9815 -4.4790 5.9755 41.1499 -1.5706 0.9266
Car -1 -1 -1.4711 726.4849 780.9224 818.4235 863.9294 1.4448 1.7300 3.5826 -4.3156 5.2451 34.6198 -1.5867 0.9190
Car -1 -1 -1.4702 786.5898 781.9237 852.3087 840.1641 1.4764 1.7830 3.9363 -4.7551 6.9971 50.5925 -1.5529 0.7461
