Pedestrian -1 -1 1.5785 980.4864 778.5070 1012.1794 867.2421 1.7016 0.6255 0.6339 0.7101 4.8327 30.1521 1.6155 0.5664
Cyclist -1 -1 -1.5609 875.5515 762.2825 937.8130 911.4445 1.7599 0.8076 1.8926 -0.7236 3.7171 20.3521 -1.5871 0.5718
Car -1 -1 -1.3180 459.3100 767.3166 738.2598 974.8627 1.4561 1.7946 4.4369 -3.6232 3.1731 15.7945 -1.5516 0.9565
Car -1 -1 -1.4580 643.3026 783.2004 774.8914 903.7943 1.4905 1.7683 3.7358 -4.1988 4.3809 25.3979 -1.6176 0.9531
Car -1 -1 -1.2582 212.7087 748.6179 646.9254 1082.6526 1.4356 1.6614 3.4016 -3.1059 2.3610 9.4489 -1.6149 0.9485
Car -1 -1 -1.4537 706.6073 788.8996 806.2451 878.5771 1.4783 1.7400 3.5165 -4.4450 5.2779 32.8802 -1.5802 0.9374
Car -1 -1 -0.8820 0.0000 667.7784 556.1008 1216.0000 1.5329 1.8547 4.5837 -2.7001 1.7270 4.4533 -1.5973 0.9354
Car -1 -1 -1.4961 742.1238 790.2596 820.9460 865.9013 1.4570 1.7347 3.8563 -4.6740 6.0210 39.3177 -1.6049 0.9282
Car -1 -1 2.1537 0.0000 761.2875 193.9256 859.1429 1.4268 1.6745 4.3872 -17.5790 4.3906 30.2640 1.6218 0.4776
Car -1 -1 1.9761 173.0453 770.2957 314.0840 847.9584 1.4385 1.7070 4.1123 -17.9503 5.2980 37.6077 1.5311 0.4514
