Pedestrian -1 -1 1.6311 972.7692 770.0090 1009.4233 872.0925 1.7717 0.6229 0.6589 0.5486 4.4581 27.3275 1.6644 0.5336
Pedestrian -1 -1 1.5102 963.2489 784.4626 989.2126 852.7955 1.6500 0.6297 0.5699 0.3756 5.7139 37.7908 1.5332 0.4314
Cyclist -1 -1 -1.5638 857.2479 754.6252 922.2803 903.7689 1.7907 0.8530 1.8909 -0.9683 3.6592 20.5808 -1.6022 0.5574
Car -1 -1 -1.3024 379.1080 761.3364 696.3283 999.8802 1.4653 1.7509 4.1308 -3.6405 2.8979 13.6297 -1.5789 0.9672
Car -1 -1 -1.1323 0.0000 730.7384 566.1732 1194.8987 1.4553 1.7242 3.5699 -3.2023 2.1038 7.3412 -1.6155 0.9602
Car -1 -1 -1.4426 687.2349 783.7404 793.6099 878.7770 1.4780 1.7114 3.4842 -4.4949 4.9416 30.8581 -1.5803 0.9437
Car -1 -1 -1.4084 605.5662 779.3122 759.5623 907.6195 1.4630 1.7732 3.6146 -4.2404 4.0523 23.2557 -1.5866 0.9371
Car -1 -1 -1.4732 724.8271 785.2281 809.0849 864.0323 1.4479 1.6815 3.8712 -4.8017 5.6646 37.3775 -1.5922 0.9022
Car -1 -1 -0.2657 0.0000 0.0000 387.5834 1216.0000 1.6182 1.9007 4.3420 -2.7583 1.4725 2.2865 -1.5150 0.7511
Car -1 -1 2.1636 0.0000 777.6984 93.1585 896.1122 1.5066 1.7203 4.4773 -17.8610 4.4989 27.0460 1.5715 0.5583
