Pedestrian -1 -1 1.6012 979.8081 774.9903 1013.3231 866.4996 1.7816 0.6579 0.7294 0.7300 4.9085 30.7688 1.6384 0.5753
Pedestrian -1 -1 1.5576 962.9230 785.2093 985.0285 848.6458 1.6745 0.6033 0.5238 0.3489 6.1061 41.0758 1.5792 0.4398
Cyclist -1 -1 -1.5429 878.0765 762.3434 941.4124 909.5747 1.7392 0.7902 1.8681 -0.6814 3.6953 20.3478 -1.5669 0.5486
Car -1 -1 -1.3422 478.5553 767.3005 741.6792 968.0204 1.4542 1.8003 4.4299 -3.6087 3.2077 16.1973 -1.5685 0.9660
Car -1 -1 -1.2915 254.5235 744.9915 659.2740 1065.8846 1.4601 1.6904 3.4520 -3.1004 2.3978 9.9039 -1.6296 0.9574
Car -1 -1 -1.4652 713.0574 784.9866 810.4468 874.6505 1.5026 1.7497 3.5690 -4.3823 5.2585 33.2858 -1.5881 0.9506
Car -1 -1 -0.9530 0.0000 676.8970 575.8833 1216.0000 1.5177 1.8273 4.5955 -2.7018 1.7688 4.8957 -1.6023 0.9384
Car -1 -1 -1.4540 652.0032 780.6248 782.9382 897.0914 1.4630 1.7761 3.7223 -4.1134 4.3405 25.7398 -1.6080 0.9356
Car -1 -1 -1.5045 747.6821 788.5697 825.1147 863.1157 1.4518 1.7532 3.9141 -4.6088 6.0314 39.8533 -1.6101 0.9129
Car -1 -1 2.1052 0.0000 752.5460 185.8199 851.5403 1.4299 1.6897 4.3701 -17.2329 4.1283 29.4270 1.5686 0.4458
