Pedestrian -1 -1 1.5117 998.9789 768.6506 1044.7158 896.3063 1.8192 0.6557 0.7837 0.9091 4.0287 22.5912 1.5662 0.6152
Pedestrian -1 -1 1.5409 967.3383 787.4274 995.5344 868.1075 1.6999 0.6130 0.6165 0.4429 5.3269 33.0635 1.5675 0.4511
Cyclist -1 -1 -1.5059 854.7885 766.2945 930.8549 918.1393 1.7747 0.8883 1.9095 -0.9028 3.7805 20.2472 -1.5416 0.5422
Car -1 -1 -1.2194 174.5405 766.0021 642.9193 1097.9558 1.4287 1.7356 3.9990 -3.4364 2.5761 10.1518 -1.5808 0.9633
Car -1 -1 -1.4170 570.5084 783.0782 751.5081 938.9229 1.4626 1.7803 3.6541 -3.8374 3.7403 19.6732 -1.6105 0.9474
Car -1 -1 -1.3668 654.0045 787.9454 793.0088 900.1119 1.4897 1.7633 3.6768 -4.2450 4.6631 27.2222 -1.5160 0.9473
Car -1 -1 -1.4679 716.4881 790.1685 813.8215 882.1927 1.5158 1.7469 4.0163 -4.3827 5.4882 33.9219 -1.5881 0.9330
Car -1 -1 -0.6809 0.0000 670.7830 389.2519 1216.0000 1.5166 1.7323 3.6826 -3.0602 1.6919 3.8647 -1.5631 0.9316
Car -1 -1 -1.4772 774.0511 786.0703 844.0505 853.1996 1.6136 1.8106 4.2173 -4.8572 7.0363 48.2026 -1.5667 0.8806
Car -1 -1 1.9190 43.9898 784.7776 193.6346 876.1934 1.5659 1.7378 4.3940 -20.1655 5.6616 36.0012 1.4077 0.5324
Car -1 -1 1.9620 149.3209 786.5320 291.7029 869.9669 1.4760 1.6834 4.1165 -18.0969 5.6747 36.7373 1.5047 0.4561
