Pedestrian -1 -1 1.5068 1001.7651 767.0771 1048.8167 893.6383 1.7848 0.6649 0.7128 0.9471 3.9348 22.2548 1.5637 0.6322
Pedestrian -1 -1 1.4788 1015.9617 773.4501 1057.9978 886.0898 1.7453 0.6356 0.6742 1.2320 4.2062 24.4281 1.5440 0.5092
Pedestrian -1 -1 1.5473 978.1039 785.2186 1007.0974 866.1077 1.6753 0.6236 0.6049 0.6777 5.1913 32.4911 1.5815 0.4255
Cyclist -1 -1 -1.4746 862.6848 764.9274 938.3420 913.6744 1.7467 0.8337 1.8675 -0.8030 3.7398 20.3263 -1.5049 0.5556
Car -1 -1 -1.1906 141.4735 762.0680 641.7748 1102.9143 1.4134 1.7413 3.9524 -3.3960 2.4924 9.7803 -1.5631 0.9667
Car -1 -1 -1.3706 656.9918 784.5692 796.5306 897.0386 1.4856 1.7651 3.6446 -4.1387 4.5592 26.9198 -1.5178 0.9430
Car -1 -1 -1.4589 565.5820 778.1362 741.9075 938.7224 1.4847 1.8243 3.6498 -3.8660 3.6612 19.3440 -1.6577 0.9375
Car -1 -1 -1.4788 721.4408 788.3337 816.9849 879.3190 1.4839 1.7315 3.9205 -4.2380 5.3608 33.4921 -1.5964 0.9337
Car -1 -1 -0.6185 0.0000 656.1627 341.8857 1216.0000 1.5208 1.7515 3.7448 -3.0347 1.6318 3.4182 -1.5919 0.9199
Car -1 -1 -1.4804 779.0845 782.1459 849.1643 849.8179 1.6293 1.8139 4.1872 -4.6594 6.8815 47.8510 -1.5667 0.8927
Car -1 -1 1.9192 131.0531 783.6985 271.5848 870.0074 1.4992 1.6925 4.2066 -18.3038 5.5780 36.2213 1.4513 0.4090
