Pedestrian -1 -1 1.5107 989.0361 779.7902 1033.1351 898.8477 1.8056 0.6745 0.7269 0.7943 4.3301 24.0051 1.5578 0.6074
Pedestrian -1 -1 1.4554 962.5996 793.9865 992.5973 872.0233 1.7018 0.6322 0.5795 0.3719 5.6165 34.3053 1.4794 0.6065
Cyclist -1 -1 -1.5429 850.7173 777.2026 920.3739 925.5131 1.7305 0.8771 1.9149 -1.0101 3.9052 20.3902 -1.5837 0.5479
Car -1 -1 -1.2275 228.2833 774.1127 659.5220 1081.8861 1.4393 1.7419 4.1278 -3.5328 2.7503 11.0695 -1.5645 0.9545
Car -1 -1 -1.4055 661.0187 798.5399 787.4387 908.2275 1.5196 1.7645 3.5039 -4.3771 4.9849 28.0773 -1.5541 0.9500
Car -1 -1 -0.8765 0.0000 714.5475 455.3348 1216.0000 1.4014 1.7009 3.5576 -3.0595 1.7996 4.8463 -1.5923 0.9359
Car -1 -1 -1.4494 581.3448 795.5449 744.1049 946.8305 1.4759 1.7598 3.5259 -3.9970 4.0250 20.5177 -1.6416 0.9332
Car -1 -1 -1.4718 716.7236 800.5131 810.8841 890.5511 1.5155 1.7586 3.9153 -4.5405 5.8409 34.8569 -1.5926 0.9051
Car -1 -1 -1.5340 776.5310 793.5025 839.2920 860.9437 1.6230 1.8514 4.3822 -5.0204 7.4464 49.4135 -1.6242 0.8812
Car -1 -1 -1.3327 740.7170 798.1000 829.2698 868.0233 1.5183 1.7283 3.7406 -5.1572 6.8641 44.1886 -1.4386 0.5217
Car -1 -1 1.8866 327.4021 804.7598 432.3563 872.8734 1.4738 1.7825 3.9650 -17.4490 7.1372 45.0653 1.5227 0.4347
