Pedestrian -1 -1 1.4473 961.5328 792.5087 991.6987 870.7603 1.7230 0.6376 0.5934 0.3529 5.6441 34.6576 1.4707 0.6134
Pedestrian -1 -1 1.4995 985.8779 780.1034 1030.0828 895.2507 1.7797 0.6828 0.7066 0.7586 4.3550 24.4520 1.5443 0.5528
Cyclist -1 -1 -1.5291 848.6690 771.2811 919.7184 920.5972 1.7666 0.8768 1.9234 -1.0358 3.8713 20.5403 -1.5708 0.5396
Car -1 -1 -1.2131 232.6294 772.2829 670.0080 1076.3147 1.4447 1.7660 4.2779 -3.5662 2.7778 11.3647 -1.5435 0.9568
Car -1 -1 -0.9166 0.0000 713.0426 475.8718 1216.0000 1.4247 1.7263 3.7535 -3.0836 1.8379 5.1086 -1.5998 0.9290
Car -1 -1 -1.4441 580.6307 794.5081 741.6803 941.5142 1.4624 1.7577 3.5108 -4.0895 4.0340 20.8635 -1.6373 0.9290
Car -1 -1 -1.4368 666.8779 798.0289 785.2692 905.5153 1.5029 1.7371 3.4901 -4.3853 4.9856 28.3255 -1.5843 0.9261
Car -1 -1 -1.4922 720.3277 801.8391 808.8661 888.8623 1.4660 1.7269 3.8591 -4.5638 5.8566 35.1437 -1.6126 0.9194
Car -1 -1 -1.5444 776.8497 793.9915 837.2706 860.6048 1.6028 1.8292 4.4039 -5.0788 7.4768 49.6931 -1.6351 0.8575
Car -1 -1 1.8311 336.4129 802.0917 432.6638 869.3719 1.4653 1.7463 3.9677 -17.4774 7.0997 45.4909 1.4699 0.4646
