Pedestrian -1 -1 1.4966 1018.3330 764.6638 1063.8575 889.8462 1.7461 0.6288 0.6440 1.1644 3.8238 21.9066 1.5648 0.6929
Pedestrian -1 -1 1.5634 979.9414 781.2651 1009.5993 863.5508 1.6856 0.6303 0.5868 0.7204 5.0720 32.0846 1.5992 0.6235
Cyclist -1 -1 -1.5064 864.0019 756.1840 936.2759 904.9948 1.7731 0.8502 1.8809 -0.8139 3.6527 20.4565 -1.5372 0.5408
Car -1 -1 -1.1638 91.6400 755.7650 641.0253 1119.5969 1.4377 1.7643 4.1750 -3.4122 2.4562 9.5316 -1.5486 0.9619
Car -1 -1 -1.3653 663.6343 781.9644 802.0146 890.7781 1.4347 1.7417 3.4910 -4.0004 4.4275 26.6987 -1.5088 0.9482
Car -1 -1 -1.4437 563.3403 774.1205 743.9311 934.5652 1.4740 1.8006 3.6071 -3.8102 3.5628 19.0692 -1.6429 0.9449
Car -1 -1 -1.4856 726.5754 783.6378 820.9618 873.2298 1.4567 1.7189 3.8428 -4.0959 5.1829 33.1576 -1.6003 0.9423
Car -1 -1 -0.5103 0.0000 643.9644 317.2789 1216.0000 1.5469 1.7611 3.7860 -3.0323 1.6104 3.0796 -1.5639 0.9157
Car -1 -1 -1.4969 786.6391 775.3901 855.2545 841.8784 1.6047 1.8266 4.1645 -4.4224 6.6093 47.6413 -1.5787 0.8927
Car -1 -1 2.0366 0.0000 780.5959 143.9233 887.8911 1.4150 1.6873 4.2518 -17.3044 4.5878 28.2806 1.4807 0.6368
