Pedestrian -1 -1 1.5291 976.2128 778.9588 1018.1502 892.0296 1.7932 0.6826 0.7257 0.5970 4.4139 25.0745 1.5664 0.5571
Pedestrian -1 -1 1.5337 961.3777 793.8390 987.2328 868.3383 1.6951 0.6016 0.5355 0.3074 5.7403 35.5351 1.5554 0.4693
Cyclist -1 -1 -1.5756 852.7994 777.6003 918.8567 924.6381 1.6967 0.8507 1.8942 -1.0163 3.8609 20.2283 -1.6173 0.5718
Car -1 -1 -1.2599 279.4217 771.3970 674.0816 1059.7990 1.4634 1.7680 4.3036 -3.5816 2.8434 11.9324 -1.5744 0.9582
Car -1 -1 -1.4314 668.7212 796.8619 786.5205 901.2217 1.4875 1.7493 3.5249 -4.4476 5.0156 28.9126 -1.5777 0.9463
Car -1 -1 -1.4583 594.2712 796.0792 746.9677 937.5567 1.4447 1.7518 3.4952 -4.0773 4.1074 21.4536 -1.6450 0.9415
Car -1 -1 -0.9565 0.0000 727.8976 511.2787 1216.0000 1.3973 1.7419 3.9142 -3.1213 1.9186 5.6001 -1.5847 0.9364
Car -1 -1 -1.5061 719.0911 798.7274 805.5635 886.6419 1.5013 1.7516 4.0246 -4.6950 5.8950 35.7400 -1.6280 0.9117
Car -1 -1 -1.5087 772.5475 793.4958 837.5933 860.1620 1.6338 1.8475 4.3919 -5.1862 7.5344 50.1149 -1.6007 0.7935
Car -1 -1 -1.3626 744.4779 797.8229 826.7244 865.4954 1.5239 1.7243 3.5862 -5.2532 6.9574 45.1165 -1.4681 0.4229
