Pedestrian -1 -1 1.4877 992.6474 776.1664 1037.3818 896.2857 1.7931 0.6593 0.6458 0.8398 4.2037 23.4976 1.5375 0.6930
Pedestrian -1 -1 1.4455 962.7131 791.9557 993.5019 870.1758 1.6718 0.6297 0.6148 0.3770 5.4788 33.7415 1.4698 0.5426
Cyclist -1 -1 -1.4969 851.9286 771.4833 925.9709 921.3091 1.7595 0.8535 1.8984 -0.9640 3.8547 20.4115 -1.5353 0.5430
Car -1 -1 -1.2222 203.4187 775.5309 653.4885 1092.6815 1.4332 1.7683 4.1292 -3.5331 2.7280 10.7875 -1.5688 0.9609
Car -1 -1 -1.3662 653.2173 796.9039 788.3584 906.0557 1.4687 1.7589 3.5361 -4.3685 4.8574 27.6486 -1.5172 0.9593
Car -1 -1 -1.4229 577.0574 791.6227 748.9053 943.1122 1.4609 1.7590 3.5282 -3.9233 3.9125 20.1881 -1.6150 0.9525
Car -1 -1 -0.8201 0.0000 701.6702 429.4054 1216.0000 1.4595 1.7012 3.6303 -3.0538 1.7831 4.4705 -1.5919 0.9402
Car -1 -1 -1.4812 716.8464 798.4111 809.9512 888.7444 1.4883 1.7350 3.9841 -4.4904 5.7152 34.4120 -1.6024 0.9268
Car -1 -1 -1.4868 773.1270 793.3611 840.4412 857.7787 1.5273 1.7864 4.3214 -5.0088 7.2866 48.9581 -1.5778 0.8686
Car -1 -1 -1.3691 740.8552 798.0982 825.2070 866.8693 1.4890 1.7257 3.5832 -5.1530 6.7589 43.6372 -1.4765 0.6234
Car -1 -1 1.9953 319.4118 804.6453 435.7515 872.8726 1.4706 1.7687 3.9361 -17.4416 7.1071 44.8775 1.6300 0.4405
