Pedestrian -1 -1 1.3705 1078.5353 761.7655 1142.3248 922.1554 1.7413 0.6326 0.5678 1.6973 3.3321 17.0721 1.4888 0.6486
Pedestrian -1 -1 1.5690 1038.1459 779.5493 1073.1420 879.1249 1.7077 0.6216 0.5940 1.7045 4.5288 26.9601 1.6474 0.5821
Cyclist -1 -1 -1.5632 916.6041 766.8833 978.7291 917.8217 1.7816 0.8083 1.9043 -0.1670 3.8099 20.4071 -1.5602 0.5237
Car -1 -1 -1.3495 506.6067 776.7822 765.9733 986.0991 1.5185 1.8326 3.7214 -3.1934 3.2759 15.4335 -1.5601 0.9497
Car -1 -1 -0.9858 0.0000 729.5923 556.5618 1216.0000 1.4290 1.7248 3.9398 -2.9921 1.9777 5.8638 -1.5652 0.9457
Car -1 -1 -1.4243 672.5319 785.3698 824.7980 917.4181 1.4841 1.7869 3.5952 -3.1812 4.1480 23.0156 -1.5572 0.9389
Car -1 -1 -1.4628 742.9997 786.9681 855.7979 891.5118 1.5103 1.7739 3.9174 -3.1387 4.9398 29.6758 -1.5599 0.9256
Car -1 -1 -1.5492 814.9013 787.2789 880.3601 858.5486 1.5495 1.7841 4.0593 -3.2977 6.5504 43.9905 -1.6129 0.8859
Car -1 -1 -1.4568 833.3085 785.2357 903.6963 851.6453 1.6596 1.8314 4.4277 -3.0881 7.3277 50.5964 -1.5059 0.3488
Car -1 -1 -1.4361 779.1349 790.4899 865.8305 870.8667 1.5697 1.7246 3.6368 -3.5440 6.0655 38.7394 -1.5171 0.3160
