Pedestrian -1 -1 1.4990 1025.7000 762.5536 1073.2268 893.5012 1.7711 0.6382 0.6262 1.2453 3.7515 21.2007 1.5731 0.7145
Pedestrian -1 -1 1.4580 996.5162 783.0203 1027.7367 863.6676 1.6143 0.6020 0.5771 1.0666 4.9718 31.4470 1.5057 0.5677
Cyclist -1 -1 -1.4912 872.8649 755.9369 943.6039 908.0762 1.8100 0.7986 1.8834 -0.7022 3.6828 20.4108 -1.5161 0.5368
Car -1 -1 -1.1748 61.7126 754.0828 629.5094 1140.9584 1.4459 1.7498 4.0585 -3.3105 2.3970 8.9785 -1.5743 0.9563
Car -1 -1 -1.3635 662.6219 780.5235 804.5569 894.8387 1.4809 1.7376 3.5347 -3.8998 4.3913 26.1471 -1.5064 0.9471
Car -1 -1 -1.4179 557.1874 775.6524 747.8682 939.8090 1.4687 1.7826 3.5654 -3.7135 3.5224 18.5501 -1.6179 0.9411
Car -1 -1 -1.4692 728.8325 783.1402 827.4302 874.4991 1.4801 1.7283 3.7373 -3.9315 5.1293 32.6088 -1.5810 0.9358
Car -1 -1 -0.2482 0.0000 163.3640 252.6305 1216.0000 1.5748 1.7687 3.8950 -2.9952 1.4756 2.3189 -1.5103 0.7967
Car -1 -1 -1.4809 788.9505 778.7856 859.8989 845.5302 1.6122 1.8375 3.8277 -4.2479 6.6377 46.9141 -1.5604 0.7575
Car -1 -1 2.2264 0.0000 792.5830 37.9458 904.2676 1.4394 1.7849 4.1745 -19.3785 4.7899 27.7605 1.6094 0.4339
