Pedestrian -1 -1 1.5353 1001.3073 778.3332 1031.9379 863.8414 1.6625 0.6109 0.5992 1.1247 4.8202 30.4718 1.5861 0.6186
Pedestrian -1 -1 1.5310 1043.7390 760.9366 1091.8020 894.1082 1.7273 0.6381 0.5871 1.4432 3.6052 20.3352 1.6181 0.5629
Cyclist -1 -1 -1.5299 882.6402 754.2468 950.0516 905.2465 1.7979 0.8222 1.8623 -0.5907 3.6398 20.3554 -1.5493 0.5043
Car -1 -1 -1.1449 0.0000 743.9288 625.1469 1165.4895 1.4569 1.7518 4.0212 -3.2052 2.2794 8.3198 -1.5667 0.9592
Car -1 -1 -1.4194 559.2480 770.8670 758.2700 943.2658 1.4939 1.8012 3.5312 -3.4842 3.4091 17.8177 -1.6156 0.9506
Car -1 -1 -1.3631 667.4097 775.4752 814.6946 893.8588 1.4962 1.7518 3.6002 -3.6669 4.2489 25.4813 -1.5010 0.9496
Car -1 -1 -1.4614 733.2996 780.4456 836.3265 873.2071 1.4478 1.7256 3.9029 -3.6905 4.9634 31.8454 -1.5687 0.9481
Car -1 -1 -1.4631 798.0339 775.5253 869.9048 839.8425 1.5309 1.7892 3.7736 -3.9128 6.4064 46.4885 -1.5363 0.6366
Car -1 -1 2.1672 0.0000 788.3641 60.1479 901.3526 1.4559 1.8630 4.2379 -18.7972 4.7007 27.5564 1.5607 0.4721
Car -1 -1 -0.1314 0.0000 0.0000 168.8894 1216.0000 1.5099 1.6964 3.7376 -3.0141 1.4273 2.0141 -1.4900 0.4573
