Pedestrian -1 -1 1.3990 1053.4924 757.5765 1108.9918 893.0558 1.6908 0.6405 0.6036 1.5693 3.4609 19.6254 1.4958 0.7431
Pedestrian -1 -1 1.5326 1016.4819 776.1893 1047.1805 862.7264 1.6409 0.5949 0.5680 1.3967 4.6715 29.6653 1.5940 0.4784
Pedestrian -1 -1 1.5121 1047.9343 760.9875 1094.5621 887.9119 1.7518 0.6473 0.6307 1.5880 3.7528 21.6632 1.6015 0.3366
Cyclist -1 -1 -1.5463 894.6210 758.5314 956.3237 904.9286 1.7350 0.7736 1.8215 -0.4675 3.6316 20.3094 -1.5593 0.5183
Car -1 -1 -1.1264 0.0000 738.9365 614.1816 1195.4329 1.4415 1.7492 4.0405 -3.1384 2.1872 7.7556 -1.5736 0.9602
Car -1 -1 -1.4719 739.1984 778.3973 842.0983 874.4614 1.4807 1.7249 3.9984 -3.5199 4.9150 31.4548 -1.5752 0.9546
Car -1 -1 -1.3974 674.3015 777.8427 816.8302 897.0006 1.4764 1.7438 3.5136 -3.5111 4.2071 24.9108 -1.5324 0.9469
Car -1 -1 -1.3900 553.7432 773.0062 766.8790 950.3397 1.4820 1.7923 3.5713 -3.3534 3.3735 17.2998 -1.5849 0.9441
Car -1 -1 -1.4834 803.1297 776.7136 873.2530 842.1122 1.5197 1.7623 3.8385 -3.7136 6.3518 45.6642 -1.5537 0.9142
Car -1 -1 -1.4006 776.4526 782.2417 858.0524 852.4418 1.4727 1.6459 3.3100 -3.8861 5.9463 40.7992 -1.4854 0.4066
Car -1 -1 1.8579 0.0000 782.1395 129.4712 878.4797 1.5467 1.8488 4.3475 -20.5368 5.3653 33.9787 1.3118 0.3198
