Pedestrian -1 -1 1.5076 1027.9941 760.2017 1075.4159 893.1953 1.7678 0.6304 0.6248 1.2551 3.6819 20.8386 1.5833 0.6489
Pedestrian -1 -1 1.5029 998.5500 778.6423 1030.8187 861.7036 1.6391 0.6359 0.5910 1.1015 4.8498 30.9282 1.5524 0.5794
Cyclist -1 -1 -1.5291 878.4349 756.4329 944.9904 906.7797 1.7937 0.8126 1.8895 -0.6572 3.6772 20.4606 -1.5517 0.5157
Car -1 -1 -1.4339 562.3865 773.3462 752.2285 940.2741 1.4598 1.7798 3.5891 -3.5830 3.4500 18.2038 -1.6309 0.9563
Car -1 -1 -1.1416 12.1815 747.1751 629.1580 1153.9092 1.4610 1.7669 4.1225 -3.3025 2.3417 8.6951 -1.5545 0.9540
Car -1 -1 -1.4610 728.5775 781.4042 831.8339 874.2169 1.4734 1.7581 3.9100 -3.8422 5.0575 32.2910 -1.5713 0.9358
Car -1 -1 -1.3578 667.4686 779.9840 808.2112 893.8223 1.4634 1.6951 3.3901 -3.7705 4.3155 25.7500 -1.4982 0.9295
Car -1 -1 -1.4831 791.0457 775.9935 862.4222 842.9077 1.6122 1.8503 3.9628 -4.1822 6.5631 47.0102 -1.5610 0.8284
Car -1 -1 -0.2615 0.0000 410.5314 210.4260 1216.0000 1.5213 1.7261 3.7353 -2.9308 1.4755 2.2021 -1.5536 0.6814
Car -1 -1 2.2514 0.0000 778.8331 35.6629 887.9844 1.4326 1.7655 4.1902 -19.4914 4.5174 27.8235 1.6321 0.4331
Car -1 -1 2.0599 0.0000 772.6536 147.4087 866.5751 1.5608 1.7373 4.3652 -20.5098 5.1488 34.0871 1.5155 0.3601
