Pedestrian -1 -1 1.4555 1063.0245 760.8570 1119.9662 906.5429 1.7214 0.6445 0.6756 1.6176 3.4480 18.6491 1.5598 0.7121
Pedestrian -1 -1 1.5089 1019.6183 779.3016 1052.6265 869.8745 1.6522 0.6029 0.6260 1.4312 4.6442 28.6642 1.5733 0.5511
Pedestrian -1 -1 1.4653 1052.4675 768.1468 1101.9653 899.8137 1.7521 0.6368 0.6241 1.6155 3.7846 20.9026 1.5591 0.2925
Cyclist -1 -1 -1.5369 899.6197 760.1817 964.5909 910.0163 1.7759 0.8012 1.8696 -0.3773 3.7047 20.3763 -1.5450 0.4841
Car -1 -1 -1.3751 543.6976 773.8903 766.8041 958.0350 1.4853 1.7778 3.4832 -3.2728 3.3159 16.6294 -1.5739 0.9582
Car -1 -1 -1.0665 0.0000 740.9722 595.1765 1216.0000 1.4125 1.7278 3.8128 -3.0632 2.1034 6.9825 -1.5570 0.9553
Car -1 -1 -1.3960 672.7816 780.4655 821.1932 904.3402 1.4785 1.7605 3.5671 -3.3857 4.1885 24.2328 -1.5300 0.9539
Car -1 -1 -1.4617 740.2791 785.0769 847.1255 882.1373 1.4363 1.7196 4.0182 -3.3797 4.9512 30.7998 -1.5627 0.9504
Car -1 -1 -1.4716 803.1080 785.0870 875.6841 852.9288 1.5301 1.7560 3.8851 -3.6201 6.5602 44.9907 -1.5409 0.8176
Car -1 -1 -1.3960 773.3945 788.1107 859.6931 861.8379 1.4952 1.6880 3.5689 -3.8593 6.1050 40.3851 -1.4810 0.3624
