Pedestrian -1 -1 1.5816 1078.2815 765.4484 1121.7112 886.2933 1.7640 0.6486 0.6834 2.1460 3.9694 23.0874 1.6915 0.6639
Pedestrian -1 -1 1.3850 1149.8021 734.7311 1235.2433 950.5201 1.8190 0.6541 0.6489 2.0420 2.8172 13.2650 1.5645 0.6597
Pedestrian -1 -1 1.4127 1126.9049 754.2549 1196.0217 934.8497 1.7337 0.6122 0.6446 2.0196 3.0715 15.1422 1.5684 0.4526
Cyclist -1 -1 -1.4810 926.3640 759.8570 999.9681 908.0186 1.7528 0.8186 1.8676 0.0477 3.6844 20.4327 -1.4669 0.5325
Car -1 -1 -1.3212 435.2861 763.8271 756.2278 1024.0625 1.5268 1.7772 3.5540 -2.8570 2.8507 12.4656 -1.5614 0.9618
Car -1 -1 -1.4520 741.8712 772.8544 870.9467 890.9137 1.5514 1.7957 4.0459 -2.6917 4.4078 26.8254 -1.5445 0.9582
Car -1 -1 -1.3698 654.8726 772.0692 839.6176 923.4822 1.4880 1.7570 3.5908 -2.7758 3.6525 20.1434 -1.5041 0.9567
Car -1 -1 -1.5106 853.5057 777.7213 918.1404 843.2900 1.5972 1.7775 3.9557 -2.3661 6.6797 47.7369 -1.5484 0.9207
Car -1 -1 2.0962 49.9868 774.2553 247.0112 873.5515 1.4525 1.6668 4.0927 -16.2606 4.6717 30.1640 1.5972 0.8514
Car -1 -1 -0.3989 0.0000 639.2048 400.1873 1216.0000 1.5296 1.7785 4.1251 -2.8577 1.5771 2.8374 -1.4925 0.8497
Car -1 -1 2.0529 206.6080 776.4810 359.6070 860.4317 1.4966 1.6673 4.0930 -16.3632 5.3890 36.3084 1.6300 0.4075
