Pedestrian -1 -1 1.3325 1110.3430 750.9379 1184.7329 928.2925 1.7388 0.6377 0.6718 1.9283 3.0794 15.5429 1.4779 0.6838
Pedestrian -1 -1 1.5212 1050.6202 771.3107 1087.8809 877.9869 1.7232 0.6095 0.6181 1.8269 4.2372 25.3571 1.6090 0.6316
Pedestrian -1 -1 1.3687 1098.4174 766.5641 1159.6510 917.9969 1.6592 0.6026 0.6224 1.9390 3.3330 17.3375 1.5001 0.4314
Pedestrian -1 -1 -1.5593 921.7685 762.9843 980.3747 906.8408 1.7309 0.7676 1.8340 -0.1233 3.7267 20.6901 -1.5540 0.1061
Cyclist -1 -1 -1.5525 920.8937 763.4559 980.2192 907.9624 1.7390 0.7661 1.8530 -0.1303 3.7459 20.7251 -1.5475 0.5479
Car -1 -1 -1.4055 671.1843 777.2879 829.7733 913.6837 1.4744 1.7242 3.4747 -2.9927 3.8833 21.8743 -1.5377 0.9581
Car -1 -1 -1.3354 482.0803 769.8597 767.6721 990.5964 1.4564 1.8211 3.7408 -3.0234 3.0183 14.2280 -1.5543 0.9574
Car -1 -1 -0.8256 0.0000 681.3102 514.1764 1216.0000 1.4884 1.7666 4.1015 -2.9566 1.7448 4.7229 -1.5435 0.9383
Car -1 -1 -1.4893 743.5685 780.1067 855.9101 888.3364 1.5073 1.7737 3.9192 -3.0000 4.6659 28.4604 -1.5866 0.9372
Car -1 -1 -1.5178 842.8947 782.4156 906.0673 846.1342 1.5705 1.8113 4.2083 -2.8232 6.9971 49.4081 -1.5631 0.8267
Car -1 -1 -1.4502 777.2217 781.5270 865.9266 865.1354 1.5886 1.7323 3.4227 -3.3777 5.6140 36.6902 -1.5322 0.6146
Car -1 -1 2.0463 152.2459 787.0980 305.4226 869.2508 1.4930 1.7105 4.2497 -18.4006 5.8243 37.7897 1.5942 0.4658
Car -1 -1 -1.5029 823.9809 778.2559 897.1795 852.8384 1.6258 1.7763 3.9248 -2.8266 6.2060 42.6895 -1.5579 0.3984
