Pedestrian -1 -1 1.3418 1100.2706 760.1459 1172.3547 929.8956 1.7182 0.6443 0.6751 1.8753 3.2060 16.0852 1.4789 0.6435
Pedestrian -1 -1 1.5662 1047.3828 770.8293 1084.7469 878.9344 1.7886 0.6397 0.6143 1.8230 4.3553 25.9710 1.6519 0.5945
Cyclist -1 -1 -1.5443 920.8295 765.9709 981.6207 911.9656 1.7442 0.7669 1.8580 -0.1199 3.7786 20.6250 -1.5387 0.5264
Car -1 -1 -1.3604 491.9128 777.3514 764.3511 993.9241 1.4706 1.8594 3.7431 -3.0980 3.1579 14.6744 -1.5768 0.9574
Car -1 -1 -1.4195 674.6041 783.2108 831.0251 918.5172 1.4725 1.7650 3.5837 -3.0187 4.0271 22.3209 -1.5496 0.9508
Car -1 -1 -1.4726 744.1022 786.8024 856.5237 892.5843 1.4754 1.7386 3.9030 -3.0253 4.8037 28.7893 -1.5693 0.9460
Car -1 -1 -0.8871 0.0000 707.0512 528.0815 1216.0000 1.4344 1.7352 3.8669 -2.9550 1.8238 5.1342 -1.5467 0.9367
Car -1 -1 -1.4990 818.8272 784.0190 892.2152 857.1703 1.6006 1.7919 3.8410 -2.9982 6.3880 43.0608 -1.5574 0.9285
Car -1 -1 -1.5080 840.1152 786.3132 904.4806 849.7980 1.5855 1.8377 4.0484 -2.9169 7.1759 49.7541 -1.5548 0.8385
Car -1 -1 -1.4564 779.6772 787.5893 864.7128 869.2594 1.5736 1.7049 3.3207 -3.4154 5.8068 37.2243 -1.5379 0.5123
Car -1 -1 2.1339 170.9967 785.5632 335.3885 869.0207 1.5258 1.7560 4.3218 -18.0087 5.8796 38.2708 1.6955 0.4689
