Pedestrian -1 -1 1.4895 1084.4341 765.1735 1131.7667 892.9275 1.7942 0.6544 0.7090 2.1710 3.9081 22.1707 1.6048 0.7326
Pedestrian -1 -1 1.3630 1167.8850 731.5870 1263.5105 968.9655 1.8347 0.6432 0.8125 2.0860 2.7441 12.3366 1.5602 0.4585
Cyclist -1 -1 -1.5050 936.6700 758.9080 1005.5800 906.5450 1.7626 0.8030 1.8668 0.1562 3.6923 20.5691 -1.4853 0.5213
Car -1 -1 -1.3106 400.2806 759.1346 745.6597 1031.6516 1.5235 1.8039 3.6889 -2.9115 2.7694 12.0311 -1.5655 0.9605
Car -1 -1 -1.3666 650.4637 772.3721 840.4696 928.1771 1.4811 1.7453 3.5763 -2.7116 3.5908 19.5499 -1.5022 0.9542
Car -1 -1 -1.4380 736.6579 773.0723 870.5261 893.4088 1.5409 1.7779 4.0066 -2.6743 4.3385 26.1990 -1.5324 0.9524
Car -1 -1 -1.4382 822.5203 773.7025 911.2228 855.3767 1.6905 1.8431 3.9159 -2.4925 5.9088 40.3661 -1.4888 0.9236
Car -1 -1 -1.5077 853.5188 776.2525 919.6339 843.2585 1.6048 1.7792 4.0636 -2.3107 6.5847 47.1500 -1.5449 0.9104
Car -1 -1 2.0938 39.5469 770.5325 245.6875 872.5425 1.4614 1.6911 4.2681 -16.1221 4.5649 29.7173 1.5916 0.8649
Car -1 -1 -0.2340 0.0000 0.0000 1936.0000 1148.7440 1.5314 1.8162 4.4276 -2.7078 1.4869 2.0413 -1.5595 0.7771
