Pedestrian -1 -1 1.5038 1088.3060 766.8333 1136.5092 897.9160 1.7682 0.6506 0.7909 2.1638 3.8456 21.4758 1.6222 0.6973
Pedestrian -1 -1 1.3116 1175.2819 735.9927 1278.7762 982.3075 1.8038 0.6333 0.8118 2.0754 2.7084 11.7546 1.5178 0.5299
Pedestrian -1 -1 1.3517 1165.3748 749.0889 1251.2711 956.0529 1.7664 0.6495 0.6753 2.2251 2.9185 13.5264 1.5423 0.4865
Cyclist -1 -1 -1.5062 936.4299 760.2222 1004.9995 909.1486 1.7676 0.7957 1.8600 0.1496 3.7055 20.4550 -1.4867 0.5129
Car -1 -1 -1.2830 373.6087 756.8699 738.2526 1040.2614 1.5046 1.7572 3.5458 -2.8751 2.6683 11.3969 -1.5509 0.9654
Car -1 -1 -1.3630 637.7808 771.8022 833.6317 931.6338 1.4760 1.7429 3.5580 -2.7549 3.5235 19.0104 -1.5055 0.9579
Car -1 -1 -1.4499 733.0377 773.8600 867.0421 896.9189 1.5391 1.7741 4.0250 -2.6773 4.2977 25.6601 -1.5468 0.9530
Car -1 -1 -1.4417 818.2867 771.6114 910.3460 855.1074 1.6864 1.8826 4.1745 -2.5266 5.8146 39.9251 -1.4940 0.9335
Car -1 -1 -1.4985 851.3482 775.5908 919.8575 844.0809 1.6287 1.7955 4.0005 -2.3090 6.5214 46.5245 -1.5364 0.9125
Car -1 -1 2.1218 20.6076 774.9363 228.5347 878.5643 1.4625 1.6599 4.0606 -16.1623 4.5925 29.1355 1.6098 0.8573
Car -1 -1 -0.1380 0.0000 0.0000 1936.0000 1204.8036 1.4871 1.7434 4.1035 -2.6907 1.4797 1.7785 -1.5545 0.5463
