Pedestrian -1 -1 1.5108 1082.4336 761.6661 1129.2710 888.0095 1.8056 0.6735 0.7535 2.1807 3.9103 22.6196 1.6244 0.6819
Pedestrian -1 -1 1.3494 1155.0623 737.8287 1246.2238 956.6907 1.7856 0.6559 0.6987 2.0600 2.7896 12.9341 1.5351 0.6345
Cyclist -1 -1 -1.4816 928.3870 759.8937 1001.9415 908.0736 1.7479 0.8171 1.8416 0.0744 3.6711 20.3457 -1.4660 0.5308
Car -1 -1 -1.3016 421.3614 764.0085 753.5126 1028.0089 1.5237 1.7758 3.5616 -2.8870 2.8383 12.3308 -1.5473 0.9618
Car -1 -1 -1.4743 745.6074 774.0745 870.0847 891.6545 1.5327 1.7841 4.0060 -2.6453 4.3859 26.5951 -1.5659 0.9502
Car -1 -1 -1.3664 653.7001 773.1260 842.2427 925.8083 1.4748 1.7655 3.6177 -2.7338 3.6360 19.9366 -1.5001 0.9486
Car -1 -1 -1.4936 851.9207 778.0796 918.9427 844.1576 1.5999 1.7799 3.9510 -2.3671 6.6745 47.5322 -1.5315 0.9329
Car -1 -1 -1.4535 824.6263 775.9178 910.3793 855.4939 1.6591 1.8463 3.8914 -2.5035 5.9801 40.7853 -1.5037 0.9097
Car -1 -1 -0.3650 0.0000 637.6566 397.0757 1216.0000 1.4965 1.7831 4.2317 -2.7840 1.5373 2.6246 -1.5106 0.8682
Car -1 -1 2.0852 50.5682 777.8192 246.7351 876.9565 1.4351 1.6497 4.1604 -16.2733 4.7370 30.1974 1.5865 0.8244
