Pedestrian -1 -1 1.5107 1096.6221 759.3171 1147.5209 896.2886 1.8084 0.6777 0.8372 2.2556 3.7397 21.0468 1.6359 0.6218
Pedestrian -1 -1 1.3779 1184.9199 729.9476 1284.8507 984.9044 1.8175 0.6277 0.8137 2.0745 2.6483 11.4139 1.5904 0.5020
Pedestrian -1 -1 1.3879 1176.0776 744.0620 1262.0281 959.7336 1.7567 0.6270 0.7516 2.2270 2.8216 12.9828 1.5868 0.4532
Pedestrian -1 -1 1.5014 1031.5697 783.1877 1049.8268 836.1953 1.7426 0.5936 0.5275 2.7074 7.1696 51.0069 1.5686 0.4037
Cyclist -1 -1 -1.5079 936.9954 756.0999 1004.5765 906.0619 1.8036 0.7925 1.8899 0.1520 3.7021 20.6654 -1.4883 0.4949
Cyclist -1 -1 1.5112 1096.5337 759.6236 1147.1346 896.9939 1.8084 0.6725 0.8979 2.2552 3.7497 21.0785 1.6363 0.1036
Car -1 -1 -1.2758 362.8569 752.9044 735.5518 1040.7377 1.5002 1.7451 3.5039 -2.8538 2.6054 11.1402 -1.5488 0.9667
Car -1 -1 -1.3607 636.9576 768.1623 833.6752 929.4858 1.4857 1.7308 3.4725 -2.7218 3.4528 18.7429 -1.5038 0.9620
Car -1 -1 -1.4339 729.7020 771.6827 867.0794 894.5004 1.5289 1.7613 3.9422 -2.6787 4.2197 25.4100 -1.5321 0.9618
Car -1 -1 -1.4591 825.2233 772.1246 911.3087 851.7650 1.6076 1.8066 3.9219 -2.4108 5.7087 39.6435 -1.5090 0.9083
Car -1 -1 -1.4842 849.2288 775.3185 919.5131 842.9211 1.5877 1.7826 3.9897 -2.3307 6.4410 46.2152 -1.5229 0.8967
Car -1 -1 2.2084 11.7806 772.7310 225.5061 873.8824 1.4333 1.6891 3.7885 -16.1963 4.4932 28.9700 1.6927 0.7744
Car -1 -1 2.0972 167.4433 770.9461 336.7527 856.3520 1.4506 1.7020 4.1647 -16.4327 5.0678 34.8914 1.6563 0.4038
