Pedestrian -1 -1 1.4380 1124.9457 745.4958 1195.6655 935.6253 1.7927 0.6278 0.6648 1.9711 3.0193 14.8703 1.5930 0.6067
Pedestrian -1 -1 1.5467 1058.7734 762.9424 1098.6176 874.8911 1.7615 0.6491 0.6709 1.9419 4.0810 24.7701 1.6411 0.5757
Cyclist -1 -1 -1.5485 922.2446 753.5582 984.5782 903.2421 1.8046 0.7950 1.8935 -0.0890 3.6623 20.6344 -1.5414 0.5148
Car -1 -1 -1.3242 475.4663 761.7762 765.2811 988.8606 1.4736 1.7622 3.6249 -2.9600 2.8995 13.7465 -1.5472 0.9683
Car -1 -1 -1.4519 740.5692 774.1893 862.4092 887.3352 1.5820 1.7856 3.8546 -2.9136 4.5713 27.9961 -1.5478 0.9580
Car -1 -1 -1.3979 667.3658 771.9614 828.7358 909.0015 1.4620 1.7043 3.3952 -2.9608 3.7362 21.3956 -1.5321 0.9400
Car -1 -1 -0.7384 0.0000 668.5176 488.7981 1216.0000 1.5424 1.7769 4.1027 -2.9603 1.7280 4.2743 -1.5286 0.9393
Car -1 -1 -1.4889 845.1252 775.5245 912.3336 839.7491 1.6071 1.8297 4.0126 -2.6622 6.7515 49.0338 -1.5314 0.9080
Car -1 -1 -1.4613 779.9979 778.5547 864.7828 860.2263 1.5525 1.6713 3.3923 -3.3529 5.4912 36.6144 -1.5429 0.5234
Car -1 -1 2.0758 107.4830 777.1871 276.9068 862.3485 1.5128 1.7457 4.5511 -18.9545 5.5258 37.1042 1.6035 0.4614
Car -1 -1 2.1011 0.0000 774.4948 174.9779 874.7078 1.4936 1.7058 4.5805 -18.5751 4.8687 31.4424 1.5633 0.4429
