Pedestrian -1 -1 1.3645 1135.8344 745.1561 1217.7408 943.8256 1.7602 0.6574 0.6052 2.0019 2.9070 13.9460 1.5321 0.6771
Pedestrian -1 -1 1.5164 1070.4541 764.5442 1113.2374 881.1273 1.7632 0.6534 0.6486 2.0707 4.0148 23.7720 1.6201 0.6256
Pedestrian -1 -1 -1.5263 925.6932 755.6321 991.8088 903.5170 1.7772 0.8060 1.8344 -0.0149 3.6574 20.5688 -1.5154 0.1063
Cyclist -1 -1 -1.5006 924.3295 755.5239 995.4578 903.8741 1.7839 0.8301 1.8791 0.0024 3.6736 20.6626 -1.4889 0.5472
Car -1 -1 -1.2874 446.4731 761.6873 765.6475 1007.3606 1.5066 1.7749 3.6091 -2.9183 2.8716 13.0755 -1.5200 0.9663
Car -1 -1 -1.3785 664.2873 773.5500 834.6263 915.3531 1.4539 1.6989 3.3929 -2.8429 3.6881 20.7326 -1.5118 0.9562
Car -1 -1 -1.4590 744.1132 773.8396 866.1849 887.7583 1.5373 1.7523 3.8790 -2.7662 4.4459 27.2485 -1.5526 0.9519
Car -1 -1 -0.5647 0.0000 643.8432 431.4051 1216.0000 1.5590 1.7728 3.9867 -2.9112 1.6286 3.4503 -1.5119 0.9039
Car -1 -1 -1.5304 849.7721 776.9872 912.4806 841.7364 1.5930 1.8103 4.0279 -2.5447 6.7071 48.2709 -1.5713 0.8435
Car -1 -1 -1.4451 824.2845 774.6646 907.1672 852.0673 1.6502 1.7856 3.8817 -2.6080 6.0198 41.6300 -1.4966 0.8321
Car -1 -1 2.0803 0.0000 774.0359 190.0613 873.9582 1.4287 1.6524 4.2174 -17.2731 4.6176 29.8513 1.5503 0.4125
