Pedestrian -1 -1 1.3664 1128.9646 745.1703 1205.8069 937.9452 1.7705 0.6348 0.6208 1.9857 2.9597 14.4629 1.5268 0.6210
Pedestrian -1 -1 1.5386 1060.0228 759.7836 1100.5984 874.1748 1.7684 0.6451 0.6147 1.9232 3.9822 24.2169 1.6341 0.4841
Pedestrian -1 -1 -1.5303 923.1725 755.8830 986.8347 902.3929 1.7692 0.7841 1.8700 -0.0674 3.6671 20.7155 -1.5221 0.1029
Cyclist -1 -1 -1.5373 923.3458 756.1497 986.0190 903.2624 1.7780 0.7838 1.8957 -0.0720 3.6843 20.7567 -1.5293 0.5342
Car -1 -1 -1.3220 465.4110 758.7011 766.6005 996.3584 1.5167 1.7959 3.6443 -2.9264 2.8859 13.4607 -1.5478 0.9689
Car -1 -1 -1.3863 662.1049 771.0647 831.2064 912.4746 1.4747 1.7242 3.4891 -2.9278 3.7087 21.0711 -1.5213 0.9563
Car -1 -1 -1.4683 743.0612 773.6836 864.2271 888.4152 1.5728 1.7927 3.9772 -2.8365 4.5246 27.6726 -1.5628 0.9504
Car -1 -1 -0.6879 0.0000 664.5246 473.4166 1216.0000 1.5168 1.7466 3.9911 -2.9095 1.6765 3.9928 -1.5214 0.9348
Car -1 -1 -1.5034 847.7144 774.8560 913.4750 839.4686 1.6063 1.8206 4.0214 -2.5810 6.6889 48.6522 -1.5447 0.8526
Car -1 -1 -1.4391 821.8828 774.0599 903.3243 848.6891 1.6083 1.7574 3.8183 -2.7265 6.0023 42.0815 -1.4928 0.7589
Car -1 -1 -1.4002 779.9274 781.1041 874.1399 863.1353 1.5216 1.6871 3.4224 -3.2077 5.5000 36.3061 -1.4785 0.4281
