Pedestrian -1 -1 1.4807 1106.1218 754.2316 1164.5007 901.5864 1.8021 0.6989 0.7835 2.2510 3.5160 19.4105 1.6157 0.7416
Pedestrian -1 -1 1.4039 1199.6633 746.5254 1293.9141 977.7430 1.6874 0.6258 0.8089 2.2352 2.6795 11.7770 1.6244 0.5654
Pedestrian -1 -1 1.2939 1225.1646 715.6763 1353.5864 1011.7876 1.8150 0.6593 0.7717 2.1338 2.4338 9.8000 1.5498 0.4795
Pedestrian -1 -1 1.5438 1036.6794 781.4919 1055.0358 835.6141 1.7204 0.5993 0.5436 2.7963 6.9303 49.4688 1.6145 0.4461
Cyclist -1 -1 -1.5136 940.3479 753.6581 1007.4247 904.1182 1.8137 0.7959 1.8784 0.1945 3.6750 20.6506 -1.4919 0.4942
Car -1 -1 -1.2383 276.9905 747.4116 719.7302 1077.4801 1.4892 1.7500 3.5510 -2.7983 2.4457 9.8783 -1.5455 0.9674
Car -1 -1 -1.3346 610.1756 762.4708 829.1669 936.7526 1.5016 1.7498 3.5162 -2.7185 3.2874 17.5884 -1.4886 0.9642
Car -1 -1 -1.4159 714.4918 766.8187 864.6698 896.9572 1.5432 1.7846 4.0053 -2.6848 4.0378 24.2401 -1.5201 0.9612
Car -1 -1 2.1188 0.0000 761.4549 199.8794 869.0972 1.4923 1.7227 4.0596 -16.1577 4.2323 27.9624 1.5875 0.9319
Car -1 -1 -1.4305 815.8167 773.1560 905.8052 853.2351 1.5733 1.7647 3.7126 -2.5285 5.5744 38.4335 -1.4856 0.9304
Car -1 -1 -1.4918 848.5631 774.3176 917.5672 841.6227 1.5391 1.7266 3.9934 -2.3205 6.2618 45.2368 -1.5315 0.8748
