Pedestrian -1 -1 1.4341 1103.2441 750.5853 1163.4163 898.4136 1.8485 0.7044 0.7581 2.2620 3.5384 19.7267 1.5676 0.7051
Pedestrian -1 -1 1.3857 1192.4141 739.9432 1287.7837 973.5511 1.7403 0.6354 0.7870 2.2134 2.6899 11.9406 1.6011 0.5741
Pedestrian -1 -1 1.3037 1215.0385 710.2263 1333.0225 998.8594 1.8397 0.6302 0.7433 2.1052 2.4396 10.1348 1.5476 0.4034
Cyclist -1 -1 -1.4963 941.2453 757.2274 1008.5192 903.8506 1.7522 0.7664 1.8186 0.2062 3.6508 20.5140 -1.4740 0.5131
Car -1 -1 -1.2551 292.3669 746.3350 718.1010 1066.1896 1.4783 1.7429 3.5338 -2.8115 2.4379 10.0393 -1.5583 0.9648
Car -1 -1 -1.3281 612.1598 761.9731 829.6732 933.1765 1.4893 1.7397 3.5024 -2.7314 3.2832 17.7487 -1.4813 0.9646
Car -1 -1 -1.4140 715.0511 766.2225 863.1750 895.4664 1.5497 1.7661 3.9511 -2.7096 4.0432 24.3663 -1.5186 0.9619
Car -1 -1 2.1212 0.0000 762.4344 205.1007 869.3283 1.4784 1.7166 4.1280 -16.1576 4.2565 28.1238 1.5926 0.9435
Car -1 -1 -1.4148 815.1525 769.4785 907.8412 850.3476 1.6042 1.7862 3.7372 -2.5196 5.5231 38.5853 -1.4693 0.9360
Car -1 -1 -1.4799 847.3244 770.6351 919.8499 839.1656 1.5763 1.7842 4.0809 -2.3072 6.1982 45.3434 -1.5192 0.9115
