Pedestrian -1 -1 1.2269 1300.4407 725.3617 1444.3262 1046.5513 1.6882 0.6014 0.7305 2.3097 2.2818 8.4645 1.5488 0.7364
Pedestrian -1 -1 1.1710 1384.6083 673.7625 1593.4821 1128.0958 1.8235 0.6162 0.8852 2.2794 2.0521 6.5475 1.5916 0.7299
Pedestrian -1 -1 1.3467 1137.9834 745.6340 1217.3451 922.3900 1.7653 0.6916 0.7928 2.2935 3.0841 15.9191 1.5132 0.6481
Cyclist -1 -1 -1.5051 956.0551 757.9167 1028.9551 900.8389 1.7073 0.8602 1.8597 0.4525 3.6290 20.6356 -1.4701 0.5254
Cyclist -1 -1 1.1615 1385.1482 673.4926 1598.6730 1127.5391 1.8112 0.6151 0.9206 2.2837 2.0385 6.5294 1.5841 0.1364
Car -1 -1 -1.0956 0.0000 714.9354 671.7239 1174.4902 1.4736 1.7319 3.6756 -2.7500 2.0336 7.4172 -1.5144 0.9691
Car -1 -1 -1.2989 539.7542 752.5185 810.2869 963.0902 1.5320 1.7520 3.6122 -2.7208 2.9746 15.0286 -1.4839 0.9636
Car -1 -1 -1.3943 684.5831 761.7510 860.2993 906.5942 1.5035 1.7879 4.1702 -2.6202 3.6842 21.6942 -1.5102 0.9623
Car -1 -1 -1.5533 843.8846 768.0609 909.3266 838.7576 1.5256 1.7396 4.0149 -2.3631 5.7908 42.5234 -1.5977 0.8510
Car -1 -1 -1.4241 803.2559 763.9475 904.3208 850.5836 1.5885 1.8279 3.9671 -2.5285 5.1337 36.0724 -1.4839 0.8203
Car -1 -1 1.9789 0.0000 751.1104 98.6484 865.1342 1.3894 1.6793 4.0452 -16.1809 3.6879 25.0955 1.3944 0.7073
