Pedestrian -1 -1 1.1374 1350.7019 684.0350 1544.2760 1092.2188 1.7955 0.6278 0.8179 2.2910 2.0940 7.1247 1.5227 0.7067
Pedestrian -1 -1 1.3640 1133.3195 750.1163 1205.2126 918.8627 1.7721 0.6807 0.6472 2.2941 3.1861 16.5474 1.5244 0.6220
Pedestrian -1 -1 1.3129 1277.3020 732.8336 1406.3368 1036.6190 1.7009 0.6124 0.7510 2.2825 2.3810 9.0353 1.6099 0.5995
Pedestrian -1 -1 1.5015 1042.8193 779.1467 1062.6259 835.1811 1.6928 0.5920 0.5245 2.8660 6.5572 46.8962 1.5769 0.3739
Cyclist -1 -1 -1.5439 949.6478 756.2569 1019.1498 901.4713 1.7537 0.8903 1.9201 0.3437 3.6693 20.8236 -1.5147 0.5258
Cyclist -1 -1 1.1253 1351.4700 683.4219 1553.0850 1094.3191 1.7831 0.6274 0.8832 2.2957 2.0781 7.0789 1.5141 0.1040
Car -1 -1 -1.1390 41.7100 723.8279 681.0287 1158.7841 1.4779 1.7388 3.7511 -2.7582 2.1238 7.8566 -1.5323 0.9667
Car -1 -1 -1.3056 555.2936 756.0048 813.7236 958.7365 1.5212 1.7418 3.5596 -2.7145 3.0386 15.4602 -1.4842 0.9641
Car -1 -1 -1.3927 688.8607 764.4277 863.1902 908.6823 1.5232 1.8054 4.1672 -2.6154 3.7814 22.0643 -1.5060 0.9613
Car -1 -1 2.0812 0.0000 760.1956 122.7383 874.3203 1.3710 1.6349 4.3326 -16.1755 3.8727 25.4355 1.5039 0.8368
Car -1 -1 -1.4468 811.7206 767.4678 904.0360 850.7927 1.5803 1.7810 3.6154 -2.4767 5.2474 36.6015 -1.5040 0.8038
Car -1 -1 -1.5608 846.2916 769.1871 909.2057 838.9945 1.5386 1.7239 3.8895 -2.3651 5.8864 43.0885 -1.6044 0.5052
