Pedestrian -1 -1 1.3640 1120.3873 754.3399 1186.0853 911.5297 1.7764 0.6706 0.6249 2.2756 3.3439 17.7780 1.5123 0.7496
Pedestrian -1 -1 1.1960 1296.5419 702.5639 1457.1688 1055.0964 1.7921 0.6256 0.8138 2.2604 2.2404 8.2096 1.5222 0.6461
Pedestrian -1 -1 1.3453 1236.0359 736.8335 1349.3241 1006.8142 1.7333 0.6358 0.7347 2.2662 2.5318 10.2907 1.6023 0.5202
Pedestrian -1 -1 1.4663 1038.5530 781.1486 1059.2096 837.2052 1.7302 0.6143 0.5702 2.8157 6.7864 48.0968 1.5391 0.4152
Cyclist -1 -1 -1.5513 942.6953 757.6681 1009.9499 902.9702 1.7578 0.8754 1.9233 0.2311 3.6968 20.8608 -1.5279 0.5126
Car -1 -1 -1.3205 580.1732 761.0688 821.9352 953.7586 1.5301 1.7528 3.6271 -2.7159 3.1959 16.4136 -1.4870 0.9656
Car -1 -1 -1.4088 700.2445 766.1788 863.4942 906.6863 1.5597 1.8072 4.1242 -2.6428 3.9265 22.9448 -1.5181 0.9624
Car -1 -1 -1.1681 152.5612 740.8331 701.0826 1126.2427 1.4708 1.7383 3.6499 -2.7812 2.2895 8.6953 -1.5211 0.9615
Car -1 -1 -1.4064 807.3414 767.7051 906.5408 853.8234 1.6402 1.8096 3.8986 -2.5387 5.3930 37.2645 -1.4640 0.9299
Car -1 -1 2.1474 0.0000 764.3699 178.4719 879.2781 1.4750 1.7033 4.3236 -15.9981 4.1674 26.6843 1.5986 0.9126
Car -1 -1 -1.5159 845.0721 772.0925 913.6010 841.3984 1.5387 1.7423 4.1063 -2.3658 6.0761 44.0338 -1.5582 0.7977
Car -1 -1 2.0644 360.6048 763.4388 497.8455 835.7906 1.5169 1.8401 4.2402 -14.9112 5.6304 42.1636 1.7282 0.4705
