Pedestrian -1 -1 1.4141 1108.5491 752.8928 1170.2456 906.5996 1.8230 0.6696 0.7785 2.2302 3.4651 18.7902 1.5522 0.6873
Pedestrian -1 -1 1.3821 1208.8993 744.0404 1310.2238 985.8181 1.6943 0.6385 0.7616 2.2330 2.6230 11.2621 1.6128 0.5636
Pedestrian -1 -1 1.2934 1243.7295 710.3286 1379.1559 1020.8979 1.7798 0.6400 0.8175 2.1370 2.3291 9.2054 1.5674 0.4420
Cyclist -1 -1 -1.5403 941.2189 753.2526 1006.2767 904.7131 1.8327 0.8193 1.9510 0.1941 3.7015 20.7780 -1.5187 0.4603
Car -1 -1 -1.2130 232.5411 742.1111 712.7631 1092.6603 1.5037 1.7622 3.6004 -2.8093 2.3892 9.4676 -1.5366 0.9659
Car -1 -1 -1.3304 601.0826 760.4645 826.0486 942.4578 1.5295 1.7303 3.5705 -2.7163 3.2541 17.1747 -1.4886 0.9611
Car -1 -1 -1.4225 712.5244 769.2758 863.2241 901.4600 1.5282 1.7711 4.0053 -2.6585 4.0210 23.7814 -1.5279 0.9576
Car -1 -1 -1.4490 816.2051 773.1244 904.9725 854.6528 1.5907 1.7733 3.7095 -2.5073 5.5496 38.0317 -1.5042 0.9181
Car -1 -1 -1.4860 846.4429 773.9995 917.0693 842.8422 1.5663 1.7345 3.9358 -2.3318 6.2239 44.7104 -1.5266 0.8913
Car -1 -1 2.1771 0.0000 765.2858 190.7440 872.8373 1.4472 1.6970 3.9015 -16.0477 4.2035 27.3574 1.6386 0.8773
