Pedestrian -1 -1 1.4353 1096.7469 754.6968 1153.8213 896.0324 1.8348 0.6915 0.7941 2.2460 3.6530 20.5479 1.5629 0.6661
Pedestrian -1 -1 1.3908 1182.2843 744.4712 1270.0532 964.8952 1.7433 0.6256 0.7323 2.2221 2.7813 12.6069 1.5953 0.6045
Pedestrian -1 -1 1.3319 1198.4044 717.1351 1306.2050 990.0261 1.8593 0.6317 0.7155 2.0881 2.5474 10.7952 1.5584 0.4345
Cyclist -1 -1 -1.5106 940.4215 761.2741 1004.5689 904.3894 1.7220 0.7573 1.8299 0.1745 3.6987 20.7329 -1.4900 0.5212
Car -1 -1 -1.3458 628.1718 765.0828 832.9566 930.0114 1.4894 1.7349 3.4616 -2.7171 3.3775 18.3477 -1.4923 0.9663
Car -1 -1 -1.2835 331.7285 750.9279 723.4955 1052.8669 1.4922 1.7577 3.5909 -2.8633 2.5440 10.6850 -1.5708 0.9629
Car -1 -1 -1.4123 720.2853 768.1704 867.1171 894.8851 1.5457 1.7843 4.0410 -2.7033 4.1377 24.9871 -1.5135 0.9625
Car -1 -1 2.0840 9.3010 765.0244 214.4698 866.0980 1.4214 1.6736 3.9909 -16.0951 4.2868 28.5794 1.5644 0.9423
Car -1 -1 -1.4311 818.7425 769.7131 909.4116 849.0574 1.5877 1.8108 3.8402 -2.4912 5.5751 39.1850 -1.4839 0.9366
Car -1 -1 -1.4852 849.0803 772.2686 918.3166 839.0644 1.5646 1.7434 3.8940 -2.3304 6.2711 45.7745 -1.5245 0.8508
Car -1 -1 -1.4061 764.0613 776.1273 870.2612 865.6551 1.5099 1.7643 3.3278 -3.1034 5.0007 32.7903 -1.4915 0.3881
