Pedestrian -1 -1 1.3887 1145.4720 744.2269 1224.5356 925.6315 1.7566 0.6875 0.8086 2.2971 3.0200 15.4253 1.5608 0.7183
Pedestrian -1 -1 1.0630 1413.8191 653.9412 1663.9729 1151.4657 1.8280 0.6175 0.9346 2.2918 1.9545 6.0316 1.5256 0.6219
Pedestrian -1 -1 1.2236 1325.6565 724.9247 1481.3363 1066.5251 1.6836 0.6158 0.7116 2.3279 2.2381 7.9348 1.5712 0.6105
Pedestrian -1 -1 1.4466 1043.3788 778.3379 1065.1685 834.2019 1.6362 0.6083 0.5405 2.8369 6.3491 45.6482 1.5231 0.4225
Cyclist -1 -1 -1.5079 956.4037 752.9758 1030.8779 898.3876 1.7176 0.8719 1.8864 0.4633 3.5468 20.3756 -1.4721 0.5218
Cyclist -1 -1 1.0513 1409.2517 657.6182 1663.3171 1152.4104 1.8199 0.6179 0.9656 2.2934 1.9636 6.0671 1.5112 0.1347
Cyclist -1 -1 1.3873 1145.8744 744.7988 1225.3823 926.4174 1.7482 0.6821 0.8545 2.2984 3.0172 15.3953 1.5598 0.1039
Car -1 -1 -1.0637 0.0000 714.7005 656.0316 1216.0000 1.4647 1.7416 3.6867 -2.7514 1.9943 6.9302 -1.5157 0.9714
Car -1 -1 -1.2716 517.7719 747.8528 807.3967 968.3085 1.5422 1.7425 3.6603 -2.7300 2.8921 14.5061 -1.4650 0.9699
Car -1 -1 -1.3829 676.9545 758.3952 858.5829 906.7907 1.5149 1.7795 4.0980 -2.6174 3.5916 21.1591 -1.5021 0.9633
Car -1 -1 -1.4298 805.1066 761.8526 905.9102 849.4483 1.5964 1.8198 3.9036 -2.4541 5.0409 35.5911 -1.4885 0.8519
Car -1 -1 -1.5446 843.8207 767.3653 910.2454 838.3783 1.5180 1.7148 4.0184 -2.3273 5.7229 42.1137 -1.5887 0.7485
Car -1 -1 2.0832 0.0000 749.2468 88.4796 854.8384 1.4182 1.7283 4.4621 -18.2352 3.9182 27.7743 1.4929 0.4476
Car -1 -1 -1.3951 737.3011 758.2970 864.3790 864.8502 1.6143 1.8315 3.6473 -3.0669 4.3947 29.2792 -1.4919 0.3735
