Pedestrian -1 -1 1.3708 1127.2727 750.3528 1195.3414 913.5642 1.7827 0.6763 0.6074 2.2866 3.2476 17.1434 1.5252 0.7637
Pedestrian -1 -1 1.2661 1261.8757 728.9028 1393.7681 1022.4504 1.7294 0.6309 0.7925 2.3109 2.4180 9.4982 1.5509 0.6583
Pedestrian -1 -1 1.1812 1327.4072 689.1420 1500.7788 1069.9512 1.8033 0.6252 0.7912 2.2862 2.1483 7.6241 1.5384 0.6010
Cyclist -1 -1 -1.5248 946.1646 758.5538 1018.2861 905.7423 1.7558 0.8816 1.9018 0.3107 3.6847 20.6015 -1.4971 0.5364
Car -1 -1 -1.1430 99.3817 735.5582 688.8685 1137.2250 1.4350 1.7115 3.6332 -2.7712 2.1813 8.2265 -1.5179 0.9659
Car -1 -1 -1.3200 566.5015 759.8547 818.6597 960.7635 1.5320 1.7575 3.6794 -2.7013 3.1353 15.8629 -1.4923 0.9659
Car -1 -1 -1.4037 693.8271 764.8990 864.7539 908.9935 1.5678 1.8531 4.1227 -2.6211 3.8701 22.4819 -1.5147 0.9645
Car -1 -1 -1.4405 808.6155 769.0315 902.9442 854.3904 1.6172 1.8025 3.7502 -2.5392 5.3508 36.8027 -1.4991 0.9088
Car -1 -1 -1.5231 844.6333 772.6672 913.8275 843.7259 1.5578 1.7638 4.1454 -2.3387 6.0617 43.5029 -1.5654 0.8464
Car -1 -1 2.1258 0.0000 761.5287 150.4555 876.3105 1.4401 1.6332 4.2123 -15.9901 3.9998 25.9044 1.5628 0.7394
