Pedestrian -1 -1 1.3175 1227.3843 735.1458 1339.2152 993.9543 1.7322 0.6368 0.7485 2.2912 2.5491 10.7050 1.5666 0.7207
Pedestrian -1 -1 1.3904 1115.9622 754.2228 1180.5275 907.8204 1.7664 0.6757 0.6976 2.2640 3.3687 18.1666 1.5350 0.6432
Pedestrian -1 -1 1.2234 1284.4446 700.5217 1436.2087 1038.7588 1.8100 0.6455 0.7656 2.2686 2.2634 8.5724 1.5359 0.5304
Cyclist -1 -1 -1.5378 941.3559 754.5874 1009.2538 903.2319 1.7946 0.8544 1.9436 0.2165 3.6832 20.7835 -1.5150 0.4964
Car -1 -1 -1.1865 191.8797 740.0439 704.2128 1106.9817 1.4853 1.7377 3.5636 -2.7946 2.3192 9.0126 -1.5271 0.9644
Car -1 -1 -1.3333 590.2418 759.3654 825.6771 949.6328 1.5358 1.7524 3.6417 -2.6764 3.1989 16.6133 -1.4951 0.9616
Car -1 -1 -1.4174 706.5091 764.2259 864.9471 902.2919 1.5687 1.8084 4.1033 -2.6293 3.9349 23.3048 -1.5241 0.9613
Car -1 -1 -1.4056 810.2006 769.0952 907.7001 853.2836 1.6081 1.7841 3.8989 -2.5106 5.4270 37.5705 -1.4618 0.9275
Car -1 -1 2.1262 0.0000 762.5001 174.3827 874.2729 1.4746 1.6628 4.1568 -16.1172 4.1460 26.9476 1.5786 0.9140
Car -1 -1 -1.5126 845.6763 774.1716 913.7370 842.7452 1.5416 1.7373 3.9507 -2.3699 6.1591 44.2698 -1.5547 0.8820
