Pedestrian -1 -1 1.3538 1209.9788 725.0753 1319.3121 977.0751 1.7596 0.6867 0.6310 2.2238 2.5194 11.0199 1.5890 0.6750
Pedestrian -1 -1 0.9378 1625.0735 612.8050 1936.0000 1216.0000 1.7420 0.6512 0.6933 2.2029 1.7133 3.9247 1.6548 0.6486
Pedestrian -1 -1 1.4330 1037.5272 778.8685 1062.6681 842.5784 1.7010 0.6342 0.5750 2.4757 6.0280 41.7196 1.5068 0.4920
Cyclist -1 -1 -1.4914 961.1268 764.3221 1036.4199 909.8003 1.7236 0.8640 1.8793 0.5385 3.7349 20.5887 -1.4519 0.5642
Car -1 -1 -1.2852 373.4648 746.7289 749.1053 1047.5231 1.5865 1.7710 3.6805 -2.7815 2.6549 11.2539 -1.5483 0.9662
Car -1 -1 -1.3505 606.8672 761.1382 834.5742 942.8436 1.5423 1.8223 4.0314 -2.7272 3.3598 17.8765 -1.5020 0.9655
Car -1 -1 -0.6256 0.0000 637.0345 477.4547 1216.0000 1.6004 1.8681 4.3504 -2.7677 1.6459 3.4141 -1.5572 0.9253
Car -1 -1 -1.4412 780.0841 765.3495 892.1750 866.7800 1.6612 1.8626 3.9330 -2.6142 4.8650 32.0953 -1.5132 0.9145
Car -1 -1 -1.4231 815.4825 771.2773 905.3487 850.3428 1.5531 1.7345 3.8243 -2.5556 5.5359 38.7056 -1.4784 0.7286
Car -1 -1 -1.4762 831.8929 775.7865 903.0894 840.8168 1.4719 1.7236 3.4845 -2.7112 6.0787 43.8797 -1.5267 0.4255
