Pedestrian -1 -1 0.9191 1564.2056 592.2325 1903.7750 1216.0000 1.8823 0.6472 0.7687 2.3552 1.7895 4.6409 1.5485 0.7509
Pedestrian -1 -1 1.4031 1169.1263 734.5895 1251.2762 932.9046 1.7430 0.6653 0.6517 2.2957 2.7832 13.8469 1.5947 0.7268
Pedestrian -1 -1 1.0594 1394.4846 684.3281 1600.8329 1115.0767 1.7458 0.6131 0.7032 2.3235 2.0206 6.5405 1.4877 0.7262
Pedestrian -1 -1 1.4089 1045.3051 773.8669 1067.4570 831.1476 1.6305 0.5842 0.5301 2.8193 6.0780 44.3586 1.4869 0.3726
Cyclist -1 -1 -1.4806 960.1089 749.1901 1034.7278 893.1621 1.7379 0.8417 1.9205 0.5251 3.5499 20.7957 -1.4422 0.5108
Car -1 -1 -1.3102 481.8447 745.0871 786.0867 990.0697 1.5610 1.7342 3.7281 -2.7255 2.7828 13.2992 -1.5235 0.9690
Car -1 -1 -0.9839 0.0000 698.3746 590.2530 1216.0000 1.5124 1.7596 3.7017 -2.8067 1.8872 5.7574 -1.5465 0.9629
Car -1 -1 -1.3669 651.8914 756.1057 851.5065 914.3726 1.5119 1.8052 4.0874 -2.6543 3.4407 19.8798 -1.4972 0.9600
Car -1 -1 -1.4683 797.3689 757.0639 898.1125 848.6658 1.6134 1.8571 4.0005 -2.5337 4.8198 34.2454 -1.5325 0.8881
Car -1 -1 -1.5605 841.0699 767.4136 905.3792 838.7817 1.4766 1.6650 3.8863 -2.3592 5.5520 40.7913 -1.6073 0.7811
