Pedestrian -1 -1 1.4125 1162.8506 733.6247 1243.8660 925.5795 1.7447 0.6841 0.6628 2.3088 2.8105 14.3192 1.5987 0.7276
Pedestrian -1 -1 1.0669 1371.4835 693.6154 1568.2152 1100.0176 1.7458 0.6151 0.7391 2.3439 2.0838 6.9575 1.4703 0.6499
Pedestrian -1 -1 0.9787 1488.8586 621.6230 1783.8420 1213.3561 1.8881 0.6348 0.8130 2.3050 1.8776 5.1918 1.5265 0.5122
Pedestrian -1 -1 1.3930 1045.4204 775.9140 1067.8348 833.3859 1.6457 0.5881 0.5430 2.8480 6.1893 44.6943 1.4711 0.4331
Cyclist -1 -1 -1.5072 964.4136 749.1740 1030.9932 896.0400 1.7664 0.7733 1.8913 0.5225 3.5619 20.6255 -1.4686 0.4353
Car -1 -1 -1.2899 491.9833 749.3550 792.0810 985.2295 1.5465 1.7324 3.6497 -2.7431 2.8414 13.6756 -1.4977 0.9701
Car -1 -1 -0.9864 0.0000 707.2494 626.4332 1216.0000 1.4772 1.7554 3.7181 -2.7731 1.9205 6.1390 -1.5062 0.9626
Car -1 -1 -1.3591 662.7914 756.4370 857.9637 911.0684 1.5162 1.7853 4.0433 -2.6026 3.4871 20.3144 -1.4835 0.9551
Car -1 -1 -1.5545 844.0142 767.1286 908.5564 838.1237 1.4874 1.6665 3.9076 -2.3003 5.5965 41.2279 -1.5992 0.8818
Car -1 -1 -1.4428 796.7480 758.6086 900.0757 849.7127 1.6198 1.8505 3.9572 -2.5446 4.8948 34.5940 -1.5064 0.7418
