Pedestrian -1 -1 1.4156 1177.5686 727.7114 1264.3103 939.3403 1.7758 0.6768 0.6736 2.2891 2.7104 13.2418 1.6156 0.7659
Pedestrian -1 -1 1.0143 1427.2279 668.0668 1675.7664 1162.4897 1.7977 0.6239 0.8116 2.3140 1.9817 5.9429 1.4882 0.6838
Pedestrian -1 -1 0.8842 1653.7357 564.9235 1936.0000 1216.0000 1.8817 0.6513 0.7792 2.3310 1.7388 3.9684 1.6209 0.6053
Pedestrian -1 -1 1.3971 1045.3608 768.2543 1068.1216 826.8848 1.6457 0.5846 0.5516 2.7915 5.8693 43.7573 1.4753 0.4330
Cyclist -1 -1 -1.4893 961.3818 746.9562 1036.5819 889.4132 1.7340 0.8727 1.9156 0.5502 3.5239 20.9259 -1.4498 0.5248
Car -1 -1 -1.2937 465.9623 741.8582 781.5421 988.6863 1.5235 1.7135 3.6534 -2.7188 2.6770 12.8766 -1.5147 0.9703
Car -1 -1 -0.9446 0.0000 685.9981 561.1414 1216.0000 1.5143 1.7649 3.7953 -2.7905 1.8050 5.2125 -1.5674 0.9653
Car -1 -1 -1.3759 650.7418 753.4345 848.0513 914.1852 1.5298 1.7868 3.9496 -2.6363 3.3800 19.4997 -1.5083 0.9589
Car -1 -1 -1.5767 842.6257 768.3047 906.9490 839.9762 1.4821 1.6553 3.7069 -2.3256 5.5379 40.4000 -1.6233 0.8036
Car -1 -1 -1.4820 796.2490 756.7950 895.3000 850.3350 1.6414 1.8487 3.8821 -2.5420 4.7899 33.7361 -1.5477 0.7522
