Pedestrian -1 -1 1.3758 1184.2427 727.3329 1279.4550 953.8474 1.7987 0.6719 0.7779 2.2716 2.6904 12.6243 1.5842 0.7749
Pedestrian -1 -1 1.4383 1038.8369 774.4789 1063.1803 835.5852 1.6924 0.6363 0.6122 2.5976 6.0588 43.3291 1.5126 0.4910
Pedestrian -1 -1 0.9856 1462.7213 676.9828 1732.3857 1196.7006 1.7297 0.6219 0.7772 2.2938 1.9345 5.4687 1.5008 0.4447
Pedestrian -1 -1 0.7545 1725.9550 599.8559 1936.0000 1216.0000 1.7734 0.6394 0.7388 2.3514 1.7192 3.6041 1.5713 0.4370
Cyclist -1 -1 -1.5049 960.6765 751.4611 1035.2396 895.1882 1.7398 0.8890 1.9257 0.5348 3.5915 20.8749 -1.4660 0.5476
Car -1 -1 -1.2878 451.2543 741.7670 775.9905 997.5039 1.5380 1.7103 3.6103 -2.7229 2.6619 12.5330 -1.5161 0.9646
Car -1 -1 -1.3513 637.8816 751.5401 845.4235 916.1508 1.5377 1.7867 3.9099 -2.6750 3.3264 19.1012 -1.4890 0.9641
Car -1 -1 -0.8735 0.0000 673.6529 549.6072 1216.0000 1.5206 1.7798 4.0928 -2.7930 1.7433 4.7732 -1.5564 0.9632
Car -1 -1 -1.5050 793.5884 757.0617 893.4922 854.6620 1.6801 1.9086 4.0662 -2.5526 4.8018 33.2873 -1.5721 0.8055
Car -1 -1 -1.5089 834.2364 767.1846 908.8122 840.0209 1.4880 1.7128 3.8203 -2.3522 5.4751 39.9826 -1.5568 0.7959
