Pedestrian -1 -1 1.1557 1345.5157 710.6899 1514.9187 1076.0452 1.7097 0.6060 0.7198 2.3469 2.1641 7.5468 1.5254 0.7610
Pedestrian -1 -1 1.4043 1153.6064 741.3660 1232.6609 927.3358 1.7535 0.6833 0.7327 2.3057 2.9455 14.9348 1.5826 0.7225
Pedestrian -1 -1 1.0974 1453.7101 650.2692 1708.8423 1185.2220 1.8533 0.6155 0.8903 2.3148 1.9573 5.6766 1.5958 0.6727
Pedestrian -1 -1 1.3850 1044.4015 775.9615 1067.4270 832.7432 1.6447 0.6088 0.5636 2.8646 6.2517 45.2943 1.4626 0.4874
Cyclist -1 -1 -1.4983 960.6384 751.7994 1032.6680 898.4788 1.7492 0.8274 1.8994 0.5075 3.5758 20.5355 -1.4604 0.5005
Cyclist -1 -1 1.0868 1450.5127 651.2851 1713.3702 1186.0736 1.8457 0.6173 0.9436 2.3173 1.9544 5.6843 1.5849 0.1294
Car -1 -1 -1.0663 0.0000 711.7209 636.0079 1216.0000 1.4582 1.7502 3.6586 -2.7605 1.9507 6.6288 -1.5425 0.9668
Car -1 -1 -1.2687 506.7380 748.7114 804.3097 976.4540 1.5531 1.7449 3.6647 -2.7292 2.8865 14.1916 -1.4669 0.9654
Car -1 -1 -1.3747 673.0135 759.3757 857.6680 908.5858 1.4966 1.7646 4.0109 -2.6044 3.5518 20.7894 -1.4958 0.9615
Car -1 -1 -1.5534 842.8749 766.7602 908.9767 838.3234 1.5290 1.7291 3.9136 -2.3407 5.6804 41.7816 -1.5983 0.8427
Car -1 -1 -1.4649 804.1802 761.4307 900.9877 851.1725 1.6356 1.8338 3.8918 -2.5026 5.0380 35.2817 -1.5257 0.7405
Car -1 -1 2.1288 0.0000 760.7414 42.6514 864.6661 1.3972 1.7218 4.3864 -19.4310 4.1612 28.1901 1.5166 0.3444
