Pedestrian -1 -1 1.3656 1196.2430 727.3536 1293.5750 956.2515 1.7540 0.6694 0.6584 2.2826 2.6053 12.0921 1.5844 0.7087
Pedestrian -1 -1 0.9948 1510.1726 664.4178 1799.6400 1216.0000 1.7258 0.6141 0.7484 2.2776 1.8676 4.9881 1.5615 0.5475
Pedestrian -1 -1 1.4598 1039.5212 778.4128 1063.2051 839.1289 1.6608 0.6216 0.5985 2.5753 6.0849 42.7866 1.5344 0.4730
Pedestrian -1 -1 0.6719 1669.5844 657.2300 1936.0000 1216.0000 1.6436 0.6004 0.6230 2.0751 1.7246 3.4052 1.4714 0.3909
Cyclist -1 -1 -1.5241 961.1887 756.2607 1034.5310 900.6688 1.7293 0.8998 1.8866 0.5277 3.6307 20.6670 -1.4853 0.5541
Car -1 -1 -1.3648 630.5186 758.9263 839.0285 924.6766 1.4956 1.7955 3.9156 -2.7087 3.3569 18.7572 -1.5072 0.9677
Car -1 -1 -1.3068 428.9684 745.6895 767.9505 1016.9714 1.5487 1.7528 3.7367 -2.7294 2.6797 12.1119 -1.5445 0.9671
Car -1 -1 -0.8086 0.0000 670.1152 529.7416 1216.0000 1.5274 1.7905 4.1558 -2.7696 1.7215 4.3299 -1.5568 0.9615
Car -1 -1 -1.4554 790.0553 763.0452 896.7488 859.0887 1.6202 1.8655 3.9603 -2.5376 4.8621 33.0705 -1.5225 0.9400
Car -1 -1 -1.5109 833.4498 764.7861 908.6389 840.4655 1.5479 1.7178 3.8226 -2.3421 5.4328 39.6104 -1.5592 0.6276
Car -1 -1 2.1645 0.0000 744.1717 164.7614 843.5401 1.4784 1.7552 4.2888 -17.8914 4.0183 29.6651 1.6146 0.4522
