Pedestrian -1 -1 1.3245 1201.9269 726.0485 1305.6835 966.2018 1.7699 0.6601 0.7116 2.2744 2.5851 11.6891 1.5504 0.7844
Pedestrian -1 -1 1.4795 1039.3420 782.1721 1062.2419 843.0859 1.6533 0.6061 0.5613 2.5331 6.1375 42.3517 1.5537 0.4949
Pedestrian -1 -1 0.9363 1551.3008 644.5979 1883.0317 1216.0000 1.7257 0.6506 0.6565 2.2069 1.7885 4.4377 1.5647 0.4519
Cyclist -1 -1 -1.5439 962.5392 760.8175 1032.3035 904.8101 1.7220 0.8877 1.8880 0.5214 3.6906 20.6886 -1.5054 0.5441
Car -1 -1 -1.3536 617.6802 760.1562 835.7497 934.8188 1.5383 1.8118 3.8744 -2.7272 3.3701 18.2568 -1.5015 0.9616
Car -1 -1 -1.2956 407.8659 748.1017 760.3705 1032.9058 1.5654 1.7422 3.6615 -2.7321 2.6801 11.6773 -1.5435 0.9616
Car -1 -1 -0.7095 0.0000 653.8909 497.2176 1216.0000 1.5819 1.8027 4.0600 -2.7799 1.6968 3.8723 -1.5436 0.9412
Car -1 -1 -1.4074 782.3255 765.7200 898.7756 866.4391 1.6595 1.8568 3.9906 -2.5507 4.9165 32.5136 -1.4762 0.9377
Car -1 -1 -1.4504 820.7971 773.2111 907.5364 849.5554 1.5016 1.7695 3.8643 -2.4863 5.5789 39.1242 -1.5031 0.9117
Car -1 -1 -1.4775 835.5964 777.6954 907.7919 841.8536 1.4630 1.7833 3.5584 -2.6283 6.2035 44.5783 -1.5251 0.7751
