Pedestrian -1 -1 1.3301 1136.5892 728.3478 1233.6870 950.6087 1.7114 0.6508 0.7045 1.8208 2.5836 12.2349 1.5053 0.5379
Pedestrian -1 -1 1.5799 936.2700 797.0956 962.7083 863.8567 1.6105 0.6568 0.5643 -0.2957 6.0009 37.8416 1.5847 0.4816
Pedestrian -1 -1 1.7880 885.3346 799.3771 907.0228 851.3517 1.6805 0.6292 0.5465 -2.2129 7.6544 50.8750 1.7569 0.4595
Pedestrian -1 -1 1.7104 863.4796 801.3397 883.1584 851.8920 1.6410 0.5954 0.5261 -2.9895 7.6754 50.8559 1.6638 0.3139
Cyclist -1 -1 -1.5703 884.3859 749.1991 960.3491 930.4378 1.7487 0.7995 1.8952 -0.4246 3.2153 16.6911 -1.5868 0.5429
Car -1 -1 -1.3341 467.8200 759.2438 752.1617 981.8840 1.4816 1.7677 3.9499 -3.1781 2.9467 14.3260 -1.5627 0.9685
Car -1 -1 -1.0867 0.0000 691.5406 621.1254 1176.7432 1.6392 1.7738 3.9075 -3.1038 2.0649 7.5741 -1.5421 0.9679
Car -1 -1 1.9787 0.0000 749.1429 207.2350 866.9608 1.5215 1.8093 4.2267 -14.9540 3.8795 26.1740 1.4503 0.3540
Car -1 -1 2.0704 339.7447 766.6993 466.5155 830.7659 1.4909 1.8856 4.3256 -17.5195 6.1796 47.1681 1.7196 0.3114
Car -1 -1 1.9795 210.8097 759.3739 347.3025 833.7474 1.5018 1.8090 4.1013 -18.0302 5.2602 39.7302 1.5545 0.2715
