Pedestrian -1 -1 -1.2718 490.8578 786.9056 520.0319 856.8641 1.7052 0.5713 0.5489 -11.5827 5.8528 38.0089 -1.5631 0.1561
Pedestrian -1 -1 -1.2204 497.4749 787.3441 526.9572 856.9110 1.7205 0.5798 0.5323 -11.5871 5.9439 38.5960 -1.5073 0.1270
Pedestrian -1 -1 -1.2471 543.4500 791.1484 571.4908 855.7781 1.6882 0.5920 0.5560 -11.0381 6.2668 40.8881 -1.5047 0.1209
Pedestrian -1 -1 -1.1189 505.6471 790.0878 535.4293 855.9902 1.7004 0.5869 0.5616 -11.9482 6.2156 40.5493 -1.3999 0.1196
Pedestrian -1 -1 -1.0878 527.9999 790.3915 557.9172 855.0210 1.7032 0.6039 0.5673 -11.6074 6.3341 41.5040 -1.3545 0.1143
Cyclist -1 -1 -1.2078 510.1042 768.5460 594.5162 875.6411 1.7957 0.8953 2.0878 -7.9197 4.6914 29.0628 -1.4722 0.2582
Cyclist -1 -1 1.4040 1427.5286 776.7003 1490.0785 893.3348 1.6506 0.7234 1.9237 8.2322 4.2715 24.8077 1.7521 0.1483
Car -1 -1 -1.1789 125.5173 748.3240 623.1769 1069.1724 1.4421 1.8248 3.9617 -3.6907 2.4514 10.2403 -1.5621 0.9679
Car -1 -1 3.2434 614.9626 800.9035 743.8005 858.0550 1.4976 1.8053 3.7705 -8.7462 7.1091 46.6375 3.0671 0.1564
Car -1 -1 0.6440 0.0000 768.1582 54.4576 846.2945 1.7089 1.9280 4.4761 -25.6423 5.4190 37.6665 0.0446 0.1490
