Pedestrian -1 -1 1.4380 1661.8871 812.1895 1702.3282 889.4101 1.6724 0.7765 0.8828 17.1436 6.1971 35.5819 1.9123 0.3590
Cyclist -1 -1 2.1274 717.3244 782.0103 875.2923 980.6426 1.7022 0.7403 1.8605 -1.6623 3.4243 15.3936 2.0216 0.4910
Cyclist -1 -1 -0.9937 638.5392 789.4211 744.3441 923.4278 1.6769 0.6105 1.8763 -3.9630 4.2174 22.1096 -1.1689 0.4703
Cyclist -1 -1 -1.7900 1556.9241 805.5513 1593.4839 869.5917 1.8308 0.7462 1.9840 20.3870 7.9599 49.6917 -1.3803 0.3598
Cyclist -1 -1 1.4507 1657.0647 815.1311 1697.8677 892.0239 1.6578 0.7913 0.9760 17.1262 6.2846 35.7778 1.9223 0.1455
Car -1 -1 1.8291 950.2088 805.3135 1094.2671 916.0056 1.4559 1.7380 4.2848 1.2874 5.2924 29.4942 1.8873 0.9582
Car -1 -1 1.9199 822.7847 791.9005 1020.1546 931.8961 1.5197 1.7483 4.3612 -0.5270 4.4821 24.1806 1.9093 0.9566
Car -1 -1 1.9915 668.4729 794.5788 919.8442 963.2850 1.4802 1.7444 4.1295 -2.0768 3.9860 19.8505 1.8925 0.9392
Car -1 -1 2.5860 0.0000 747.2311 318.7028 1194.3950 1.5238 1.8148 4.4287 -6.1369 2.4387 8.7937 1.9086 0.8881
Car -1 -1 -1.5381 1370.9132 806.5804 1448.4886 884.2733 1.5444 1.9021 4.1897 12.8602 7.0161 42.7450 -1.2258 0.2930
