Pedestrian -1 -1 1.6686 367.2553 769.1045 403.7930 857.0695 1.7515 0.6547 0.7143 -12.1698 4.8426 31.6238 1.3007 0.6219
Pedestrian -1 -1 1.5333 328.1546 766.9058 363.6749 856.0468 1.7274 0.6515 0.7569 -12.7535 4.7156 30.9882 1.1412 0.5530
Pedestrian -1 -1 1.5936 1150.4966 780.4911 1173.0581 836.2223 1.5949 0.6512 0.5583 6.0318 6.3088 44.9758 1.7432 0.5032
Pedestrian -1 -1 -1.4330 547.5936 781.2047 569.0898 833.2726 1.6903 0.6295 0.5642 -13.6767 7.0299 50.7691 -1.6884 0.3730
Pedestrian -1 -1 1.4581 977.9946 779.4111 1000.4857 833.8978 1.6953 0.6711 0.7033 0.9148 6.8020 49.0480 1.4901 0.2819
Pedestrian -1 -1 1.2899 276.6161 763.4889 330.1153 855.0814 1.7065 0.6985 1.1833 -13.4624 4.6044 30.5917 0.8727 0.1889
Cyclist -1 -1 -1.8379 1162.6228 757.5483 1226.0834 855.4793 1.7547 0.8246 1.9536 4.7410 4.5539 30.5461 -1.6653 0.4667
Cyclist -1 -1 2.6647 255.1150 764.5038 342.1707 857.8974 1.7010 0.7606 1.4288 -13.4657 4.6143 30.4114 2.2451 0.1990
Car -1 -1 -1.7918 817.5292 767.6408 914.8122 848.3962 1.8305 2.0085 4.6703 -2.9467 6.3975 45.3264 -1.8454 0.4113
Car -1 -1 -1.5095 853.7930 761.9846 951.5853 856.2324 1.5884 1.8781 4.0721 -1.2385 4.8294 33.2874 -1.5357 0.4052
