Pedestrian -1 -1 1.6447 307.4329 768.2276 346.8415 860.2539 1.7383 0.6802 0.7288 -12.7663 4.6688 30.1206 1.2415 0.5008
Pedestrian -1 -1 -1.3593 542.2032 778.1661 567.1686 835.5225 1.8407 0.6827 0.6514 -13.6338 7.0162 50.1570 -1.6171 0.4961
Pedestrian -1 -1 1.4989 978.9332 779.4181 999.7085 835.4636 1.7254 0.6334 0.6209 0.9009 6.7331 48.1415 1.5310 0.4772
Pedestrian -1 -1 1.7283 349.4780 768.7559 389.5707 857.1738 1.7322 0.6790 0.6494 -12.2463 4.7483 30.9621 1.3504 0.4413
Pedestrian -1 -1 1.8546 258.2913 765.7797 310.8301 858.3627 1.7170 0.7348 0.8851 -13.4394 4.5630 29.7188 1.4266 0.4128
Pedestrian -1 -1 1.6816 1153.6880 776.3862 1178.2416 833.8433 1.6103 0.6535 0.5439 6.0366 6.1120 44.0925 1.8340 0.3835
Cyclist -1 -1 -1.7915 1170.2909 756.6941 1232.3772 853.3794 1.7185 0.8643 1.9687 4.8463 4.4785 30.3148 -1.6142 0.4875
Cyclist -1 -1 2.1486 246.8882 760.5260 318.4254 854.2557 1.7138 0.8252 1.1070 -13.4720 4.4639 29.7139 1.7194 0.1276
Car -1 -1 -1.5187 852.0735 759.7266 949.6699 855.1263 1.5823 1.8696 4.0510 -1.2530 4.7098 32.6407 -1.5462 0.6184
Car -1 -1 -1.8214 823.0430 768.5135 925.2345 848.3504 1.7644 1.9822 4.7556 -2.6802 6.3167 44.8391 -1.8697 0.2711
