Pedestrian -1 -1 1.5748 293.1566 769.0636 331.2408 863.7783 1.7504 0.6809 0.6903 -12.7864 4.6345 29.4649 1.1625 0.5241
Pedestrian -1 -1 1.6442 334.1561 771.4133 372.7124 863.8584 1.7511 0.6724 0.6695 -12.2238 4.7403 30.0877 1.2565 0.4710
Pedestrian -1 -1 -1.2589 522.6747 781.5596 551.2750 838.3605 1.7931 0.7369 0.6724 -14.0413 7.0155 49.5005 -1.5280 0.4506
Pedestrian -1 -1 1.5954 1156.9387 777.8484 1179.7156 838.6597 1.6860 0.6332 0.5490 6.0149 6.1615 43.4313 1.7495 0.3817
Pedestrian -1 -1 1.7087 526.3887 787.3303 549.2371 841.3058 1.7806 0.6723 0.6856 -14.7289 7.4732 52.0260 1.4408 0.2855
Cyclist -1 -1 -1.8025 1166.5055 759.2005 1229.2937 858.1566 1.7359 0.8466 1.9571 4.7192 4.5157 29.9516 -1.6274 0.4662
Cyclist -1 -1 1.5111 976.1459 776.2687 1002.6841 839.6478 1.7630 0.7495 1.9834 0.8830 6.6608 47.3855 1.5432 0.3835
Cyclist -1 -1 2.8294 190.5885 762.2983 311.8957 867.1974 1.7800 0.9683 1.9224 -13.7765 4.5415 29.0426 2.3823 0.2113
Car -1 -1 -1.5058 841.7570 759.9335 943.1689 857.9813 1.6123 1.8765 3.9907 -1.4145 4.7017 32.1903 -1.5391 0.6052
Car -1 -1 0.6918 79.7406 769.3912 315.8652 861.7083 1.4932 1.7216 3.9370 -14.9775 4.4561 29.4025 0.2158 0.2464
