Pedestrian -1 -1 -1.4184 512.9031 787.0643 538.7732 846.5829 1.8115 0.6972 0.6832 -13.9671 7.0560 47.9805 -1.6945 0.6142
Pedestrian -1 -1 1.6554 230.1205 772.9286 280.1999 879.6663 1.8016 0.7615 0.7918 -12.8097 4.5389 27.1475 1.2094 0.5807
Pedestrian -1 -1 1.7343 281.8777 775.1444 330.7001 876.4719 1.7686 0.7315 0.6805 -12.1567 4.6011 27.7720 1.3178 0.5427
Pedestrian -1 -1 1.5992 1155.1722 786.5279 1179.4832 852.9099 1.7434 0.6395 0.6170 5.7060 6.2567 41.3971 1.7528 0.4314
Pedestrian -1 -1 -1.3581 490.4162 790.8658 515.8016 847.4413 1.7263 0.6622 0.5988 -14.6595 7.0737 47.8583 -1.6485 0.4259
Pedestrian -1 -1 1.6767 492.7851 799.9387 513.9830 847.4239 1.4936 0.6157 0.5615 -15.2519 7.3640 49.8207 1.3869 0.2690
Cyclist -1 -1 3.2270 124.4317 770.5238 253.3826 881.9382 1.7719 0.8152 1.9732 -13.6648 4.4283 26.5212 2.7445 0.4767
Cyclist -1 -1 -1.7497 1172.5490 763.1498 1228.2738 867.0667 1.7645 0.7658 1.9324 4.6087 4.5287 28.9331 -1.5726 0.4574
Cyclist -1 -1 1.6417 975.1118 779.4825 1006.9882 848.8841 1.8170 0.7885 2.0062 0.9026 6.5574 44.8192 1.6753 0.3563
Car -1 -1 -1.6854 786.0601 781.8560 864.9129 856.2658 1.6469 1.9314 4.4224 -4.1744 6.6592 45.3988 -1.7663 0.4192
