Pedestrian -1 -1 1.7443 0.0000 764.4011 51.9029 900.7430 1.7158 0.7124 0.8563 -12.9160 3.6730 20.4469 1.1641 0.7150
Pedestrian -1 -1 1.6968 403.7834 799.3437 435.4523 859.5389 1.6362 0.7806 0.7209 -15.7914 6.7744 43.6115 1.3547 0.5923
Pedestrian -1 -1 1.8117 59.2822 770.4145 128.6180 898.7407 1.6910 0.7179 0.6459 -12.2047 3.7806 21.0604 1.2718 0.5192
Pedestrian -1 -1 -1.3136 444.7376 794.3345 473.7023 856.6932 1.7248 0.6658 0.5925 -14.5663 6.6777 43.3978 -1.6319 0.4241
Pedestrian -1 -1 1.5704 1185.8378 785.3848 1214.0293 863.6517 1.7124 0.6311 0.5762 5.4997 5.4456 34.4481 1.7469 0.2945
Pedestrian -1 -1 3.3988 8.3038 796.2851 59.9652 885.9223 1.6562 0.6021 0.7407 -18.3129 5.0883 29.5498 2.8389 0.2688
Cyclist -1 -1 -1.7628 1158.9988 776.1669 1216.8112 885.7063 1.7115 0.7178 1.8604 4.0581 4.5270 26.8956 -1.5938 0.4676
Cyclist -1 -1 1.4885 958.9941 789.1810 998.0656 870.6782 1.7394 0.8309 2.1353 0.4180 5.9678 37.4013 1.5129 0.2712
Cyclist -1 -1 1.7557 0.0000 765.6457 52.1294 902.9165 1.7234 0.7180 0.8979 -12.9333 3.7012 20.4612 1.1753 0.1118
Car -1 -1 1.7179 551.6223 791.1773 640.1063 866.2615 1.5019 1.7679 3.7487 -9.8283 6.2164 40.4584 1.4861 0.8944
Car -1 -1 -1.5648 727.4311 797.7947 794.6693 876.4997 1.7086 1.8940 4.3248 -5.9373 7.1309 44.6418 -1.6868 0.3913
Car -1 -1 0.6950 0.0000 758.9503 150.5088 879.7762 1.4399 1.6490 3.9816 -13.8328 3.4209 21.0852 0.0973 0.2503
