Pedestrian -1 -1 -1.3114 486.6071 799.9258 514.8278 860.8586 1.8020 0.6876 0.6695 -14.3349 7.2915 46.5574 -1.6030 0.5188
Pedestrian -1 -1 1.7047 212.8604 783.9125 265.7139 892.9883 1.7390 0.7346 0.6557 -12.3107 4.4975 25.5152 1.2486 0.5132
Pedestrian -1 -1 -1.3631 456.8453 803.8145 484.2551 863.4147 1.7528 0.6847 0.6649 -15.2690 7.3649 46.5422 -1.6734 0.3955
Pedestrian -1 -1 1.4215 150.9666 770.9595 216.7891 892.8360 1.8434 0.8155 1.0625 -12.9447 4.3402 24.8938 0.9338 0.3615
Pedestrian -1 -1 1.6803 1158.8584 798.0881 1188.8230 871.5341 1.7778 0.6857 0.6725 5.4848 6.2927 38.5702 1.8386 0.3479
Pedestrian -1 -1 1.6072 1150.3055 798.5512 1178.9463 867.5626 1.7342 0.7242 0.7286 5.4621 6.4457 40.1483 1.7591 0.3144
Pedestrian -1 -1 1.6825 474.2150 804.2550 497.5622 859.3974 1.6776 0.6503 0.5959 -15.3039 7.4951 48.1519 1.3819 0.2535
Cyclist -1 -1 1.5156 967.6304 786.7785 1002.8416 860.9404 1.8169 0.9108 2.1761 0.6690 6.5405 42.5372 1.5448 0.4469
Cyclist -1 -1 -1.7634 1171.9358 780.9983 1229.3026 884.8483 1.7227 0.7653 1.9205 4.5715 4.8171 28.6778 -1.5861 0.4179
Cyclist -1 -1 3.1693 53.8530 773.2758 202.5893 901.0084 1.8451 0.9169 2.1014 -13.6607 4.3736 24.5860 2.6531 0.2740
Car -1 -1 1.7111 616.1593 799.4816 691.8193 865.3751 1.5286 1.7786 4.0347 -9.7438 7.3348 47.6744 1.5184 0.7804
Car -1 -1 -1.5467 812.0212 779.0784 908.0778 879.6920 1.5850 1.9135 4.2077 -2.1128 5.1274 32.2271 -1.6020 0.5823
Car -1 -1 0.7843 0.0000 778.3550 256.9750 883.2750 1.4066 1.6842 3.9909 -14.1900 4.1376 25.2809 0.2637 0.4834
