Pedestrian -1 -1 1.6671 11.3099 766.2258 79.8203 899.9850 1.7281 0.7544 0.8744 -12.8857 3.7718 21.0650 1.1028 0.7387
Pedestrian -1 -1 1.7478 98.0203 772.4239 162.3828 898.2137 1.7085 0.7211 0.6514 -12.0743 3.8957 21.7436 1.2279 0.5365
Pedestrian -1 -1 1.7297 419.0223 801.5964 448.1805 859.1626 1.6006 0.7176 0.6532 -15.6347 6.8828 44.3208 1.3962 0.5306
Pedestrian -1 -1 -1.6380 421.5770 798.5876 447.6581 860.8871 1.6902 0.6753 0.6418 -15.2792 6.7785 43.3821 -1.9712 0.4518
Pedestrian -1 -1 1.5453 1181.9872 794.6707 1208.7499 871.0655 1.7022 0.6152 0.5586 5.4875 5.7203 35.0723 1.7184 0.4456
Pedestrian -1 -1 -1.2745 450.6885 794.5876 480.2271 856.1173 1.7247 0.6733 0.6083 -14.5645 6.7456 43.9385 -1.5888 0.3968
Pedestrian -1 -1 3.3746 26.6807 792.7299 72.0924 882.8955 1.6965 0.5929 0.6595 -18.2603 5.1016 29.9559 2.8224 0.2448
Cyclist -1 -1 -1.7597 1161.8903 774.8843 1220.5769 885.9786 1.7409 0.7372 1.8776 4.1231 4.5369 26.9322 -1.5884 0.4632
Cyclist -1 -1 1.3288 961.5110 793.6149 1009.6072 868.7300 1.6519 0.8525 1.7290 0.6054 6.0471 38.0228 1.3581 0.3588
Cyclist -1 -1 1.6851 9.1254 766.8963 79.7788 901.8669 1.7391 0.7611 0.9174 -12.9006 3.7942 21.0650 1.1203 0.1221
Car -1 -1 1.7537 557.8655 790.9322 648.7501 863.5181 1.5224 1.8057 3.6947 -9.9662 6.3810 41.8753 1.5271 0.8645
Car -1 -1 -1.5848 781.1158 772.9279 884.9149 886.4638 1.7455 1.9905 4.2100 -2.6558 5.0185 30.8785 -1.6614 0.3983
