Pedestrian -1 -1 1.7606 154.8930 778.8497 213.6815 891.0527 1.6271 0.7060 0.6477 -12.0634 4.0615 23.2342 1.2715 0.6052
Pedestrian -1 -1 1.9761 71.4268 772.0723 144.1182 888.5753 1.6425 0.7094 0.7803 -12.8904 3.9095 22.6045 1.4454 0.5164
Pedestrian -1 -1 1.5630 1174.4475 799.1589 1199.0450 868.3571 1.6075 0.5902 0.5304 5.5204 5.9086 36.6026 1.7302 0.4421
Pedestrian -1 -1 1.7132 443.3417 802.1512 468.2026 855.7828 1.5503 0.6425 0.5857 -15.4970 7.0263 45.8548 1.3935 0.4164
Pedestrian -1 -1 2.0344 0.0000 774.8889 71.6850 892.1232 1.6053 0.6170 0.8376 -13.6611 3.8643 22.0745 1.4663 0.4083
Pedestrian -1 -1 -1.3471 463.4868 791.6329 490.3122 853.4371 1.7699 0.6409 0.6323 -14.5758 6.8265 45.0114 -1.6541 0.3226
Pedestrian -1 -1 3.3960 0.0000 787.3987 70.3378 900.0139 1.6348 0.7136 0.8674 -14.6129 4.2449 23.5468 2.8292 0.3196
Pedestrian -1 -1 -1.5986 441.7101 797.1287 465.1649 857.5003 1.6973 0.6508 0.6126 -15.1875 6.8936 44.7199 -1.9201 0.3043
Cyclist -1 -1 -1.8168 1165.8658 779.6686 1229.9167 885.9066 1.6786 0.7580 1.8603 4.3105 4.6095 27.3648 -1.6411 0.5108
Cyclist -1 -1 1.4002 963.4756 786.5535 1006.6064 864.1943 1.7727 0.8298 2.0898 0.6183 6.1920 39.7895 1.4291 0.3738
Car -1 -1 1.7115 584.9642 794.3037 666.7858 863.5324 1.4939 1.7930 3.8389 -9.7987 6.6946 43.9316 1.4998 0.8460
Car -1 -1 3.4923 0.0000 779.9645 214.4988 889.3416 1.3702 1.6000 3.7096 -13.7944 3.8899 23.1490 2.9425 0.2708
