Pedestrian -1 -1 1.6477 118.0422 775.6473 174.3186 893.6465 1.7042 0.7230 0.7576 -12.7228 4.1090 23.3599 1.1384 0.6014
Pedestrian -1 -1 1.7046 182.7019 783.9892 235.7242 894.3937 1.6520 0.6856 0.6363 -12.0547 4.2477 23.9853 1.2301 0.5926
Pedestrian -1 -1 1.5960 1169.5607 801.6359 1196.3890 871.6555 1.6530 0.6390 0.5419 5.5283 6.0972 37.2781 1.7606 0.5182
Pedestrian -1 -1 1.6559 460.6287 801.5260 482.9871 857.2016 1.6513 0.6174 0.5548 -15.3300 7.2243 46.8458 1.3463 0.5016
Pedestrian -1 -1 -1.4815 459.8287 793.4651 484.4443 854.4764 1.7548 0.6537 0.6467 -14.8913 6.9315 45.5381 -1.7913 0.4324
Cyclist -1 -1 -1.7807 1166.5077 781.2084 1228.5291 887.5549 1.7121 0.7940 1.9085 4.3861 4.7282 27.8878 -1.6054 0.4712
Cyclist -1 -1 1.2335 957.0555 788.1653 1009.1867 862.5759 1.7461 0.8236 2.0334 0.5841 6.3403 40.9866 1.2611 0.4252
Car -1 -1 1.7549 589.4356 796.9213 672.6254 864.6529 1.5196 1.7584 3.8242 -9.9501 6.9530 45.3013 1.5469 0.8653
Car -1 -1 0.5571 0.0000 780.8033 217.5285 882.7130 1.3987 1.6629 3.8780 -14.2720 3.9861 23.9696 0.0088 0.6221
Car -1 -1 -1.5160 789.5430 773.6000 897.3071 882.3979 1.7114 1.9906 4.3612 -2.4197 5.0823 31.7078 -1.5825 0.6090
