Pedestrian -1 -1 1.8081 45.2129 770.3082 113.1181 893.8538 1.6846 0.7126 0.7326 -12.9224 3.8610 21.9254 1.2619 0.5756
Pedestrian -1 -1 1.7720 129.1247 773.5872 190.6334 893.7946 1.7033 0.7130 0.6315 -12.1056 3.9915 22.6058 1.2690 0.5260
Pedestrian -1 -1 2.9193 0.0000 777.5546 39.2588 896.7620 1.6897 0.6750 0.7250 -14.6675 4.0842 22.9613 2.3382 0.5054
Pedestrian -1 -1 1.7000 430.1880 803.7738 458.0300 859.9254 1.5862 0.7143 0.6266 -15.5671 7.0169 45.0252 1.3731 0.5050
Pedestrian -1 -1 1.5384 1176.2385 796.0968 1201.8729 869.0400 1.6674 0.6013 0.5470 5.4745 5.8197 35.9594 1.7072 0.4676
Pedestrian -1 -1 -1.6284 431.4826 799.9034 457.1236 860.5008 1.6687 0.6817 0.6258 -15.2168 6.8684 44.0144 -1.9555 0.4348
Pedestrian -1 -1 1.8740 0.0000 765.4988 41.1736 898.1856 1.7517 0.6610 0.8585 -13.6227 3.8030 21.3146 1.2900 0.3991
Cyclist -1 -1 -1.7690 1167.8688 777.6441 1225.1616 885.6374 1.7128 0.7137 1.8546 4.2767 4.5967 27.2994 -1.5941 0.4813
Cyclist -1 -1 1.4127 955.5677 782.8609 998.7887 862.3804 1.7884 0.8333 2.1156 0.4018 6.0377 39.1241 1.4362 0.3673
Car -1 -1 1.6467 576.6475 793.8950 651.0869 864.1970 1.5010 1.7902 3.6288 -9.9653 6.5894 43.1034 1.4270 0.8725
Car -1 -1 -1.6069 790.1676 771.2733 894.5917 884.9781 1.7493 2.0190 4.3740 -2.5367 5.0235 31.1679 -1.6787 0.4519
