Pedestrian -1 -1 1.6776 205.9989 775.8313 257.0549 880.9628 1.7377 0.7457 0.7051 -12.9222 4.4584 26.4975 1.2178 0.6057
Pedestrian -1 -1 1.7075 264.6259 780.6912 314.7397 882.7388 1.7318 0.7482 0.6522 -12.1534 4.5964 27.0783 1.2811 0.5342
Pedestrian -1 -1 -1.3558 500.8524 793.3373 529.5244 854.9115 1.8640 0.7357 0.7266 -14.2482 7.2892 47.7785 -1.6383 0.4868
Pedestrian -1 -1 -1.5146 472.4222 800.7433 497.3942 860.3890 1.7599 0.7063 0.6687 -14.9527 7.3291 46.9523 -1.8161 0.3029
Pedestrian -1 -1 1.5554 488.1213 802.4662 509.0616 854.1984 1.6020 0.6560 0.6177 -15.2874 7.5153 49.4072 1.2627 0.2665
Pedestrian -1 -1 0.7534 109.5450 779.4996 214.2908 884.5092 1.6629 0.7391 1.4898 -13.8025 4.3900 25.8335 0.2551 0.2109
Cyclist -1 -1 3.2474 97.3350 778.7792 209.7906 886.7506 1.6819 0.7704 1.6447 -13.9561 4.4149 25.8864 2.7453 0.4428
Cyclist -1 -1 -1.7549 1170.4841 769.3105 1227.4055 873.6339 1.7696 0.7843 1.9177 4.5896 4.6623 28.9929 -1.5789 0.4347
Cyclist -1 -1 1.4806 973.0536 781.2211 1006.5588 852.4693 1.8402 0.8370 2.0215 0.8322 6.5677 44.1920 1.5129 0.2627
Car -1 -1 -1.7661 774.3726 783.3366 868.0402 861.3713 1.7033 2.0052 4.5923 -4.2949 6.7563 45.2106 -1.8501 0.4180
