Pedestrian -1 -1 1.3115 130.2028 770.8914 198.8325 891.8583 1.7751 0.7667 0.8633 -12.7423 4.1661 23.9146 0.8122 0.5470
Pedestrian -1 -1 -1.3500 471.4978 798.8540 500.7578 861.8924 1.8334 0.7189 0.6915 -14.5886 7.2193 45.9275 -1.6509 0.5417
Pedestrian -1 -1 1.8032 197.7778 783.6064 254.7322 893.6407 1.7021 0.7216 0.6200 -12.0971 4.3566 24.6276 1.3389 0.5044
Pedestrian -1 -1 1.5955 467.5285 804.1305 490.0744 860.6559 1.6878 0.6623 0.6175 -15.3228 7.4277 47.5038 1.2905 0.2851
Pedestrian -1 -1 1.5921 1164.3898 796.3467 1190.6687 868.5618 1.7311 0.6362 0.6137 5.4848 6.1190 37.9138 1.7529 0.2717
Cyclist -1 -1 1.3910 963.6056 791.0788 1006.0705 864.3713 1.7533 0.8568 2.0500 0.6443 6.5115 41.7404 1.4198 0.4328
Cyclist -1 -1 -1.7983 1164.8530 779.6972 1225.7792 885.1532 1.7176 0.7533 1.9212 4.3961 4.7392 28.2117 -1.6246 0.4271
Cyclist -1 -1 2.4305 103.0823 768.6160 210.5180 893.1638 1.7907 0.8861 1.2367 -12.8577 4.1611 23.9301 1.9277 0.1245
Car -1 -1 1.6985 604.6396 800.3515 681.3920 867.1797 1.5111 1.8114 3.9031 -9.8210 7.1899 46.3910 1.4985 0.7681
Car -1 -1 0.6426 0.0000 780.8193 248.9409 886.9518 1.4339 1.7559 3.8848 -14.0111 4.1023 24.5020 0.1130 0.6463
Car -1 -1 -1.5553 795.9479 774.3455 897.5961 884.7043 1.7092 1.9717 4.2444 -2.3299 5.0441 31.2025 -1.6202 0.5175
