Pedestrian -1 -1 -1.3532 494.1438 793.9739 521.2379 854.4685 1.8138 0.6885 0.6568 -14.2992 7.1849 47.1553 -1.6406 0.6079
Pedestrian -1 -1 1.5633 197.6804 775.4606 247.7976 884.5720 1.7421 0.7654 0.7839 -12.7664 4.3969 25.8449 1.0977 0.4398
Pedestrian -1 -1 1.7245 244.1219 781.3267 296.1389 884.9026 1.6993 0.7382 0.6650 -12.1173 4.4878 26.2348 1.2862 0.3870
Pedestrian -1 -1 1.6892 1161.6709 787.9764 1191.6331 860.4756 1.8045 0.6991 0.6773 5.6971 6.1625 39.5413 1.8493 0.3467
Pedestrian -1 -1 -1.4116 465.3922 799.1007 490.0552 856.0607 1.6960 0.6410 0.6522 -15.2453 7.2325 47.1586 -1.7175 0.3439
Pedestrian -1 -1 1.6321 490.1640 799.7372 512.5972 853.6868 1.6591 0.6586 0.6345 -15.0237 7.4168 48.8630 1.3411 0.2895
Pedestrian -1 -1 1.4873 969.5401 791.1331 995.3856 854.3235 1.7069 0.6885 0.8283 0.6074 6.5466 43.1055 1.5148 0.2376
Pedestrian -1 -1 -1.4365 464.9388 799.7979 490.5595 858.5300 1.7152 0.6690 0.6620 -14.9799 7.1798 46.3407 -1.7425 0.2313
Cyclist -1 -1 3.2313 82.4951 772.2272 221.8602 888.2787 1.7434 0.8310 2.0071 -13.6186 4.3071 25.2390 2.7281 0.4958
Cyclist -1 -1 -1.7816 1169.5331 774.0060 1231.5665 878.8300 1.7491 0.8218 1.9359 4.5764 4.7111 28.7259 -1.6044 0.4313
Cyclist -1 -1 1.4495 966.8487 790.5148 996.3173 855.3035 1.7271 0.7428 1.0696 0.5836 6.5891 43.3345 1.4763 0.1031
Car -1 -1 1.7740 613.1656 798.4476 695.2081 863.4081 1.5617 1.8063 4.1128 -10.0177 7.4948 49.0584 1.5817 0.5310
Car -1 -1 -1.7146 770.5123 787.2292 855.6085 864.2076 1.6889 1.9874 4.4399 -4.5423 6.8633 45.2782 -1.8039 0.4857
