Pedestrian -1 -1 1.2902 1526.6393 803.9650 1600.3511 939.3289 1.5586 0.6891 0.7919 7.5686 3.8650 18.8217 1.7087 0.5169
Pedestrian -1 -1 1.8510 305.2978 794.3367 350.0454 879.9777 1.6363 0.6934 0.6087 -12.8234 5.1059 30.2787 1.4489 0.3353
Pedestrian -1 -1 1.2232 1137.4871 800.9504 1224.6222 935.1673 1.6477 0.7965 1.4570 3.0993 4.2382 21.2161 1.3890 0.1418
Cyclist -1 -1 -1.8462 1306.0405 808.3582 1392.3107 945.5772 1.6232 0.7427 1.8567 5.4480 4.3267 21.1069 -1.5668 0.4868
Cyclist -1 -1 1.7069 487.4193 818.4047 530.3460 892.4846 1.6180 0.8135 1.7957 -11.6540 6.7316 38.5696 1.4192 0.3520
Cyclist -1 -1 1.8128 487.9703 820.0992 530.2271 891.0485 1.6469 0.6716 1.8366 -12.3164 7.0913 40.7773 1.5258 0.2794
Cyclist -1 -1 1.2232 1137.4871 800.9504 1224.6222 935.1673 1.6477 0.7965 1.4570 3.0993 4.2382 21.2161 1.3890 0.2746
Cyclist -1 -1 1.6630 508.3494 840.2027 538.2817 901.0124 1.6082 0.7336 1.6533 -13.6558 8.4526 46.6597 1.3867 0.2321
Car -1 -1 1.8697 242.4720 768.3706 522.0818 972.0126 1.5754 1.8161 3.8722 -6.1575 3.3394 16.3868 1.4944 0.9411
Car -1 -1 -1.5467 834.3651 818.0321 935.2625 928.6644 1.5869 1.9209 4.1385 -1.5045 5.8337 30.8013 -1.5842 0.7279
