Pedestrian -1 -1 1.2549 1548.4379 808.4642 1624.5647 947.9418 1.5765 0.6952 0.6948 7.6425 3.8705 18.3033 1.6879 0.6272
Pedestrian -1 -1 1.6889 503.7151 828.9675 531.1373 888.5148 1.6206 0.6721 0.9795 -13.3282 7.8243 44.9239 1.4081 0.2210
Pedestrian -1 -1 1.1169 1147.0931 802.8972 1246.4568 942.7759 1.6474 0.8159 1.4341 3.2016 4.1772 20.4528 1.2939 0.1813
Cyclist -1 -1 -1.8698 1304.5074 813.6099 1396.8269 950.6622 1.6070 0.7819 1.8765 5.4613 4.3870 21.0845 -1.5895 0.4737
Cyclist -1 -1 1.0680 1143.0627 803.6206 1248.3837 942.5820 1.6266 0.8290 1.4932 3.1946 4.1777 20.5062 1.2443 0.3499
Cyclist -1 -1 1.8043 468.4757 811.6364 520.2461 888.4286 1.6399 0.8355 1.7778 -11.6277 6.4108 37.2929 1.5070 0.3411
Cyclist -1 -1 1.8866 486.5325 829.8540 530.3385 896.8329 1.5813 0.7045 1.4901 -12.3076 7.2602 40.6808 1.5993 0.2231
Car -1 -1 1.9333 167.9528 762.8306 500.6309 982.7368 1.5421 1.8315 3.9043 -6.0560 3.1066 14.9725 1.5279 0.9508
Car -1 -1 -1.5720 825.4947 820.4948 926.2186 934.2214 1.6049 1.9170 4.1942 -1.7242 5.8873 30.6021 -1.6173 0.4247
Car -1 -1 1.5362 772.9408 845.4462 833.5652 914.2043 1.4652 1.7990 3.8448 -4.9879 8.6743 46.8606 1.4419 0.2833
