Pedestrian -1 -1 1.9597 210.6306 783.9349 276.1832 886.2406 1.5834 0.7875 0.6454 -11.7895 4.2340 24.5759 1.5047 0.6512
Pedestrian -1 -1 1.3729 1876.2609 813.1758 1936.0000 1025.0945 1.5765 0.6731 0.6661 7.9970 3.1885 12.3592 2.0093 0.5902
Pedestrian -1 -1 1.7861 1266.1248 800.8423 1355.4296 986.3380 1.6664 0.6961 0.7835 3.4892 3.4798 14.9056 2.0477 0.5665
Pedestrian -1 -1 1.8541 469.0807 820.7400 513.5776 894.1661 1.6413 0.7054 1.4036 -11.9021 6.6984 37.9086 1.5552 0.1477
Pedestrian -1 -1 1.4670 525.5837 840.5573 559.3104 906.5475 1.6906 0.8295 1.6149 -12.6417 8.3267 45.1144 1.2022 0.1276
Cyclist -1 -1 1.4690 526.1554 839.8309 560.3953 905.7996 1.6847 0.8441 1.6755 -12.6428 8.3161 45.2062 1.2048 0.5254
Cyclist -1 -1 1.8511 402.7356 799.6761 465.2693 893.4908 1.6614 0.7353 1.8479 -10.8900 5.3881 30.9428 1.5137 0.5116
Cyclist -1 -1 -1.8346 1371.6490 823.8841 1474.9618 984.0708 1.6612 0.8217 1.9605 5.8387 4.3245 19.0104 -1.5057 0.4366
Cyclist -1 -1 1.8097 472.6088 822.3792 516.4059 895.4076 1.6193 0.7206 1.5164 -11.8944 6.7592 38.1449 1.5129 0.3827
Cyclist -1 -1 1.8807 420.0161 807.4224 479.1424 895.5913 1.6527 0.6952 1.8346 -11.1965 5.7658 32.7762 1.5540 0.2166
