Pedestrian -1 -1 1.9453 1290.3457 797.9209 1398.2941 1004.2996 1.6835 0.6993 0.7752 3.4849 3.3164 13.5927 2.2319 0.5800
Pedestrian -1 -1 2.1616 175.4263 781.6458 244.2201 887.7853 1.5524 0.7272 0.6364 -11.6956 4.0309 23.2880 1.6864 0.4192
Pedestrian -1 -1 1.9596 345.8524 792.8721 389.4372 873.3433 1.5161 0.6218 0.6106 -11.8128 4.8946 29.7699 1.5805 0.3098
Pedestrian -1 -1 1.5898 532.5071 827.8149 563.5690 896.2374 1.7225 0.8322 1.5968 -12.0697 7.7725 43.7123 1.3283 0.1040
Cyclist -1 -1 1.8394 377.2370 785.9652 442.3864 886.2392 1.6875 0.7260 1.8605 -10.7471 4.9357 29.2010 1.4860 0.4862
Cyclist -1 -1 -1.7111 1404.5636 829.9227 1486.5488 988.6414 1.6090 0.7753 1.9203 6.0636 4.3276 18.8107 -1.3674 0.4531
Cyclist -1 -1 1.5898 532.5071 827.8149 563.5690 896.2374 1.7225 0.8322 1.5968 -12.0697 7.7725 43.7123 1.3283 0.4113
Cyclist -1 -1 1.7801 460.9266 810.0442 507.8660 887.3746 1.6107 0.7358 1.7311 -11.5733 6.2205 36.3377 1.4761 0.4073
Cyclist -1 -1 1.9056 404.0540 798.0452 463.8084 885.3698 1.5888 0.6492 1.7448 -11.1060 5.3422 31.5446 1.5682 0.2897
Car -1 -1 -1.5903 767.7678 844.2236 855.8500 946.6564 1.5910 1.8791 3.8963 -3.4133 6.8763 33.9981 -1.6798 0.4413
