Pedestrian -1 -1 1.4233 1237.6199 801.8217 1308.9922 963.5941 1.6683 0.6923 0.8151 3.4971 3.7086 16.8103 1.6559 0.6330
Pedestrian -1 -1 1.1726 1733.1036 810.0102 1835.6058 989.3536 1.5791 0.6893 0.6110 7.8342 3.3877 14.2562 1.7268 0.5913
Pedestrian -1 -1 1.7623 240.7375 791.4321 291.7137 895.6558 1.6976 0.6943 0.6679 -12.1117 4.6468 26.0747 1.3220 0.5216
Pedestrian -1 -1 1.7934 492.2678 842.3340 530.8623 910.9111 1.6244 0.7057 1.4002 -12.2339 7.6489 40.7138 1.5086 0.1120
Cyclist -1 -1 -1.8218 1356.8087 824.0016 1450.9487 974.6555 1.6043 0.7725 1.9203 5.7425 4.3324 19.5072 -1.5057 0.4655
Cyclist -1 -1 1.5775 516.2501 839.5106 543.1353 905.2372 1.7388 0.7921 2.0205 -13.7525 8.7373 47.6874 1.3055 0.4069
Cyclist -1 -1 1.8535 444.8040 818.7270 505.1522 905.4385 1.6576 0.7973 1.8806 -10.9687 6.1605 33.7904 1.5432 0.2967
Cyclist -1 -1 1.7934 492.2678 842.3340 530.8623 910.9111 1.6244 0.7057 1.4002 -12.2339 7.6489 40.7138 1.5086 0.2427
Cyclist -1 -1 1.4107 1235.9601 801.9208 1308.2070 963.4328 1.6654 0.6896 0.8600 3.4948 3.7158 16.8679 1.6423 0.1188
Car -1 -1 2.1301 0.0000 750.9078 293.2124 1178.2788 1.5225 1.7842 3.8461 -5.4174 2.4051 8.4866 1.4923 0.8934
Car -1 -1 -1.5596 856.7703 842.1426 950.1437 952.1708 1.5781 1.8250 3.9153 -1.1571 6.3965 31.1988 -1.5846 0.3554
Car -1 -1 1.3912 762.1484 858.3622 868.6959 959.5634 1.6041 1.9009 4.0737 -3.5860 7.5924 36.1425 1.3035 0.2193
