Pedestrian -1 -1 1.9393 210.7212 789.7791 273.6302 890.7350 1.5764 0.7572 0.6673 -11.9696 4.3629 24.9086 1.4841 0.6642
Pedestrian -1 -1 1.6159 1264.3335 807.0848 1342.2335 988.2698 1.6896 0.7244 0.7584 3.5194 3.6181 15.3598 1.8717 0.6095
Pedestrian -1 -1 1.2678 1846.3961 809.5291 1936.0000 1016.1991 1.5910 0.6547 0.6802 7.9720 3.2112 12.6979 1.8885 0.5004
Pedestrian -1 -1 -1.8315 236.0697 796.6643 279.0844 885.1653 1.5241 0.5873 0.5978 -13.0795 4.7647 27.7950 -2.2756 0.2404
Pedestrian -1 -1 1.5639 443.0855 823.5808 470.5949 893.3558 1.6087 0.6447 0.6729 -12.5831 6.6211 37.3052 1.2433 0.2138
Pedestrian -1 -1 1.7871 475.6234 831.0508 516.7090 903.6068 1.6342 0.7258 1.3562 -11.9303 7.0236 38.3910 1.4917 0.1412
Cyclist -1 -1 -1.8318 1364.9052 824.9688 1468.9558 985.1979 1.6757 0.8452 1.9712 5.8068 4.3760 19.1733 -1.5072 0.4792
Cyclist -1 -1 1.9139 413.5787 807.1461 480.2475 900.4389 1.6999 0.7506 1.8845 -10.9506 5.7028 31.8989 1.5852 0.4478
Cyclist -1 -1 1.8218 475.6250 832.0887 519.4700 904.2059 1.6242 0.7470 1.3985 -11.9285 7.0575 38.5019 1.5273 0.3014
Car -1 -1 2.3003 0.0000 726.1520 129.6311 1216.0000 1.4596 1.8346 3.9927 -5.3658 2.0238 6.2613 1.4797 0.7511
Car -1 -1 1.2996 753.6740 859.2348 875.0307 962.2995 1.6023 1.8978 3.9429 -3.5331 7.4812 35.3383 1.2110 0.2104
