Pedestrian -1 -1 1.9533 189.9757 772.6521 260.1589 881.4518 1.6188 0.7957 0.7014 -11.6449 3.9955 23.6727 1.4867 0.6942
Pedestrian -1 -1 1.9975 352.0988 794.5911 395.2820 875.8660 1.5406 0.6007 0.6313 -11.8060 4.9890 30.0589 1.6223 0.5255
Pedestrian -1 -1 1.8573 1279.9729 796.6151 1380.2363 993.1415 1.6593 0.6911 0.8303 3.4826 3.3396 14.0979 2.1334 0.5117
Pedestrian -1 -1 1.5434 529.3483 830.0771 560.2803 897.0559 1.6955 0.8483 1.5815 -12.2938 7.8698 44.1225 1.2796 0.1636
Pedestrian -1 -1 1.7691 467.2870 815.6296 509.6238 890.3334 1.5912 0.6907 1.5775 -11.6426 6.3971 36.8611 1.4679 0.1110
Cyclist -1 -1 1.5758 529.7536 828.1697 560.6713 895.1606 1.6904 0.8590 1.6714 -12.2938 7.8262 44.2226 1.3125 0.5689
Cyclist -1 -1 1.8325 391.4762 792.4219 452.5478 887.5351 1.6355 0.7021 1.8237 -10.7836 5.0966 29.9581 1.4869 0.5110
Cyclist -1 -1 1.7691 467.2870 815.6296 509.6238 890.3334 1.5912 0.6907 1.5775 -11.6426 6.3971 36.8611 1.4679 0.3988
Cyclist -1 -1 -1.8550 1377.3356 823.1531 1475.0273 981.6049 1.6260 0.7054 1.9510 5.8174 4.2520 18.8169 -1.5238 0.3723
Cyclist -1 -1 1.8616 424.8790 802.8867 482.8632 891.1664 1.6420 0.6965 1.8119 -10.9856 5.6110 32.4304 1.5371 0.3229
Cyclist -1 -1 1.7569 506.7466 824.8735 547.3967 896.3873 1.6641 0.7569 1.6152 -11.6967 7.1685 40.3249 1.4812 0.2372
Cyclist -1 -1 1.8665 1264.5056 790.0079 1367.3176 990.5539 1.6778 0.6869 0.8821 3.3226 3.2831 13.9836 2.1332 0.1003
Car -1 -1 1.4522 760.9453 846.9742 862.4302 949.5385 1.5803 1.9014 3.9491 -3.4987 7.0034 34.3904 1.3614 0.5399
Car -1 -1 -1.6296 884.7238 837.5692 985.1169 948.9697 1.5353 1.8343 3.7963 -0.5907 6.0835 30.0275 -1.6367 0.3400
