Pedestrian -1 -1 2.0742 158.5171 771.6923 233.6293 885.1634 1.6260 0.7930 0.6639 -11.5804 3.8825 22.6481 1.5904 0.5974
Pedestrian -1 -1 2.0657 1286.1080 804.6339 1434.5328 1013.0209 1.5446 0.7118 1.2385 3.4670 3.1849 12.9594 2.3651 0.4511
Pedestrian -1 -1 -1.2854 340.8130 792.8844 382.8049 874.3951 1.5116 0.6238 0.5995 -11.7873 4.8530 29.4170 -1.6682 0.4225
Pedestrian -1 -1 1.6976 521.9647 824.9025 557.0422 890.6241 1.6309 0.7747 1.4407 -11.9911 7.4241 42.5487 1.4302 0.1759
Cyclist -1 -1 1.8727 360.0984 782.0084 430.1381 885.1249 1.6902 0.7219 1.8669 -10.7190 4.7712 28.3727 1.5098 0.5015
Cyclist -1 -1 1.6938 522.6931 827.2548 558.4273 892.4692 1.6083 0.7919 1.5042 -11.9898 7.4883 42.6533 1.4272 0.4626
Cyclist -1 -1 2.1007 1266.9611 803.2411 1432.7987 1016.5522 1.5494 0.7304 1.4230 3.3568 3.1741 12.8715 2.3933 0.4560
Cyclist -1 -1 -1.8117 1408.7416 834.3765 1505.2583 993.8508 1.5882 0.7548 1.8739 6.0751 4.3049 18.4217 -1.4605 0.3904
Cyclist -1 -1 1.7851 458.4715 809.0488 506.6559 888.0205 1.6017 0.7273 1.7377 -11.3232 6.0738 35.4186 1.4796 0.3572
Car -1 -1 -1.5454 763.3275 847.4866 853.3542 951.9987 1.6085 1.8699 3.9454 -3.3837 6.9243 33.6855 -1.6350 0.7124
Car -1 -1 -1.6064 891.2167 852.6495 982.0614 961.2684 1.6015 1.8723 4.0905 -0.5893 6.9230 32.8604 -1.6113 0.2984
