Pedestrian -1 -1 1.9407 45.5125 746.8873 129.8514 880.4791 1.5801 0.7179 0.7107 -11.0033 3.1520 18.8561 1.3925 0.6925
Pedestrian -1 -1 -0.5582 1416.8105 805.5640 1608.4547 1092.4884 1.6574 0.8091 0.8852 3.5512 2.8843 9.6903 -0.1482 0.4750
Pedestrian -1 -1 2.0098 312.6922 777.2144 364.1857 879.3691 1.7368 0.6333 0.6574 -11.1497 4.4996 26.7842 1.6112 0.3796
Cyclist -1 -1 1.9564 267.3720 763.5995 364.4678 892.7228 1.7487 0.7233 1.9466 -10.0441 4.0056 23.3491 1.5422 0.5217
Cyclist -1 -1 -1.7946 1475.6765 885.6568 1577.3589 1073.4698 1.6487 0.7203 2.0239 6.4372 4.8196 17.1261 -1.3993 0.4340
Cyclist -1 -1 1.8462 402.3058 792.3012 464.8977 887.9330 1.6466 0.7222 1.7699 -10.5053 5.0869 29.8268 1.5076 0.3151
Cyclist -1 -1 1.8143 460.1739 809.9948 511.7375 890.8806 1.5511 0.7115 1.6741 -10.6192 5.7983 33.4572 1.5102 0.2995
Cyclist -1 -1 1.9139 336.4946 780.6129 413.4323 892.4422 1.6987 0.6995 1.7723 -10.2144 4.5111 26.1123 1.5373 0.2968
Cyclist -1 -1 1.8686 504.3157 819.2056 556.0595 892.2710 1.5288 0.7329 1.7671 -10.6292 6.4426 36.9262 1.5938 0.2542
Cyclist -1 -1 -0.6438 1362.5205 803.3590 1609.3470 1098.8962 1.5885 0.7603 1.2113 3.2025 2.7457 9.1799 -0.2481 0.2532
Car -1 -1 -1.5986 911.1088 860.9036 996.2371 961.7700 1.5028 1.7965 3.9207 -0.1996 7.1044 33.5163 -1.5911 0.3771
