Pedestrian -1 -1 2.0083 129.2598 763.0836 205.3360 881.4525 1.6021 0.7608 0.6522 -11.3566 3.6125 21.4072 1.5069 0.7464
Pedestrian -1 -1 -1.2507 316.1404 794.8910 365.5447 880.8494 1.5384 0.7107 0.6144 -11.7833 4.8063 28.4153 -1.6464 0.5065
Cyclist -1 -1 2.4127 1255.7130 790.0911 1518.0519 1040.1337 1.6689 0.7834 1.9091 3.3306 3.0426 11.6966 2.7328 0.5054
Cyclist -1 -1 1.9804 329.4414 779.8324 417.7638 892.2059 1.7314 0.7553 1.9649 -10.4941 4.6087 26.7778 1.6037 0.5039
Cyclist -1 -1 -1.7937 1419.1136 842.4429 1517.5177 1010.2901 1.6298 0.7749 1.9631 6.1380 4.4269 18.2028 -1.4354 0.4192
Cyclist -1 -1 1.7983 442.3770 807.7634 494.8459 891.2238 1.6309 0.7608 1.7117 -11.1822 5.8957 33.9907 1.4837 0.2873
Cyclist -1 -1 2.0433 375.7238 799.4541 445.2917 890.1149 1.5483 0.6815 1.4763 -10.7715 5.0575 29.2910 1.6904 0.2497
Cyclist -1 -1 1.7339 482.4930 816.1455 524.4666 892.6484 1.6074 0.7077 1.7413 -11.2752 6.4393 36.8743 1.4422 0.2237
Car -1 -1 -1.4440 756.8513 847.9315 870.6037 957.2673 1.6090 1.9129 4.0256 -3.1240 6.7506 32.4240 -1.5295 0.5854
Car -1 -1 -1.5616 900.4777 855.0489 990.5085 961.2818 1.5453 1.8222 3.8968 -0.2937 6.8039 32.2085 -1.5575 0.2606
