Pedestrian -1 -1 2.0315 65.9088 753.3196 152.4576 881.2917 1.5645 0.7265 0.7560 -11.0975 3.2735 19.4973 1.4959 0.5960
Pedestrian -1 -1 1.8678 320.4473 781.2565 371.1409 881.3558 1.7155 0.6820 0.6881 -11.1789 4.5963 27.1775 1.4740 0.4721
Pedestrian -1 -1 1.9761 354.7489 784.5250 416.2485 887.4772 1.7024 0.6657 1.0800 -10.3809 4.6423 26.9908 1.6061 0.2480
Pedestrian -1 -1 -0.5206 1329.1842 802.2134 1580.0253 1086.5157 1.6870 0.8055 1.3778 3.2747 2.9324 10.0016 -0.1511 0.1466
Cyclist -1 -1 1.8876 287.7782 768.9553 372.3887 892.2144 1.7145 0.7094 1.8895 -10.1219 4.1246 24.0469 1.4824 0.5229
Cyclist -1 -1 2.6233 1315.6075 789.5283 1609.8032 1073.5145 1.7034 0.8286 1.6958 3.3642 2.8758 10.1180 2.9976 0.4597
Cyclist -1 -1 -1.8965 1453.9281 870.4014 1571.1500 1052.2391 1.6400 0.7193 2.0275 6.3415 4.6519 17.3130 -1.5101 0.4219
Cyclist -1 -1 1.7666 462.0676 810.2090 510.4389 891.1556 1.5909 0.7410 1.6528 -10.8483 5.9352 34.1968 1.4630 0.3634
Cyclist -1 -1 1.8576 412.2650 797.2153 474.0732 888.7475 1.6050 0.7126 1.7983 -10.5753 5.2339 30.5794 1.5254 0.3356
Cyclist -1 -1 1.7950 508.3143 820.9765 552.6276 891.4207 1.5326 0.7219 1.6817 -10.9828 6.6497 38.1695 1.5207 0.2869
Cyclist -1 -1 1.8849 365.7687 788.7411 426.8598 891.6650 1.6799 0.6856 1.2450 -10.2173 4.7168 27.0802 1.5217 0.1775
