Pedestrian -1 -1 3.5106 18.8971 736.3550 111.9154 879.3889 1.6426 0.7325 0.7721 -10.9388 3.0375 18.2826 2.9497 0.6829
Pedestrian -1 -1 1.9401 300.4935 777.3063 351.0558 876.6633 1.6528 0.6350 0.6216 -11.1233 4.3546 26.1884 1.5335 0.3233
Pedestrian -1 -1 -0.5305 1409.6184 800.9879 1678.1986 1110.9744 1.6603 0.8406 1.2691 3.4880 2.7807 9.0350 -0.0972 0.2253
Cyclist -1 -1 1.9880 241.5835 762.2710 342.6280 895.1230 1.7347 0.6826 1.9096 -10.0212 3.8867 22.4680 1.5590 0.5171
Cyclist -1 -1 1.8308 399.6037 795.7054 462.1357 891.6688 1.5957 0.7147 1.7563 -10.2631 5.0102 28.9900 1.4901 0.4876
Cyclist -1 -1 1.8274 451.8155 809.2109 505.0442 894.4428 1.5925 0.6831 1.7356 -10.5266 5.7258 32.6518 1.5183 0.4088
Cyclist -1 -1 -1.8328 1471.3442 881.7561 1584.6857 1071.0112 1.6768 0.7783 2.0291 6.4697 4.8087 17.1773 -1.4368 0.4080
Cyclist -1 -1 -0.6494 1394.4556 786.8687 1704.0724 1116.6733 1.6785 0.8422 1.4594 3.4050 2.6849 8.7285 -0.2098 0.3950
Cyclist -1 -1 1.7631 508.4903 820.2440 556.3967 896.5437 1.5515 0.7757 1.7700 -10.3088 6.3736 36.0012 1.4895 0.3525
Cyclist -1 -1 1.8576 320.2060 778.8339 391.2310 890.8602 1.6361 0.6657 1.6678 -10.1342 4.3064 25.0778 1.4684 0.2123
Car -1 -1 -1.6802 906.1987 858.9330 1003.2567 964.5773 1.5849 1.8007 3.9078 -0.2067 7.1443 33.4889 -1.6729 0.4039
Car -1 -1 1.7111 774.3193 847.2103 888.2186 959.5739 1.5492 1.7313 3.5300 -2.5110 6.2245 29.6315 1.6369 0.2447
