Pedestrian -1 -1 -1.1953 277.5858 781.5153 332.0913 883.2863 1.6212 0.6476 0.6585 -11.0649 4.2986 25.2219 -1.6148 0.4799
Pedestrian -1 -1 -0.3409 1567.3026 767.9387 1843.7780 1164.2054 1.7474 0.7735 1.0700 3.6554 2.5054 7.4355 0.2066 0.1619
Pedestrian -1 -1 1.8159 360.0826 787.0471 428.5451 898.5160 1.7158 0.7255 1.8291 -10.1150 4.7181 26.7378 1.4516 0.1004
Cyclist -1 -1 1.8177 361.8258 787.2834 430.8529 898.3450 1.7086 0.7262 1.8681 -10.1063 4.7253 26.8123 1.4547 0.5443
Cyclist -1 -1 1.9914 165.5045 754.3054 281.9563 904.7708 1.7279 0.6838 1.9076 -9.7332 3.5263 19.8120 1.5200 0.5324
Cyclist -1 -1 1.9448 255.1662 769.9507 348.0178 900.1008 1.6731 0.6450 1.8520 -9.7914 3.9238 22.2629 1.5211 0.3978
Cyclist -1 -1 -1.8787 1532.8374 889.3838 1655.6135 1080.1436 1.6180 0.7436 2.0211 7.0021 4.7476 16.6456 -1.4420 0.3178
Cyclist -1 -1 1.7737 484.5611 825.5013 535.3237 909.4971 1.5640 0.7393 1.6700 -9.8946 6.0842 32.8340 1.4849 0.2441
Cyclist -1 -1 1.4854 462.1131 825.2574 498.3651 895.9881 1.6645 0.8235 1.9658 -13.6139 7.4740 42.2956 1.1806 0.2403
Car -1 -1 1.7660 761.8973 853.1664 896.3165 967.4643 1.4434 1.8341 3.4865 -2.4084 6.0097 28.0754 1.6904 0.3740
Car -1 -1 0.7326 0.0000 745.8048 96.1627 895.2360 1.3920 1.6787 4.0340 -12.0255 2.8072 16.5159 0.0745 0.1858
