Pedestrian -1 -1 3.7782 0.0000 724.5446 205.2034 1191.9354 1.5917 0.6245 0.8241 -3.3757 1.9837 5.5572 3.1087 0.6104
Pedestrian -1 -1 1.3464 0.0000 634.1241 231.9937 1216.0000 1.7875 0.6330 0.9862 -2.7375 1.8183 4.4457 0.6250 0.5592
Pedestrian -1 -1 -2.8191 974.1042 904.7587 1021.6327 1021.1988 1.5122 0.5399 0.5324 0.5270 5.5882 21.4340 -2.7799 0.2382
Pedestrian -1 -1 2.2061 1304.3732 869.2816 1398.7313 1049.7042 1.4443 0.6357 0.5246 3.5196 3.7173 13.4979 2.4969 0.2123
Pedestrian -1 -1 -1.8989 1053.7709 901.7942 1098.4368 1005.4996 1.4501 0.5404 0.5605 1.7658 5.7777 23.0369 -1.8054 0.1561
Pedestrian -1 -1 -0.2042 930.6007 895.1578 976.3952 1018.0706 1.6100 0.5623 0.5577 -0.1145 5.5319 21.3712 -0.1965 0.1323
Pedestrian -1 -1 1.3040 1001.3511 907.4543 1036.6587 990.0002 1.3970 0.5298 0.5951 1.0793 6.7587 28.0303 1.3577 0.1107
Pedestrian -1 -1 1.5423 5.6535 851.0787 44.5262 942.6102 1.7783 0.6770 0.4839 -19.6364 6.5813 31.3671 0.9817 0.1102
Cyclist -1 -1 3.6508 0.0000 722.0380 204.2123 1199.5426 1.6006 0.6245 0.8480 -3.3645 1.9850 5.5418 2.9811 0.1400
Cyclist -1 -1 1.4256 0.0000 618.1645 226.8844 1216.0000 1.7955 0.6849 0.8564 -2.7215 1.7779 4.4430 0.7058 0.1209
Car -1 -1 -1.3686 776.9888 866.8089 964.1719 1048.0673 1.5096 1.6967 3.6708 -1.0830 4.9937 19.5929 -1.4142 0.5095
Car -1 -1 2.0300 0.0000 821.6155 14.1828 929.6903 1.4516 1.7533 3.9925 -20.8077 5.6571 29.8636 1.4170 0.1383
