Pedestrian -1 -1 0.5038 0.0000 705.0323 432.5294 1216.0000 1.6603 0.7134 1.0071 -2.2334 1.9280 4.5923 -0.0956 0.6243
Pedestrian -1 -1 3.6615 0.0000 771.1323 221.1538 1210.5032 1.4346 0.6302 0.8052 -3.2569 2.0079 5.4956 3.0025 0.4794
Pedestrian -1 -1 -2.8554 973.9999 897.8011 1028.2494 1013.5934 1.4953 0.5651 0.6381 0.5740 5.4729 21.4267 -2.8139 0.2528
Pedestrian -1 -1 -2.7937 1054.5284 907.5203 1102.9858 1007.7118 1.3642 0.5986 0.5653 1.8065 5.7781 22.9638 -2.6980 0.2416
Pedestrian -1 -1 0.1478 741.7554 870.4800 807.1257 1037.4717 1.5799 0.5923 0.5835 -1.9108 4.1497 15.3450 0.0259 0.1943
Cyclist -1 -1 0.5628 0.0000 717.7010 139.0650 1216.0000 1.6697 0.8032 1.5140 -3.2896 1.9711 4.2646 -0.2756 0.2520
Cyclist -1 -1 3.7338 0.0000 770.5433 263.1743 1212.6334 1.4467 0.6830 0.8256 -3.1284 2.0168 5.4925 3.0938 0.1239
Car -1 -1 -1.3227 793.7725 854.3188 989.2256 1032.2968 1.5054 1.6763 3.6128 -0.8113 4.8115 19.6064 -1.3538 0.2520
Car -1 -1 2.0064 240.3894 853.0128 419.3184 969.1875 1.5367 1.7402 4.0431 -12.5090 6.4124 29.9079 1.6113 0.2054
Car -1 -1 0.5254 0.0000 677.5606 265.2120 1216.0000 1.5429 1.5416 3.9554 -4.0299 1.7364 3.9002 -0.4769 0.1269
