Pedestrian -1 -1 -0.6352 1374.2784 772.8066 1688.8323 1216.0000 1.6833 0.6336 0.9124 2.1252 2.2794 5.6376 -0.1705 0.7053
Pedestrian -1 -1 -2.0156 1189.6135 889.6556 1240.8289 1004.1843 1.5602 0.5790 0.5448 3.7777 5.5617 22.2656 -1.8260 0.5094
Pedestrian -1 -1 -3.2302 1112.5212 902.5342 1153.7798 1015.3080 1.4465 0.6025 0.5360 2.4134 5.4101 21.0363 -3.0966 0.2220
Pedestrian -1 -1 1.5207 51.0522 875.9056 94.5467 974.5973 1.7578 0.7028 0.5250 -17.3198 6.7203 29.1519 0.9832 0.1340
Cyclist -1 -1 -0.6146 1370.8215 770.6364 1693.2183 1216.0000 1.6897 0.6348 0.9431 2.1213 2.2755 5.6269 -0.1496 0.1821
Car -1 -1 -1.3047 935.9417 849.5352 1143.7443 1029.6383 1.4760 1.7103 3.6165 1.1079 4.6605 19.2097 -1.2308 0.3365
Car -1 -1 2.2291 0.0000 813.0195 30.4301 1004.2856 1.5641 1.9671 4.3029 -13.9088 4.1773 18.6201 1.5683 0.1554
Car -1 -1 2.2159 0.0000 827.5562 76.1461 951.5889 1.5561 1.9567 4.2675 -18.9157 5.6530 28.0540 1.6175 0.1349
Car -1 -1 -0.5592 0.0000 707.8017 92.6011 1129.6830 1.6507 1.9198 4.4398 -7.8976 2.2910 9.1687 -1.3383 0.1233
Car -1 -1 2.1354 0.0000 803.8282 2.5459 971.0847 1.6186 2.0120 4.3829 -16.1151 4.4762 21.6094 1.4805 0.1210
