Pedestrian -1 -1 -3.2074 1168.5327 882.0740 1207.9962 1005.3712 1.5750 0.5949 0.5160 3.1490 5.2032 20.7746 -3.0356 0.4152
Pedestrian -1 -1 -1.6312 1259.9556 894.7257 1297.6482 996.8240 1.3627 0.5225 0.5864 4.6792 5.4027 22.0572 -1.3986 0.3066
Pedestrian -1 -1 -0.0163 0.0000 757.8471 118.5041 946.1240 1.5612 0.9243 1.1171 -8.6191 2.8749 14.0805 -0.5985 0.1671
Pedestrian -1 -1 1.5432 1188.1204 901.6440 1216.5713 987.2873 1.3886 0.4978 0.6185 4.3189 6.4134 26.8093 1.7226 0.1266
Pedestrian -1 -1 0.4961 1167.4265 906.4601 1219.9004 1012.3439 1.5039 0.5729 0.6272 3.7129 6.0808 23.8900 0.6706 0.1221
Pedestrian -1 -1 0.0589 1181.3605 885.9377 1221.3425 1003.8369 1.5453 0.5522 0.5220 3.4372 5.3372 21.3933 0.2397 0.1157
Cyclist -1 -1 0.6293 0.0000 644.2318 348.2317 1216.0000 1.7882 0.7864 2.0586 -2.7614 1.8458 3.8748 -0.1973 0.3832
Car -1 -1 1.8099 974.9171 850.0609 1169.9409 1029.6414 1.4826 1.6327 3.5056 1.5097 4.6474 19.0951 1.9064 0.2260
Car -1 -1 2.0715 0.0000 811.5670 176.5093 925.3606 1.5647 1.9479 4.2017 -17.6044 5.5397 29.7082 1.5329 0.1704
Car -1 -1 -2.3860 0.0000 748.1057 291.1677 961.4387 1.6523 1.6781 3.9039 -8.6021 2.9096 14.0952 -2.9667 0.1397
