Pedestrian -1 -1 -1.8339 1257.7548 907.1831 1302.6112 1002.2808 1.2626 0.5152 0.6155 4.6959 5.4827 22.0415 -1.6004 0.4206
Pedestrian -1 -1 -3.2835 1173.4640 896.4667 1214.5963 1005.7243 1.4909 0.6325 0.5347 3.4736 5.6080 22.3468 -3.1085 0.3291
Pedestrian -1 -1 -3.2824 1167.8269 881.6917 1209.4916 1004.1058 1.5765 0.5852 0.5072 3.1615 5.2032 20.8201 -3.1104 0.3107
Pedestrian -1 -1 -0.0412 1181.0776 888.6002 1220.6115 1007.8124 1.5626 0.5972 0.5471 3.4258 5.3972 21.4124 0.1389 0.2176
Pedestrian -1 -1 1.4990 1190.4283 896.6855 1220.1733 981.6071 1.3733 0.4913 0.5952 4.3328 6.2613 26.5723 1.6805 0.2047
Pedestrian -1 -1 -3.1633 1185.8763 891.6116 1221.8666 1001.0353 1.5350 0.5891 0.5380 3.7203 5.6854 22.9381 -2.9816 0.1858
Pedestrian -1 -1 -1.6727 1249.7698 921.3766 1284.3453 1011.7484 1.2210 0.4679 0.6856 4.6973 5.8527 22.9936 -1.4485 0.1802
Pedestrian -1 -1 2.9973 0.0000 789.9930 129.5799 982.2072 1.5687 0.9131 1.0453 -8.5221 3.1985 14.0745 2.4216 0.1171
Car -1 -1 -1.3103 973.0433 846.1392 1176.0889 1030.6437 1.5441 1.6633 3.6212 1.5550 4.6888 19.2688 -1.2121 0.3269
Car -1 -1 0.7171 0.0000 785.8645 308.7155 993.4850 1.5760 1.6481 3.5696 -8.2936 3.2150 14.1359 0.1562 0.2056
