Pedestrian -1 -1 -2.2001 1236.9709 912.0063 1293.6177 1014.8285 1.3356 0.5695 0.6133 4.4736 5.6391 22.0211 -1.9765 0.3333
Pedestrian -1 -1 -3.1830 1170.8075 888.3625 1205.5160 1009.1030 1.5431 0.5604 0.4652 3.1468 5.2556 20.7645 -3.0113 0.2653
Pedestrian -1 -1 -3.0531 1118.2496 905.8100 1160.7710 1031.0066 1.5758 0.5885 0.5245 2.4728 5.5329 20.7202 -2.9147 0.1552
Pedestrian -1 -1 1.5382 1169.0924 907.2492 1198.0736 992.2512 1.3960 0.5109 0.5945 4.0213 6.5694 27.0723 1.7048 0.1469
Pedestrian -1 -1 2.0202 0.0000 818.6067 61.3200 934.7715 1.8319 0.6853 0.6092 -15.5954 5.1230 25.0658 1.4559 0.1260
Pedestrian -1 -1 1.8728 1173.5923 914.1262 1217.3438 1016.6570 1.4384 0.5082 0.6335 3.7020 6.0844 23.6243 2.0487 0.1139
Pedestrian -1 -1 -0.8150 26.8908 808.1208 102.2755 945.9171 1.8131 0.6855 0.5956 -12.5840 4.4298 20.9966 -1.3681 0.1077
Cyclist -1 -1 0.6077 0.0000 557.1946 445.3540 1216.0000 1.8441 0.8579 2.0295 -2.4614 1.6966 3.8521 -0.1707 0.4947
Car -1 -1 1.8356 968.7031 849.6176 1172.0570 1031.1105 1.5041 1.6611 3.6014 1.5005 4.6969 19.2692 1.9309 0.5755
Car -1 -1 2.2001 0.0000 793.6548 214.6049 970.5397 1.6899 1.8265 4.4729 -12.6255 4.3156 20.9696 1.6446 0.1653
Car -1 -1 3.6878 0.0000 824.4990 138.7295 923.4896 1.5738 1.7667 4.0242 -18.1724 5.5013 28.4887 3.1151 0.1274
