Pedestrian -1 -1 -0.0925 1162.1354 893.2305 1206.4679 1005.7189 1.4262 0.6117 0.5689 3.1040 5.2252 20.8456 0.0765 0.3154
Pedestrian -1 -1 1.4605 659.0427 852.0845 699.3840 966.6440 1.7623 0.6048 0.4681 -4.6324 5.5394 24.5511 1.2788 0.2212
Pedestrian -1 -1 -2.9849 1253.5823 899.4474 1301.0662 997.8592 1.2956 0.5468 0.5981 4.6726 5.4200 22.0987 -2.7530 0.1255
Pedestrian -1 -1 -1.3990 646.9979 847.5596 686.5611 953.8147 1.8187 0.6265 0.4444 -5.2702 5.8396 26.7779 -1.5879 0.1253
Pedestrian -1 -1 -1.6685 717.7722 859.2179 752.7341 955.8837 1.6410 0.5875 0.4552 -4.0959 5.9312 27.0892 -1.8112 0.1159
Pedestrian -1 -1 -1.4905 668.9014 852.2067 704.8949 954.6432 1.7848 0.6133 0.4238 -5.0170 5.9801 27.3608 -1.6656 0.1093
Pedestrian -1 -1 -1.9465 496.8506 871.2673 537.6935 961.4743 1.7343 0.6855 0.5056 -9.3222 6.9746 31.3991 -2.2300 0.1069
Cyclist -1 -1 -2.6550 61.6749 595.2147 926.3011 1216.0000 1.8182 0.8750 2.0061 -1.1336 1.7496 3.9636 -3.0681 0.4604
Car -1 -1 -1.5482 987.6656 852.1500 1137.0243 1038.5653 1.5475 1.7190 3.7073 1.3659 4.7408 19.0763 -1.4595 0.3186
Car -1 -1 2.2150 11.2108 814.7437 230.2620 925.6271 1.5931 1.8782 4.0844 -17.2808 5.8004 30.9933 1.7043 0.2087
Car -1 -1 2.3063 0.0000 782.0183 43.9104 972.1417 1.5326 1.9298 4.4150 -13.5182 3.6706 18.0785 1.6422 0.1283
Car -1 -1 -0.3912 0.0000 645.6837 107.1136 1216.0000 1.6393 1.7833 4.2752 -4.9574 1.7336 4.5226 -1.3873 0.1165
Car -1 -1 1.5612 505.2372 816.1710 571.6625 886.3287 1.5039 1.8885 3.9885 -13.0325 7.6788 46.1012 1.2934 0.1025
