Pedestrian -1 -1 -1.8216 1256.9509 904.8843 1301.8129 1002.3817 1.3021 0.5243 0.6020 4.6823 5.4844 22.0328 -1.5886 0.3148
Pedestrian -1 -1 -3.2264 1167.0983 887.2576 1206.0988 1010.3543 1.5786 0.5709 0.5007 3.1281 5.2792 20.7875 -3.0558 0.2256
Pedestrian -1 -1 -3.1910 1175.6639 897.6819 1211.7460 1011.9517 1.5654 0.5826 0.5161 3.4685 5.6992 22.3414 -3.0161 0.1903
Pedestrian -1 -1 1.4708 1189.3108 900.7006 1220.1577 984.9738 1.3576 0.4928 0.6274 4.3271 6.3247 26.6004 1.6519 0.1879
Pedestrian -1 -1 1.4157 1175.5043 918.7095 1215.3239 1022.5579 1.4890 0.5398 0.6435 3.6940 6.1942 23.6213 1.5913 0.1570
Pedestrian -1 -1 -2.9922 1115.4670 908.8459 1163.7157 1033.2269 1.5538 0.6038 0.5710 2.4769 5.5630 20.7443 -2.8536 0.1362
Pedestrian -1 -1 -3.0488 1182.5022 896.6517 1223.9083 1009.7386 1.5817 0.5822 0.5659 3.7219 5.8241 22.9889 -2.8674 0.1089
Pedestrian -1 -1 -2.1789 1245.6772 913.8329 1299.8903 1011.6188 1.3001 0.5311 0.6546 4.7171 5.7566 22.6634 -1.9507 0.1036
Cyclist -1 -1 0.6696 0.0000 670.7464 316.0341 1216.0000 1.7205 0.7599 1.9833 -2.8409 1.8572 3.9230 -0.1613 0.2358
Car -1 -1 1.8500 968.8346 849.5376 1175.1979 1033.1257 1.5303 1.6606 3.5900 1.5213 4.7218 19.2718 1.9463 0.4584
