Pedestrian -1 -1 -3.2082 1168.1434 897.3911 1211.7220 1015.0844 1.4683 0.6145 0.5645 3.1366 5.2731 20.5455 -3.0353 0.4917
Pedestrian -1 -1 0.9871 1181.4706 896.8293 1229.5052 1005.5734 1.5101 0.5700 0.4428 3.6987 5.6876 22.6583 1.1700 0.3787
Pedestrian -1 -1 -1.8451 1237.5696 905.0954 1293.8818 1008.8516 1.2916 0.5714 1.0459 4.4800 5.5241 22.0524 -1.6215 0.2650
Pedestrian -1 -1 -0.5609 1681.0980 830.6188 1902.7502 1082.3972 1.3867 0.6389 0.9972 5.0341 2.6850 9.1073 0.0224 0.2632
Pedestrian -1 -1 -3.2964 1147.5277 891.8541 1187.0837 1001.7220 1.5404 0.5800 0.5206 3.1193 5.6388 22.6687 -3.1397 0.1886
Pedestrian -1 -1 -2.9819 1118.4221 918.6026 1165.9448 1036.4839 1.4552 0.6105 0.5527 2.5067 5.5927 20.6940 -2.8416 0.1313
Pedestrian -1 -1 1.4473 1247.2983 901.6489 1284.3595 996.3404 1.3113 0.4984 0.6223 4.6797 5.6295 22.9992 1.6708 0.1250
Pedestrian -1 -1 0.3726 0.0000 801.5933 118.1851 987.6821 1.5146 0.8931 1.0240 -8.4648 3.2034 13.7493 -0.2117 0.1145
Pedestrian -1 -1 -1.9377 0.0000 678.2593 14.4672 1207.5753 1.7210 0.7604 0.6085 -4.0114 1.9317 5.4305 -2.7078 0.1025
Cyclist -1 -1 -1.8451 1237.5696 905.0954 1293.8818 1008.8516 1.2916 0.5714 1.0459 4.4800 5.5241 22.0524 -1.6215 0.2049
Car -1 -1 1.7545 979.2528 856.9470 1159.6671 1036.1957 1.4666 1.6133 3.5146 1.4700 4.7263 19.0957 1.8489 0.2918
Car -1 -1 0.5600 0.0000 848.5709 207.2353 944.3806 1.6022 1.6829 3.8181 -17.5129 6.2412 30.1152 0.0314 0.1360
