Pedestrian -1 -1 -2.5030 1179.5179 899.2992 1229.2891 1008.5240 1.4899 0.5940 0.4823 3.6880 5.7214 22.6820 -2.3207 0.5306
Pedestrian -1 -1 -0.1780 1169.5219 879.4937 1210.7745 1002.1270 1.5797 0.5915 0.4805 3.1784 5.1704 20.7942 -0.0050 0.3951
Pedestrian -1 -1 -1.9213 1239.5365 902.0580 1288.8328 1001.3396 1.3084 0.5328 0.6450 4.4591 5.4584 22.0379 -1.6985 0.3714
Pedestrian -1 -1 -1.5421 1228.4578 909.1960 1263.5513 1005.7819 1.3312 0.5008 0.5944 4.3833 5.7713 23.0078 -1.3317 0.1945
Pedestrian -1 -1 1.8223 1174.4382 902.6806 1218.2886 1009.4469 1.5037 0.5256 0.6598 3.7129 5.9635 23.6007 1.9988 0.1321
Pedestrian -1 -1 -3.0034 1116.0671 913.6237 1162.8309 1031.9386 1.4651 0.6207 0.5525 2.4719 5.5373 20.7180 -2.8650 0.1292
Pedestrian -1 -1 -0.1383 1178.4443 883.3473 1220.6116 999.4365 1.5268 0.6140 0.5278 3.4049 5.2801 21.3998 0.0409 0.1119
Car -1 -1 1.7846 975.6551 850.0024 1167.4818 1035.2236 1.5468 1.6683 3.4932 1.4967 4.7057 19.0682 1.8806 0.3306
Car -1 -1 -0.4321 0.0000 654.8879 163.4800 1216.0000 1.6822 1.7998 4.0657 -5.2375 1.8364 5.5029 -1.3257 0.1208
Car -1 -1 3.6068 0.0000 804.4042 294.6471 987.6139 1.4119 1.6199 3.5082 -8.5301 3.2602 14.4200 3.0432 0.1131
