Pedestrian -1 -1 0.9706 1649.4712 472.8536 1936.0000 1216.0000 1.7712 0.6263 0.5892 1.4739 1.5657 2.4078 1.9346 0.3964
Pedestrian -1 -1 -0.2311 1165.7821 888.3094 1212.2863 1004.3074 1.4761 0.5901 0.5264 3.1556 5.1853 20.7483 -0.0588 0.3559
Pedestrian -1 -1 -1.5981 1258.7249 902.2664 1293.9735 999.9095 1.2713 0.5023 0.7069 4.6589 5.4481 22.1226 -1.3671 0.2522
Pedestrian -1 -1 0.8751 1639.8180 334.3739 1936.0000 1216.0000 1.6702 0.6567 0.6308 1.2004 1.4227 1.7210 2.1868 0.1920
Pedestrian -1 -1 1.8315 1183.7628 889.7164 1229.8015 999.4832 1.5179 0.5760 0.4888 3.7259 5.5962 22.6862 2.0154 0.1853
Pedestrian -1 -1 -2.1322 1645.8784 559.2917 1936.0000 1216.0000 1.8163 0.6600 0.6676 1.8076 1.7010 3.0369 -1.3031 0.1372
Pedestrian -1 -1 -2.9254 1114.1272 919.6140 1165.7062 1034.5228 1.4046 0.6285 0.5780 2.4764 5.5623 20.7020 -2.7866 0.1151
Pedestrian -1 -1 -1.8491 0.0000 680.5324 14.7292 1212.9952 1.7276 0.7618 0.6060 -4.0051 1.9477 5.4341 -2.6177 0.1120
Car -1 -1 1.7716 978.8358 850.2881 1163.3695 1029.0492 1.4858 1.6257 3.4078 1.4817 4.6315 19.0048 1.8670 0.2473
Car -1 -1 0.5571 0.0000 845.8444 206.0540 941.9961 1.6107 1.7020 3.8182 -17.5387 6.1922 30.1063 0.0276 0.1679
Car -1 -1 -0.5516 0.0000 656.5159 170.3465 1216.0000 1.6502 1.8249 4.1437 -5.2257 1.8166 5.6840 -1.4237 0.1187
Car -1 -1 3.2453 0.0000 800.3594 308.9071 1013.0764 1.5118 1.6590 3.8984 -8.6404 3.4420 14.8552 2.6914 0.1087
