Pedestrian -1 -1 -3.1151 1309.6619 875.2002 1353.8927 985.8056 1.4622 0.5631 0.5955 5.3881 5.1600 21.7370 -2.8466 0.4539
Pedestrian -1 -1 -3.2827 1237.7953 882.2934 1278.0692 1008.1707 1.5893 0.5944 0.4747 4.0591 5.1690 20.4834 -3.0633 0.4208
Pedestrian -1 -1 -1.8505 1305.4879 887.0223 1356.2664 1004.4224 1.4874 0.5533 0.5563 5.0581 5.1273 20.4846 -1.5822 0.1942
Pedestrian -1 -1 -3.2240 1200.6547 893.0767 1241.0471 1013.4177 1.5024 0.6075 0.5093 3.5491 5.2330 20.4728 -3.0298 0.1548
Pedestrian -1 -1 -0.0663 1079.7142 887.3792 1143.0831 1074.8236 1.4861 0.6032 0.5238 1.3040 3.8331 13.0559 0.0550 0.1317
Pedestrian -1 -1 -0.5393 1558.9998 878.1073 1629.2117 1030.8820 1.4903 0.5363 0.4879 6.6984 4.2220 15.8427 -0.0984 0.1164
Pedestrian -1 -1 -0.0002 1233.4642 873.8422 1269.8041 994.8437 1.5704 0.5562 0.4897 4.0927 5.1310 21.0654 0.2150 0.1123
Pedestrian -1 -1 -3.2432 1225.3973 897.0048 1266.5531 1021.7575 1.5148 0.5826 0.4929 3.7759 5.1855 19.8567 -3.0315 0.1016
Car -1 -1 -1.2562 1024.7333 854.6704 1250.6196 1038.9796 1.4758 1.7389 3.6429 2.3386 4.7091 19.0251 -1.1135 0.9000
Car -1 -1 -2.2217 0.0000 667.6467 372.1264 1178.3942 1.6380 1.9223 3.8677 -4.7778 1.8522 6.2495 -2.9883 0.1898
