Pedestrian -1 -1 -0.1963 1357.5503 788.8834 1462.4020 1000.5728 1.6958 0.6598 0.7760 3.8712 3.1571 12.9466 0.1349 0.7432
Pedestrian -1 -1 -1.6820 1056.7855 789.0238 1109.8959 925.2175 1.6433 0.6160 0.7673 1.5740 3.8112 19.3655 -1.5836 0.7287
Pedestrian -1 -1 2.6945 1492.1034 807.7131 1614.9073 1013.1336 1.6392 0.6619 0.7877 5.0869 3.2551 12.8784 3.1186 0.7052
Pedestrian -1 -1 1.7502 742.0917 771.9903 795.2061 896.8907 1.6786 0.6434 0.6278 -2.7267 3.7975 21.2103 1.6262 0.5792
Pedestrian -1 -1 -1.3389 642.3308 780.3761 794.7599 1123.1394 1.8116 0.7310 0.7191 -1.3829 2.7479 8.6269 -1.5161 0.5439
Pedestrian -1 -1 1.4969 924.6174 770.4395 948.7661 827.1610 1.6464 0.6971 0.6342 -0.7504 6.1093 45.5130 1.4928 0.5024
Pedestrian -1 -1 -2.7332 350.0723 763.8279 428.2866 939.4721 1.7760 0.7081 0.5559 -6.1325 3.3010 16.0541 -3.1150 0.3812
Pedestrian -1 -1 -2.5802 1021.5745 796.8517 1077.2633 853.1187 1.0578 0.4951 1.0893 1.8738 4.7777 31.8289 -2.5067 0.2179
Cyclist -1 -1 -2.6306 1021.0585 795.5649 1082.5431 852.1516 1.0606 0.4905 1.2266 1.9253 4.7575 31.8504 -2.5555 0.1990
Cyclist -1 -1 -0.3404 1486.8872 809.5228 1609.6244 1015.9969 1.6395 0.6681 0.8272 5.0466 3.2768 12.8956 0.0802 0.1215
Cyclist -1 -1 -0.1327 1360.0459 788.9037 1466.1467 1002.9489 1.7047 0.6643 0.8209 3.8956 3.1687 12.9418 0.2005 0.1094
Cyclist -1 -1 -1.6815 1055.4604 788.4260 1108.4843 925.5648 1.6530 0.6125 0.8190 1.5607 3.8225 19.4257 -1.5841 0.1026
