Pedestrian -1 -1 -0.3160 1392.6724 759.9334 1522.4048 980.6400 1.7374 0.7125 0.8789 4.1684 2.9102 12.6105 0.0478 0.7525
Pedestrian -1 -1 -1.6311 1055.7833 747.2170 1105.2003 886.4675 1.7428 0.6194 0.7351 1.5691 3.3901 19.7604 -1.5349 0.7154
Pedestrian -1 -1 2.5444 1525.8568 758.8308 1651.1250 988.7480 1.8068 0.6964 0.7167 5.2781 2.9721 12.6136 2.9916 0.6736
Pedestrian -1 -1 -1.4598 638.0516 734.6352 773.7050 1074.6136 1.8415 0.7176 0.7224 -1.4747 2.5111 8.7379 -1.6473 0.6725
Pedestrian -1 -1 1.7663 734.8821 738.4290 793.6962 875.2742 1.7901 0.6689 0.7512 -2.7090 3.3856 20.6188 1.6385 0.5946
Pedestrian -1 -1 2.6619 1404.2888 739.9362 1528.7136 987.5173 1.8094 0.6911 0.6935 3.9276 2.7359 11.6633 3.0349 0.4068
Pedestrian -1 -1 2.4135 1526.8127 734.3295 1650.1041 994.2308 1.9073 0.6335 0.6320 4.8959 2.7918 11.6953 2.8645 0.2372
Pedestrian -1 -1 2.7205 1406.8008 781.8125 1535.3090 957.2865 1.4735 0.6667 0.9208 4.6059 2.9327 13.5507 3.0910 0.2139
Pedestrian -1 -1 2.3792 1611.8931 756.8854 1733.9872 1004.5146 1.7991 0.6464 0.5791 5.5412 2.8627 11.6644 2.8810 0.1885
Cyclist -1 -1 -0.2700 1397.5255 759.8845 1526.6250 981.5340 1.7392 0.7105 0.8960 4.2072 2.9137 12.6146 0.0967 0.1553
